0.476912
0.476912
0.476912
0.218435
0.0973422
0.297813
0.904579
0.904579
1.01898
1.26431
0.42429
0.42429
0.377989
1.18046
0.616091
0.616091
1.18867
0.760296
0.472549
0.472549
0.472549
0.600488
0.600488
0.00872036
0.00872036
0.00872036
0.072836
0.072836
0.142538
0.142538
0.145709
0.145709
0.15558
0.353301
0.353301
0.995669
0.00664634
0.303279
0.0488316
0.0488316
0.445052
0.507938
0.126975
0.126975
0.126975
0.767674
1.35155
0.613534
0.109104
0.57169
0.833869
0.833869
1.15467
1.16074
0.528341
1.43762
1.96909
1.96909
1.25954
1.25954
0.523002
0.743088
0.361694
0.0676404
0.0676404
0.0676404
0.357059
0.857427
0.61323
0.537239
0.395096
0.558022
0.558022
0.558022
1.4953
1.85321
1.75257
1.09868
1.47319
1.47319
1.37906
1.62611
1.76998
1.31677
0.647081
0.647081
0.565642
0.581095
0.581095
0.21521
0.21521
0.21521
0.21521
0.21521
1.09705
1.09705
1.09705
0.348411
0.766062
0.191687
0.191687
0.191687
0.260128
0.260128
0.260128
0.223052
0.223052
0.241505
0.241505
0.241505
0.241505
0.241505
1.13338
0.908293
1.22445
0.241001
0.701366
0.506785
1.26082
1.42289
1.03492
0.638384
0.635254
1.29038
0.36494
0.36494
0.36494
0.394348
0.394348
0.394348
0.394348
0.317897
1.07936
1.07936
0.17837
0.17837
0.17837
0.216571
0.976413
0.761792
0.761792
0.0671418
0.0240215
0.813239
0.813239
0.813239
1.70839
0.731659
0.731659
1.04463
0.541685
1.10897
0.402645
0.291453
0.291453
0.291453
0.291453
0.291453
0.291453
0.291453
0.291453
0.291453
0.291453
0.596381
0.596381
1.52427
1.52427
2.02835
2.0727
2.91341
3.63007
3.672
3.27225
3.20715
3.20715
3.41169
3.41169
4.03257
4.03257
3.64485
4.19646
5.15034
5.15034
5.15034
5.15034
5.85645
5.36475
5.36475
4.43298
4.43298
4.16818
3.71716
3.7246
3.52164
3.55623
3.55623
3.85845
4.16816
4.40399
4.40399
4.40399
4.1339
3.98046
4.11233
4.11233
4.35596
4.40799
3.5012
3.5012
2.53246
2.59707
3.39742
3.39742
3.39742
4.27153
3.33308
3.52076
3.89539
2.95749
2.06545
1.96187
1.776
2.0346
1.8218
2.78478
2.85328
2.44244
2.25947
1.72221
1.72221
1.72221
1.72221
1.3097
1.66544
0.767705
1.55075
0.734802
1.15557
0.675228
0.675228
0.675228
1.06191
0.954473
0.954473
1.33957
0.582183
0.582183
0.762562
0.762562
0.921098
0.759103
0.759103
0.937958
0.686888
0.686888
0.686888
1.03993
0.415608
0.111233
0.111233
0.111233
0.542349
0.542349
0.168901
0.168901
0.168901
0.168901
0.168901
0.168901
0.732856
0.875954
0.0188183
0.0188183
0.0188183
0.0188183
0.642486
0.682325
0.682325
0.789861
0.306764
0.306764
0.306764
0.306764
0.306764
0.306764
0.306764
0.306764
0.306764
0.306764
0.306764
0.306764
0.306764
0.258086
0.154677
0.154677
0.154677
0.154677
0.52744
0.52744
0.199061
0.199061
0.199061
0.199061
0.199061
0.714019
0.395063
1.2504
2.13598
2.35694
2.77259
2.53402
2.53402
1.94064
2.90281
3.74181
3.70635
2.81091
2.81091
2.40749
2.28636
2.47228
2.72798
2.72798
2.17896
2.2951
1.64126
2.35251
2.25991
1.28536
0.820127
0.820127
0.363562
0.304388
0.304388
0.304388
0.0502112
0.877177
0.503222
0.112068
0.112068
0.112068
1.04481
0.516784
0.890294
1.08422
1.55324
0.684527
0.684527
0.913453
1.20709
1.90188
1.91375
1.28535
1.11801
1.76963
1.41168
1.59723
1.59723
1.59723
0.878636
0.268403
0.268403
0.268403
0.464947
0.464947
0.464947
0.746034
0.124152
0.128243
0.128243
0.714091
0.00266054
0.00266054
0.424285
0.424285
0.163345
0.163345
0.163345
0.163345
0.362031
0.362031
0.362031
0.0483995
0.0483995
0.151534
0.151534
0.151534
0.151534
0.151534
0.135957
0.10884
0.10884
0.10884
0.10884
0.432005
1.29843
1.29843
0.430838
1.19588
0.997206
0.812561
0.756702
1.33028
2.21866
2.44669
2.44669
2.44669
1.98093
2.4544
2.99784
2.15992
1.85608
1.45758
1.45758
1.45758
0.503771
0.538564
0.538564
1.2533
1.79797
1.79646
2.23026
2.23026
2.20219
2.71556
2.71556
2.61647
2.9944
2.77104
3.24707
4.1332
4.1332
3.67839
3.67839
4.24969
4.24969
3.57754
3.22719
2.42023
2.42023
1.43115
1.43115
1.94294
1.94294
1.01837
0.246218
1.14643
0.908816
0.624985
1.10234
1.10234
1.03366
1.03366
0.630073
0.630073
1.13183
1.80674
1.80674
1.01474
0.534601
0.534601
1.22346
1.22346
0.273452
0.273452
0.273452
0.931298
0.315764
0.989519
0.85401
0.745774
0.745774
0.745774
0.00247902
0.111432
0.111432
0.111432
0.111432
0.111432
0.596877
1.05373
0.699494
0.699494
0.699494
0.560102
0.560102
0.0083247
0.025464
0.025464
0.0347512
0.0347512
0.0347512
0.0347512
0.0347512
0.0347512
0.0347512
0.0347512
0.0347512
0.0347512
0.0347512
0.0347512
0.0347512
0.0347512
0.0347512
0.0347512
0.0347512
0.0347512
0.0347512
0.0347512
0.0347512
0.559041
0.559041
0.54113
1.23097
1.23097
1.23097
0.50721
0.50721
0.326028
0.326028
0.326028
0.0579621
0.0579621
0.0579621
0.0579621
0.410414
0.410414
0.410414
0.286314
0.335797
0.335797
0.335797
0.335797
0.335797
0.881814
0.15693
0.15693
1.15443
1.15443
1.81847
1.2938
1.22552
1.19114
1.19114
1.19114
0.999439
0.362295
1.33129
1.33129
1.94269
2.04637
2.04637
2.92371
3.66628
3.66628
2.97668
2.7905
2.7905
2.7905
3.42119
4.20573
4.29843
4.85737
4.736
4.736
5.00177
4.54381
3.56807
3.48459
3.48459
3.88429
3.38891
4.31468
4.61959
4.61959
4.61959
3.77933
3.51926
2.88588
2.21107
2.2566
1.95534
1.40899
1.28609
1.28609
0.500754
0.500754
0.500754
0.646507
0.646341
0.163992
0.163992
0.56127
0.56127
0.928159
1.0659
0.137124
0.151363
0.151363
0.151363
0.0264695
0.615777
0.615777
0.712952
0.712952
0.712952
0.712952
1.1119
1.1459
1.1459
1.81126
1.81126
1.55511
1.41678
0.432508
0.432508
0.641693
1.0371
1.87651
0.908047
1.4028
0.428077
0.0867459
0.0867459
0.0867459
0.0867459
0.0867459
0.0867459
0.0867459
0.0867459
0.0867459
0.503501
0.503501
0.0975377
0.0975377
0.0975377
0.0204938
0.0204938
0.820749
0.559327
0.559327
0.343398
0.343398
0.343398
0.343398
0.343398
0.343398
0.0925553
0.932266
0.535166
0.535166
1.13162
0.260644
0.133485
0.133485
0.133485
0.133485
0.302187
0.302187
0.302187
0.302187
0.302187
0.323754
0.323754
0.323754
0.323754
0.743263
0.463068
0.463068
0.463068
0.399348
0.399348
0.399348
0.984039
0.984039
1.86512
0.896721
1.4724
1.55453
1.22089
1.24288
1.0747
0.414772
0.65454
0.65454
0.96198
0.170642
1.07853
0.893886
0.146671
0.146671
0.735931
0.183309
0.768905
0.768905
0.768905
0.768905
0.0591835
0.405875
0.405875
0.164847
0.164847
0.704341
0.685814
0.518351
0.64881
0.64881
1.23674
0.316945
0.698784
0.607456
0.607456
0.607456
0.647608
0.542864
0.136862
0.68006
0.68006
0.68006
1.11386
1.11386
1.11386
1.60281
0.879307
0.879307
0.122939
0.122939
0.946568
0.154834
0.154834
0.782314
1.00314
0.251374
0.251374
0.251374
0.251374
0.251374
0.248772
0.460238
1.31108
1.33591
0.491668
0.491668
0.491668
0.491668
0.264851
0.264851
0.264851
0.264851
0.368791
0.368791
0.368791
0.368791
0.368791
0.368791
0.368791
0.368791
0.475869
0.736644
0.736644
0.852515
0.620405
0.620405
0.278505
0.398923
0.398923
0.398923
0.398923
0.0894449
0.0894449
0.144675
0.144675
0.144675
0.144675
0.144675
1.12075
1.12075
1.91008
2.11103
2.11103
2.11103
2.70146
1.94585
1.36426
1.83958
2.58647
2.71551
2.71551
2.02153
2.08297
2.63015
2.83281
2.27097
2.27097
2.71708
1.81327
1.71145
1.73829
2.19589
2.02312
1.12942
0.20229
0.20229
0.560067
0.521064
0.521064
0.736384
0.409818
1.03459
1.4761
1.32406
1.88127
2.14033
2.14033
2.7464
2.28188
2.29687
2.29687
2.29687
2.64586
2.02957
2.02957
1.72104
1.26175
0.42307
0.0231269
0.0231269
0.634878
0.634878
0.272241
0.272241
0.272241
1.00897
0.783775
0.32218
0.134847
0.134847
0.134847
0.134847
0.134847
0.134847
0.634322
0.634322
0.634322
0.256102
0.111355
0.111355
0.328798
0.328798
0.119675
0.800011
0.977312
1.51233
0.585957
0.585957
0.504546
0.337842
0.125185
0.198907
0.198907
0.198907
0.0105802
0.0105802
0.0105802
0.22584
0.22584
0.22584
0.492433
0.895499
0.0230254
0.0230254
0.0230254
0.299618
1.04065
1.04065
0.462744
0.462744
0.462744
0.462744
0.462744
0.16198
0.16198
1.0253
0.0825014
0.49638
0.49638
0.49638
0.49638
0.108324
0.842452
0.842452
0.842452
0.842452
0.842452
0.842452
0.842452
0.824838
0.217072
0.711597
0.711597
0.102245
0.102245
0.307247
0.307247
0.307247
0.307247
0.841829
0.981599
1.69623
2.35322
1.62899
1.80636
1.14551
0.789195
1.05022
0.129804
0.129804
0.15866
0.436533
0.436533
0.661007
1.14324
1.02565
1.98625
1.87091
2.16846
1.88397
1.25661
0.567888
0.567888
0.567888
0.858679
1.13338
1.13338
0.788534
0.580754
1.1484
1.64585
1.67224
0.836145
1.03534
1.03534
1.31651
1.42443
1.24421
1.24421
0.909138
0.909138
0.249585
0.249585
0.249585
0.644154
0.740758
0.978117
0.978117
1.84442
1.87626
1.87626
1.93611
1.75841
1.94239
1.94239
2.36969
2.34196
2.34196
1.34738
2.08417
2.74689
3.66904
2.78081
2.61188
1.84512
2.03498
1.77009
1.50079
1.50079
1.96961
1.72492
1.40745
1.60962
1.00583
1.91811
1.69544
0.782207
0.256324
1.03508
0.233214
0.62695
0.62695
0.62695
0.62695
0.968915
0.142348
0.142348
0.142348
1.08506
0.15424
0.15424
0.15424
0.15424
0.15424
0.11988
0.11988
0.11988
0.0638669
1.02552
0.342071
0.882204
1.595
1.79075
1.66032
1.66032
2.28099
2.42013
2.42013
2.3685
1.54057
1.56722
1.56722
1.56722
0.622116
0.296655
0.259285
1.1882
0.529949
0.529949
0.529949
0.829998
0.493488
1.34112
1.03905
0.991271
0.991271
1.65244
1.65244
1.56232
1.56232
2.45877
1.60485
2.18009
2.66965
2.66965
2.66965
3.23469
3.2315
2.51534
2.21423
1.56358
1.56358
1.57018
1.57018
1.44817
0.462732
0.774189
0.123301
0.695349
0.567836
0.567836
0.341116
0.497898
0.415394
0.0152475
0.0939005
0.0939005
0.0939005
1.04068
0.891302
0.841546
0.841546
1.29609
1.41893
1.38243
0.433429
0.509885
0.509885
0.509885
0.00475305
0.00475305
0.00475305
0.947238
1.1513
0.563173
0.807964
0.431793
0.431793
0.431793
1.20111
1.55836
1.44552
1.5421
1.25151
0.253239
0.781792
0.781792
0.198725
0.198725
0.198725
0.198725
0.198725
0.198725
0.198725
0.262887
0.541584
1.16628
0.409184
0.409184
0.378684
0.378684
0.866554
0.866554
1.74828
2.21752
1.34807
1.78966
1.26262
0.622631
0.622631
1.1799
1.42136
1.22906
1.47244
0.990039
0.716033
0.716033
1.41489
1.41489
1.08157
1.86513
2.08977
2.08977
2.6582
2.33166
1.74815
2.20329
1.8464
1.49932
1.29074
1.2294
1.30698
0.873323
0.244597
0.244597
0.534321
1.16075
0.435768
0.435768
0.435768
0.241604
0.241604
0.241604
0.27196
0.27196
0.27196
0.146206
0.368558
0.368558
0.287651
0.287651
0.287651
0.12059
0.12059
0.890655
0.705047
1.2119
0.289507
0.551193
1.19522
1.19522
0.944844
1.71712
2.62492
3.36374
2.39879
2.18563
1.30787
0.508171
0.508171
1.15924
0.677026
0.677026
0.677026
0.677026
0.219514
0.219514
0.560386
1.44852
1.05258
0.876327
0.876327
1.16427
0.323386
0.752497
0.472849
0.472849
0.00131704
0.464017
0.0893156
0.0893156
0.0522278
0.0522278
0.0522278
0.0522278
0.0522278
0.0522278
0.0522278
0.0522278
0.0522278
0.0522278
0.327747
0.365487
0.488826
0.411752
0.411752
0.411752
0.411752
0.411752
0.411752
0.940019
0.940019
0.940019
1.25239
0.898782
0.851263
1.483
1.99649
1.57581
0.784181
0.00468599
0.00468599
0.269593
0.269593
0.42424
0.42424
0.42424
0.148312
0.148312
0.148312
0.148312
0.148312
0.131919
0.131919
0.15461
0.0277872
0.0277872
0.0769009
0.0769009
0.643768
0.643768
0.643768
0.643768
1.08165
1.395
2.0348
2.0348
2.48765
3.38291
2.64714
3.52092
3.52092
3.52092
3.52092
3.32013
3.13428
2.70161
2.70161
2.70161
1.7136
1.86308
2.43936
1.87115
1.48966
0.905463
1.23449
1.01386
0.614048
1.0624
0.696338
0.696338
0.696338
0.696338
0.696338
1.60196
0.988765
0.988765
1.76539
1.18729
1.03498
0.736249
0.640032
0.566611
0.00807153
0.307518
1.16715
0.892651
0.46189
0.46189
0.871959
0.871959
1.03921
1.24874
0.768372
0.768372
0.768372
1.55426
0.688577
1.5522
1.49785
1.07501
0.738079
1.36462
1.9026
1.73419
1.14168
0.296351
0.296351
1.23114
1.99196
1.81454
2.42674
2.36117
2.36117
1.8467
1.37947
1.37947
1.37947
1.37947
1.16313
0.730752
0.730752
1.18335
0.685027
0.668392
0.443695
0.443695
0.715559
0.314518
1.08012
0.459823
0.890345
0.100341
0.100341
0.60664
0.540796
1.34024
0.752647
0.0857694
0.0857694
0.0857694
0.884237
0.305295
0.461714
1.18758
0.631687
1.03129
1.25458
1.39633
2.09342
2.09342
2.88416
2.73333
2.57127
2.57127
3.52214
2.61046
1.80387
2.28918
2.48093
2.48093
1.97547
1.01102
1.08294
0.49115
0.917713
1.53008
1.53008
0.834442
0.834442
0.834442
1.23597
0.598721
0.598721
0.598721
0.523443
0.671846
0.809668
1.12025
0.293415
0.320487
1.16755
0.193612
1.03282
1.0857
1.5699
1.1209
1.1209
1.1935
1.1935
0.694459
0.486591
0.727412
0.727412
0.857977
1.09028
0.515204
1.09192
0.170419
0.170419
0.170419
0.121439
0.266321
1.0675
1.0675
1.36324
1.36324
1.91536
2.7091
3.0316
2.15518
2.15518
2.86662
2.86662
2.94805
2.76369
2.76369
2.9424
3.22919
2.56574
2.8603
3.19418
2.21998
2.21998
1.53443
2.08704
1.84446
1.36298
0.988751
1.79792
2.11426
1.49535
1.49351
2.26883
1.61375
2.28509
1.85305
1.85305
1.85305
1.75381
1.69343
0.74782
0.635415
1.11865
1.11865
1.6318
1.93631
1.93788
2.21756
1.66731
1.3198
0.774336
0.816552
0.997494
1.56496
1.56496
1.16877
1.97792
2.15594
1.1672
1.20197
0.830992
1.14169
0.301936
0.301936
0.301936
0.301936
0.308212
0.405951
0.628167
0.921111
1.01129
0.72499
0.389667
0.507249
0.592161
1.39158
0.611637
0.611637
0.480597
0.480597
0.480597
0.232137
0.232137
0.442202
0.442202
0.442202
0.442202
0.533601
0.533601
0.640603
0.457664
0.457664
0.470757
0.364765
0.117813
0.117813
0.261933
0.0566397
0.0566397
0.93015
1.44446
1.49149
1.21959
0.239542
0.694838
1.60336
1.60336
2.11087
1.21456
1.21456
2.14829
2.32478
1.95386
2.92994
2.92994
3.6118
3.6118
3.16179
3.16179
2.29985
1.86218
1.86218
1.74507
1.04705
1.04705
1.09702
0.941708
0.645717
0.185917
0.185917
1.05732
1.05732
0.823914
0.483184
0.483184
0.209869
0.209869
0.209869
0.209869
0.640826
0.877708
0.216879
0.605628
0.605628
0.605628
0.605628
0.68869
0.532557
0.532557
0.532557
1.12417
1.10697
1.13807
1.38677
0.458196
0.458196
0.458196
0.458196
0.271576
1.03991
0.468001
0.468001
1.04577
1.2747
1.2747
0.567137
0.281882
0.281882
0.281882
0.205862
0.205862
0.0775048
0.0775048
0.0775048
0.492403
1.23768
0.66992
0.519808
0.415074
0.415074
0.415074
0.415074
0.415074
0.396578
1.14094
2.02181
1.57504
2.22062
1.73105
0.835161
0.683599
0.683599
0.905366
0.711867
0.0204885
0.0204885
0.0204885
0.0204885
0.0204885
0.0204885
0.0204885
0.0204885
0.0204885
0.0204885
0.206745
0.907639
1.25223
1.3593
1.3593
1.12897
1.09436
0.108089
0.108089
0.108089
0.108089
0.108089
0.108089
0.108089
0.108089
0.108089
0.108089
0.108089
0.108089
0.108089
0.108089
0.108089
0.108089
0.108089
0.108089
0.465021
0.465021
0.465021
1.32824
0.868373
0.419345
0.419345
0.359278
0.359278
0.359278
0.359278
0.359278
0.359278
0.549308
0.549308
0.855619
1.09984
0.405494
0.0822064
0.0822064
0.541795
1.21499
0.73128
1.58142
0.630195
0.630195
0.630195
0.30247
0.30247
0.0276734
0.807349
0.928802
0.947988
1.62272
1.48453
1.33087
2.08612
1.50062
1.73366
1.73366
0.922736
0.748599
0.748599
0.495651
1.1479
1.57749
1.5414
1.5414
0.908143
1.25078
0.80924
0.352705
0.376152
0.376152
0.376152
0.706505
0.793913
1.78751
1.42526
0.793323
0.763391
0.818642
0.58154
1.36427
0.42523
0.537638
1.5165
1.5165
2.09835
2.70746
2.68735
2.68739
2.68739
2.68739
2.02539
1.81674
1.81674
1.12001
1.07353
0.884266
0.201385
0.569074
0.569074
1.56062
1.69847
1.70248
1.1902
0.603531
0.603531
0.53973
0.475039
0.228467
0.228467
0.228467
0.171637
0.171637
0.0857731
0.00974566
0.00974566
0.00974566
0.00974566
0.00974566
0.548917
0.601198
0.768064
0.768064
1.04465
1.04465
1.04465
0.542006
0.665662
0.765329
0.765329
0.765329
1.1957
0.540929
0.827459
0.361455
0.361455
0.444915
0.304749
0.579334
0.579334
0.579334
0.579334
1.40034
1.40034
0.917326
0.0714468
0.430806
0.417199
0.117931
0.117931
0.117931
0.412487
0.412487
0.412487
0.412487
1.2487
0.702909
0.702909
0.580295
0.580295
0.580295
0.580295
0.623269
0.717028
0.717028
1.58479
0.792756
0.792756
0.819502
0.0473887
0.0473887
0.905707
0.905707
1.0674
0.120866
0.120866
0.120866
0.120866
0.120866
0.218657
0.218657
0.884152
1.44941
1.44941
1.39139
2.17254
2.07748
1.79561
1.79561
1.04881
0.329623
0.329623
0.329623
0.329623
0.329623
0.0446318
0.273581
0.273581
0.273581
1.27289
1.13476
1.70456
1.87086
2.76121
2.22061
2.22061
1.82398
1.55122
1.55122
1.82711
2.35911
1.44138
0.926661
0.125016
0.125016
0.0517864
0.914449
0.87179
0.87179
1.26316
0.990267
1.09678
0.497934
0.497934
0.0577023
0.0577023
0.0577023
0.330518
0.330518
0.178931
0.178931
0.78012
1.04636
1.22962
1.22962
1.22962
0.700072
0.700072
0.700072
0.136863
0.228301
0.228301
0.228301
0.742873
0.651436
0.88309
0.461616
0.814318
0.814318
0.971
0.971
0.941236
0.327548
0.717483
0.717483
0.717483
0.0999436
0.0999436
0.0999436
0.0999436
0.0999436
1.08082
1.63814
1.58356
0.615915
0.0760709
0.984909
0.315999
0.179269
0.745682
0.913993
0.913993
0.12567
0.251273
0.251273
0.251273
0.251273
0.493003
0.172672
0.172672
0.172672
0.172672
0.172672
0.172672
0.172672
0.244956
0.244956
0.802519
0.802519
0.811095
0.312852
0.312852
0.312852
0.312852
0.312852
0.312852
0.312852
0.312852
0.603352
1.23684
1.11217
0.623173
1.16318
0.480503
0.480503
0.589672
0.589672
0.194753
0.194753
0.194753
0.194753
0.194753
0.194753
0.194753
0.194753
0.0453583
0.344604
0.21168
0.21168
0.386855
0.0970596
0.165367
0.0249866
0.0249866
0.0249866
0.0249866
0.0249866
0.371327
0.371327
0.87651
0.141618
0.141618
0.141618
0.0510013
0.0510013
0.0510013
0.0510013
0.0305528
0.0305528
0.0305528
0.0305528
0.156105
0.229671
0.234137
0.234137
0.234137
0.234137
0.234137
0.0301703
0.0301703
0.0301703
0.0301703
0.0836691
0.0836691
0.0836691
0.0836691
0.0836691
0.167506
1.01653
1.65514
1.4109
1.05809
2.04173
2.57556
3.46897
2.96974
2.25763
2.00625
2.68217
3.41436
3.69437
3.32771
3.32771
3.23245
2.82156
2.04811
1.84577
2.31717
2.60814
3.40225
2.6924
3.3625
3.29599
2.93792
3.0932
2.25193
2.25193
2.05666
2.12057
2.28863
1.66724
1.84459
1.3375
1.97411
1.94346
1.27334
0.378325
0.378325
0.378325
0.378325
0.378325
0.378325
0.94565
0.260701
0.834402
0.0613477
0.0613477
0.0571503
0.0571503
0.0571503
0.0571503
0.31227
0.31227
0.31227
0.31227
0.866818
0.85288
0.85288
0.85288
0.142042
0.0517489
0.0517489
0.0517489
0.723948
0.723948
0.398663
0.398663
0.398663
0.398663
0.557931
0.557931
0.557931
0.710361
0.266751
0.266751
0.820907
0.471838
0.471838
0.53758
0.53758
0.53758
0.53758
0.53758
0.0316401
0.0316401
0.506723
0.338443
0.338443
0.338443
0.266511
0.266511
0.266511
0.764204
1.57573
0.92334
1.69867
2.00629
1.20339
1.42837
2.27185
1.40222
0.8072
0.8072
0.83225
0.148404
0.209015
0.209015
0.64074
0.91283
0.896438
0.761691
1.15627
0.88665
0.631313
0.702656
1.09782
0.291656
0.291656
0.291656
0.291656
0.291656
0.730274
0.730274
0.11329
0.293394
0.293394
0.293394
0.220929
0.220929
1.05035
0.853868
0.853868
0.853868
1.74481
0.918604
0.343993
0.343993
0.424965
0.255858
0.255858
0.255858
0.156265
1.11262
1.45082
1.56436
1.41045
0.428088
1.02729
1.01172
1.01172
1.11982
0.732817
1.28239
1.28239
1.30445
1.682
1.74634
1.40109
1.40109
1.40109
0.515357
0.216422
0.216422
0.0253785
0.55367
0.55367
0.55367
0.55367
0.388258
0.112888
0.112888
0.939166
0.0301312
0.0301312
0.682066
0.682066
0.627621
0.627621
0.537096
0.537096
0.202989
0.361859
0.91971
0.35574
0.35574
0.893577
0.893577
0.0777532
0.0777532
0.0777532
0.233353
0.233353
0.233353
0.233353
0.233353
0.233353
0.233353
0.233353
0.0488612
0.533788
0.533788
0.419436
0.419436
0.419436
0.522467
0.0796393
0.823024
0.392215
0.392215
0.876765
0.814456
0.916523
1.73866
1.87668
1.66086
0.785625
0.60723
0.238934
0.238934
0.238934
0.573099
0.573099
0.196137
0.196137
0.196137
0.196137
0.196137
0.192217
0.1205
0.1205
0.289898
0.656046
0.732652
0.732652
0.732652
0.732652
0.59028
0.445024
0.29855
1.08825
0.929638
0.899866
1.29961
0.666607
0.994298
0.452469
0.551085
0.653009
1.56854
1.56854
1.39526
1.86368
1.86368
2.23657
3.10412
3.10412
2.48634
1.59598
0.707748
0.315795
0.0873234
0.0873234
0.645095
0.593156
0.593156
0.576377
0.0282244
0.0282244
0.0282244
0.0282244
0.0282244
0.280419
0.605842
0.296685
0.316886
0.827617
1.57499
1.57499
1.49308
1.88585
1.88585
1.57327
1.90357
2.22878
1.66765
0.776213
1.30409
0.608826
0.608826
1.0716
1.33315
1.33315
1.71223
0.840078
0.478739
0.478739
0.478739
0.431246
0.431246
0.244017
0.244017
0.602281
0.602281
0.602281
0.602281
0.0182896
0.592643
0.592643
0.592643
0.592643
0.694013
1.60982
1.23757
0.409405
1.03948
0.837157
0.708131
0.708131
0.708131
0.491438
0.750461
0.750461
1.33368
0.807903
0.807903
0.601746
0.589265
0.659645
0.659645
1.22028
1.10504
1.1374
0.942053
0.942053
1.10843
0.410156
0.481434
0.481434
0.481434
0.123868
0.123868
1.05356
1.13647
1.53505
2.04077
2.43112
2.1303
2.57518
1.80788
1.80788
1.33266
1.21749
0.640825
0.689615
1.54747
1.18558
0.238962
0.0709773
0.261356
0.261356
0.261356
0.587445
0.630195
0.527368
0.527368
0.527368
0.475284
0.475284
0.475284
0.431877
0.431877
1.20635
1.30968
0.86683
0.86683
0.924597
0.690338
0.690338
0.690338
0.690338
1.11302
1.11302
1.35501
1.71931
1.15013
0.620003
0.932256
1.44853
0.596131
1.08318
0.235232
0.845791
0.617028
0.697686
0.697686
1.19634
1.18411
1.53355
1.53355
1.46842
2.088
1.67411
1.67411
1.78327
2.56926
1.72508
2.45728
1.88527
1.20235
0.98213
0.98213
0.697546
0.390722
0.110196
0.0688244
0.891766
1.2097
1.2097
0.827079
0.827079
1.69515
0.948175
0.022272
0.022272
0.022272
0.321655
0.321655
1.11997
0.776956
0.776956
1.73807
1.99961
1.92853
0.934801
1.09026
1.09026
0.843288
0.355557
0.244314
0.772683
0.772683
0.772683
1.0413
1.10464
1.03261
1.03261
0.0368301
0.0368301
0.0368301
0.644564
0.235371
0.871435
0.0251315
0.0251315
0.0251315
1.0016
0.277038
0.958397
1.00641
0.251798
0.682458
0.682458
0.36493
0.36493
0.36493
0.624868
0.936355
0.124498
0.124498
0.0209172
0.0209172
0.213612
1.02203
0.430115
0.430115
0.94754
0.791776
1.47311
2.1429
1.91781
2.114
2.114
1.85912
2.09864
3.06263
2.38984
2.05187
1.64766
1.92432
1.92432
1.03681
1.03681
0.227361
0.227361
0.369312
0.369312
0.132423
0.880783
0.880783
1.46928
0.679615
0.0730879
0.0730879
0.0730879
0.0730879
0.0730879
0.893355
1.84359
2.45689
2.45689
1.62617
0.861975
0.861975
0.40885
0.397391
1.34024
2.10543
2.80456
2.80456
2.80456
2.52223
2.52223
2.52223
1.75429
1.75429
1.60572
0.953754
1.12133
0.711104
0.711104
1.21214
1.93907
1.66896
1.89956
1.21362
1.75304
1.75304
1.47553
1.99925
1.17508
1.79197
1.79197
0.938869
1.73956
1.33145
0.409362
0.267406
0.0283577
0.0283577
0.23006
0.456309
0.430055
0.86964
0.86964
0.904777
0.904777
0.504906
0.504906
0.504906
0.0621512
0.176754
0.873514
0.0969849
0.0969849
0.0969849
0.0969849
0.0969849
0.0969849
0.0969849
0.0969849
1.05248
1.20885
1.37814
2.35517
1.64014
2.57332
2.57332
3.27427
2.96194
2.97927
2.29016
2.29016
3.25931
3.63348
3.84707
3.30912
2.84873
2.10711
2.40033
2.89693
2.89693
3.26304
3.26304
2.54781
2.65956
2.00893
1.28364
0.296374
0.866559
0.420847
0.208495
0.208495
0.208495
0.208495
0.208495
0.440014
0.18136
0.18136
0.18136
0.106512
0.106512
0.106512
0.106512
0.106512
0.730683
1.41857
1.51174
1.51174
1.51174
1.21872
1.42088
1.42088
1.20064
2.09363
2.15956
2.15956
1.97262
1.97262
1.97262
1.67082
1.67082
1.67082
0.806386
1.51954
0.814526
0.569858
0.902869
0.17832
0.17832
0.17832
0.17832
0.17832
0.944333
1.52476
2.47069
2.50426
1.62305
2.59262
2.2623
1.79507
1.85351
1.26905
1.11105
1.55239
1.47699
1.47699
1.47699
0.867574
1.52866
1.52866
1.59009
1.62642
1.62642
2.49173
2.06302
1.82655
1.82655
1.82655
2.80337
2.16499
2.36891
2.36891
2.36891
2.46099
2.84401
3.17328
3.17328
3.51325
3.18944
3.63469
4.10265
4.75405
4.81428
4.86742
4.86742
4.86742
4.86742
4.88048
4.88048
4.5913
4.59885
3.80799
4.05681
3.52073
3.52073
3.52073
3.60549
3.32388
2.40948
2.01348
1.59214
1.48274
1.18674
2.15012
1.23415
1.08515
1.08515
0.729124
0.205773
0.205773
0.205773
0.205773
0.205773
0.449628
1.38145
2.35261
1.40907
0.723266
1.53755
1.60971
2.03438
2.01021
1.80036
2.59425
2.6172
2.57774
2.39988
2.83814
3.31
3.31
3.31
2.86922
3.8522
3.8522
3.47051
3.47051
4.39568
3.39842
3.39842
3.39842
2.60298
2.08231
1.21131
1.07733
1.07733
0.413863
0.413863
0.621736
0.800708
0.417869
0.322815
1.12269
1.12269
1.90113
2.64974
2.51121
2.51121
3.23553
3.5584
3.95261
4.54476
4.00206
3.89541
3.89541
3.89541
3.69702
4.35199
4.69061
4.57624
4.51234
5.11416
5.73758
6.68193
5.98797
5.09456
4.92526
5.26449
4.38038
3.39092
3.58506
2.69488
2.69488
2.69488
3.08166
3.18878
4.15104
4.4232
4.15456
3.31176
2.73928
2.43852
2.23069
2.23069
2.62119
2.62119
2.42082
2.42082
1.81976
0.828185
0.720174
0.790404
0.790404
1.50987
0.583996
0.583996
1.04867
0.284364
0.284364
0.284364
0.284364
0.284364
0.284364
0.628751
1.55746
0.686781
1.42343
1.30828
2.21575
1.50427
1.50427
1.05459
0.244874
1.0204
0.661263
0.886509
0.25228
0.25228
0.25228
0.25228
0.25228
0.25228
0.406588
0.406588
0.406588
0.406588
0.406588
0.251136
1.09997
0.879839
0.433855
0.433855
0.577123
0.577123
0.577123
0.0772431
0.0772431
0.0772431
0.00579091
0.157725
0.0908912
0.789124
0.789124
0.789124
0.789124
1.03758
1.03758
0.976224
1.13451
0.260142
0.260142
0.260142
0.260142
0.260142
0.260142
0.260142
0.260142
0.0232758
0.218411
0.218411
0.218411
0.223819
0.223819
0.550484
0.483761
0.483761
1.16248
1.34249
0.411018
0.768269
0.616087
0.356157
0.356157
0.0787268
0.0787268
0.0787268
0.0787268
0.833311
1.3558
1.3558
0.554388
0.49832
0.459703
0.188295
0.503952
0.503952
0.735134
1.44832
1.04333
1.04333
1.74487
1.45659
1.45611
1.6375
1.54325
0.872524
1.25774
0.7759
0.7759
0.157888
0.157888
0.157888
0.427984
0.427984
0.930011
0.527943
0.637414
0.632153
0.509028
0.509028
1.47818
1.01
0.377451
0.507454
0.459312
0.792193
0.10712
0.10712
0.10712
0.10712
0.10712
0.10712
0.10712
0.10712
0.113482
0.150566
0.150566
0.150566
0.150566
0.150566
0.150566
0.150566
0.150566
0.150566
0.150566
0.505346
0.505346
0.18694
0.441883
0.46181
0.142532
0.142532
0.142532
0.142532
0.142532
0.142532
0.415501
0.20892
0.20892
0.20892
0.018156
0.018156
0.018156
0.018156
0.018156
0.018156
0.018156
0.018156
0.018156
0.018156
0.0771435
0.910786
0.51643
0.51643
1.12143
0.692491
0.828016
0.984202
0.869245
0.461903
0.802668
0.802668
1.11581
1.11581
0.820211
0.820211
0.820211
0.645035
0.59536
0.59536
0.213298
0.358049
1.3024
1.3024
1.3024
1.42325
0.780823
0.235149
0.523385
0.523385
0.28352
0.28352
0.28352
0.898839
1.16825
0.690178
0.591088
0.757691
0.220357
0.0262001
0.0262001
0.0262001
0.0262001
0.0262001
0.0104881
0.0104881
0.0104881
0.0104881
0.0659758
0.0659758
0.0659758
0.0659758
0.0659758
0.0659758
0.529775
0.529775
0.539537
1.50758
1.54816
1.54816
1.85772
1.74769
1.74769
1.5786
1.5786
1.12981
1.34223
0.673519
1.17123
1.30283
1.57078
0.678234
0.231923
0.231923
0.231923
0.231923
0.231923
0.231923
0.231923
0.231923
0.157702
0.555224
0.555224
0.561106
0.307893
0.843331
0.501452
1.02228
1.51996
1.76287
1.08396
0.177561
0.177561
0.177561
0.177561
0.177561
0.80568
0.80568
0.410244
1.32933
0.774436
1.23909
0.94099
1.2109
1.2109
1.00583
0.377777
0.377777
0.377777
0.211698
0.211698
0.211698
0.658665
0.988133
0.678025
1.00036
1.00036
0.160946
0.160946
0.160946
1.11976
1.60169
1.60169
2.00249
2.62674
1.9843
2.86621
2.86621
3.20663
3.38606
2.92123
3.28938
4.12965
4.85302
4.62814
4.62814
4.62814
4.24451
3.27557
2.30938
2.30938
1.93214
2.05309
2.03038
1.54802
1.04251
0.571688
0.571688
0.571688
0.613452
1.02429
1.28016
1.28016
1.28016
1.84572
1.84572
1.86951
1.45368
0.811673
0.66258
1.59086
0.818576
0.818576
0.902796
0.86696
0.86696
0.49736
0.49736
0.102953
0.102953
0.102953
0.102953
0.102953
0.150672
0.730002
1.44535
2.38116
2.36385
1.56552
1.47895
0.568458
0.568458
1.4843
1.4843
1.31973
1.31973
0.854644
0.801275
0.801275
0.740886
1.65934
1.07591
0.58602
0.58602
0.938114
0.460481
0.460481
0.761775
0.49326
0.465276
0.465276
0.465276
0.465276
0.465276
1.04518
2.01839
1.9662
2.44715
1.62929
0.751305
0.664232
0.664232
0.664232
1.33574
1.34153
1.34153
1.43823
1.43823
0.578035
0.578035
0.262297
0.262297
1.21891
0.919698
0.0364395
0.0364395
0.0364395
0.0364395
0.117037
0.117037
0.117037
0.117037
0.117037
0.117037
0.117037
1.08124
0.348062
1.29471
1.29471
0.548206
0.579878
0.579878
0.475804
0.510771
0.507233
0.84937
1.35453
1.17441
0.835103
0.835103
0.376743
0.376743
0.114569
0.114569
0.114569
0.329579
0.329579
0.174932
0.174932
0.174932
0.174932
0.262933
0.29157
0.29157
0.29157
0.29157
0.29157
0.29157
0.29157
0.0231526
0.0231526
0.0231526
0.0231526
0.0361673
0.0361673
0.0361673
0.612269
0.612269
0.9423
1.78221
1.78221
0.811587
0.811587
0.620181
0.818261
0.466142
1.42826
1.63557
1.822
2.77047
1.9279
1.9279
2.42046
2.42046
1.79523
1.92912
2.37135
2.37135
2.16015
2.72253
2.78721
2.44459
2.06852
1.82769
2.72521
2.72576
2.72576
2.54631
2.62442
1.76025
1.16033
1.19321
1.01691
0.191148
0.191148
0.269227
0.192139
0.709615
0.734499
0.847529
1.09915
1.09915
0.821423
0.118673
0.445493
0.445493
0.833755
1.64626
1.64626
0.991395
0.991395
0.92105
1.37935
1.99424
1.99424
1.6977
2.53986
2.02165
2.02165
1.31352
0.821458
0.821458
1.16991
0.233754
0.0540375
0.0540375
0.0540375
0.0540375
0.0540375
0.0540375
0.0540375
0.37864
0.37864
0.37864
0.37864
0.0386291
0.0386291
0.0386291
0.0386291
0.0386291
0.0386291
0.0386291
0.0386291
0.955853
0.955853
0.319167
0.319167
0.319167
0.107759
0.107759
0.107759
0.947545
0.178047
0.215008
0.215008
0.215008
0.215008
0.215008
0.857027
1.43069
1.7481
1.64211
1.45498
1.81161
0.986688
1.29243
1.25866
1.89795
1.57597
1.38545
1.38545
0.414397
0.414397
0.414397
0.93021
1.59703
1.56553
2.4305
2.59482
2.27728
2.65188
2.84377
2.72605
2.27837
2.23632
2.23632
1.27374
2.16342
2.81537
1.88826
1.88826
1.82039
2.62832
2.36448
2.36448
2.21853
1.32958
1.32958
0.922504
1.1025
1.1025
1.1025
1.14146
0.62936
0.288823
0.283003
0.283003
0.813225
0.813225
0.813225
0.555541
0.555541
0.555541
0.555541
1.32081
1.25463
1.87177
1.87177
1.87177
1.30438
1.27413
1.6819
1.17716
1.17716
0.847209
0.873193
0.873193
0.341841
0.203122
0.203122
0.427488
0.783931
0.783931
1.75561
1.75561
2.18276
1.28137
0.975513
0.873109
1.47481
1.38629
0.819642
0.527991
0.527991
0.252836
0.77437
0.77437
0.184797
0.184797
0.184797
0.184797
0.234933
0.234933
0.234933
0.234933
0.234933
0.610614
0.179846
0.86016
0.86016
1.35022
0.846202
1.43746
1.43746
0.465668
0.465668
0.465668
0.465668
0.0274505
0.159472
0.00509367
0.00509367
0.590595
0.590595
0.590595
0.245026
0.245026
1.10366
0.457502
0.457502
0.165305
0.165305
0.165305
0.165305
0.083447
0.844691
0.554725
0.554725
0.324683
0.324683
0.324683
1.00142
0.426961
0.922924
0.0276871
0.0276871
0.0276871
0.0276871
0.0276871
0.45429
0.45429
0.45429
0.248346
0.59378
1.03553
1.43443
1.16707
1.09388
1.78951
2.09228
1.65236
1.35368
1.80808
2.74901
2.66209
2.07581
2.86678
2.61427
2.61427
3.23011
2.45597
1.62526
2.00743
1.54196
1.38358
0.390712
0.536623
0.178309
0.178309
0.178309
0.178309
0.331195
0.331195
0.331195
0.331195
0.0153442
0.0498046
0.0498046
0.0498046
0.617063
0.328863
0.328863
0.328863
0.328863
0.186679
0.563071
0.563071
0.563071
0.563071
0.10853
0.184833
0.184833
0.184833
0.872669
0.74831
0.728689
1.40212
1.19635
1.34611
1.21771
2.05954
1.78612
2.12832
1.62447
1.37462
1.50622
1.50622
1.99056
2.76892
1.88285
2.48154
2.54844
2.54844
2.28048
2.28048
2.27613
2.27613
1.76288
0.856925
1.40616
1.34391
0.974094
0.974094
1.63302
1.54336
1.54336
2.44956
2.63731
2.17842
1.60203
1.99638
1.34308
2.05839
2.00493
2.00493
2.66888
3.29702
3.14848
3.14848
3.92499
3.17002
3.81109
3.81109
3.22318
3.22318
2.65763
2.65763
2.69745
3.0602
3.02478
2.65389
2.17725
1.65895
1.60863
0.840655
0.772228
0.592769
0.592769
0.634571
0.808537
0.863354
1.14343
1.22736
1.37912
0.463076
1.00673
0.11141
0.766844
0.766844
0.0326132
0.0326132
0.362203
0.683008
0.683008
1.24851
0.98306
1.08661
1.08661
1.76729
1.4981
2.31475
1.54252
2.07069
2.07069
2.07069
1.52424
1.88891
2.22869
2.22869
2.22869
2.04942
1.31529
0.689106
1.50853
2.41273
2.41273
1.51172
1.78075
1.78075
0.890727
0.828292
0.0262269
0.0262269
0.0262269
0.0262269
0.0262269
0.0262269
0.0260586
0.403932
0.0326482
0.0246723
0.0246723
0.241299
0.241299
0.241299
0.285043
0.285043
0.218104
0.47826
0.254379
0.195229
0.195229
0.195229
0.195229
0.195229
0.264157
0.264157
0.0555686
0.0555686
0.0555686
0.0555686
0.631951
0.631951
0.769974
0.159452
0.159452
0.159452
0.13172
0.13172
0.0268244
0.0268244
0.0268244
0.0268244
0.809964
0.305989
0.290542
0.290542
0.838988
0.727722
0.727722
1.54587
1.54587
1.19816
1.35608
0.941926
1.10769
0.194749
0.194749
0.194749
0.194749
0.194749
0.425473
0.425473
0.425473
0.425473
0.20024
0.443913
0.443913
0.443913
0.0257474
0.453426
0.453426
0.434535
1.09916
0.349487
0.349487
0.281219
0.105267
0.105267
0.105267
0.105267
0.105267
0.100874
0.100874
0.100874
0.100874
0.689409
1.4013
1.066
0.605884
0.801885
1.1415
1.00737
0.598933
0.149472
0.0349555
0.0349555
0.0349555
0.312933
1.06523
0.921021
1.1829
1.1829
0.866792
0.757335
0.757335
0.0505842
0.0505842
0.0505842
0.0505842
0.0505842
0.0505842
0.39223
0.39223
0.39223
0.39223
0.414627
0.414627
0.414627
0.770074
0.655742
1.083
0.400022
0.400022
1.35928
0.66881
1.48005
0.700981
0.190653
0.482262
0.482262
0.0166281
0.0166281
0.805223
0.296474
0.296474
0.296474
0.296474
0.992715
1.54542
1.24551
0.297362
0.297362
0.297362
0.975852
1.19302
0.588571
1.39123
1.32904
1.59202
1.45635
0.654999
1.53099
2.42859
2.30895
2.25283
2.30092
2.57991
2.57556
2.1149
2.50154
2.50154
2.83392
2.63133
2.63133
2.63133
3.22792
3.22792
3.00858
2.2638
2.9535
2.3233
2.92655
2.90242
2.53661
2.80292
2.51259
2.76602
2.76602
1.9589
1.9589
1.95629
2.0268
1.63186
1.78039
1.78039
1.78039
1.78039
1.09057
1.15
1.15
0.773609
0.320057
0.0468113
0.658814
1.57109
1.67855
1.70495
1.70495
2.62871
2.87546
3.64025
3.64025
3.48352
3.00144
3.42276
2.55954
2.59524
1.64215
2.10736
2.07273
1.98815
1.48352
1.48352
1.67376
0.766444
1.61036
2.16329
2.16329
1.86378
2.57201
2.86329
1.96479
1.32578
0.840547
0.796483
0.772858
1.11195
0.130367
0.130367
0.130367
0.519176
0.519176
1.42101
1.30344
0.761778
0.761778
0.761778
1.11033
0.29795
0.29795
0.29795
0.438464
0.438464
0.288005
0.288005
0.766029
0.766029
0.766029
0.766029
0.850763
0.925293
0.738489
1.01568
0.136259
0.136259
0.136259
0.136259
0.136259
0.136259
0.251202
0.251202
0.251202
0.251202
1.18073
0.33491
0.33491
0.33491
0.33491
0.33491
0.33491
0.141576
0.141576
0.141576
0.141576
0.0748938
0.0748938
0.0748938
0.146018
0.244625
0.182423
0.182423
0.182423
0.603616
0.603616
0.956877
0.487347
0.41379
0.151025
0.151025
0.151025
0.729719
1.5149
1.5149
1.01006
1.01006
0.518411
0.366933
0.366933
0.366933
1.08698
1.08698
1.08698
0.407688
0.407688
0.400677
0.400677
0.400677
0.400677
0.876511
0.246107
0.246107
0.647887
0.0454867
0.0454867
0.0454867
0.0454867
0.0454867
1.01759
0.822479
1.70888
1.54259
2.28238
2.37999
2.19547
1.23667
0.289235
0.690319
0.690319
0.690319
0.201385
0.201385
0.819236
0.819236
0.683311
0.590284
0.811541
0.479637
0.85897
0.14316
0.14316
0.341075
0.875255
0.567267
0.853558
0.917916
0.917916
0.849495
0.683774
0.0838167
0.0838167
0.0838167
0.0838167
0.0838167
0.0838167
0.928675
0.928675
1.02907
0.0339362
0.0339362
0.391383
0.549707
0.549707
1.43004
1.83029
2.00231
1.52043
1.52692
1.52692
0.804478
0.0678146
0.236837
0.236837
0.236837
0.940401
1.05896
1.31404
1.71536
1.34238
1.34238
0.586148
0.331095
0.331095
0.331095
0.679403
0.679403
0.610503
0.717864
0.717864
0.899365
1.31475
1.34695
0.460794
0.0935784
0.865764
0.865764
0.865764
0.357834
0.486762
0.486762
0.486762
0.486762
1.43255
1.08531
1.08531
1.25591
1.87684
1.52431
2.26126
2.26126
2.26126
2.05141
1.94719
1.4014
1.4014
1.4014
1.49404
1.49404
1.27098
0.344009
0.344009
0.344009
0.486
0.486
0.486
0.723894
0.723894
0.723894
0.723894
0.730885
0.776883
0.776883
0.658675
0.874071
1.49744
1.49744
1.19574
1.51268
1.5516
1.08428
1.08428
1.51441
1.51441
0.708479
0.507014
0.363706
0.744249
0.744249
0.744249
0.744249
0.684933
1.14933
0.50386
0.995161
0.00363458
0.00363458
0.00363458
0.00363458
0.00363458
0.00363458
0.297111
1.07176
1.39417
1.92885
1.92885
1.52739
2.3021
2.3021
1.41925
0.851059
0.851059
1.55934
1.25601
1.34689
1.31994
1.24397
1.24397
0.880497
0.880497
0.307801
0.995442
0.0398176
0.0398176
0.0398176
0.980118
0.980118
0.645685
0.712606
0.781957
0.781957
0.781957
0.791305
0.55769
0.406598
0.435385
0.88524
0.596771
0.596771
0.596771
0.596771
1.37796
0.460428
0.460428
0.460428
0.460428
0.460428
0.173787
0.173787
0.173787
0.0761124
0.0761124
0.0761124
0.0761124
0.0761124
0.0761124
0.0761124
0.0761124
0.215524
0.215524
0.12641
0.12641
0.12641
0.12641
0.12641
0.12641
0.12641
0.12641
0.12641
1.10446
0.839928
0.839928
1.23111
1.23111
1.19635
0.541646
0.451423
0.0288425
0.639271
0.639271
0.60014
0.60014
1.19143
1.19143
0.303669
0.303669
0.303669
0.524175
0.0515159
0.0515159
0.921963
0.234731
0.0756113
0.0756113
0.0756113
0.195974
0.986967
0.284126
0.0418623
0.0418623
0.0418623
0.592671
0.592671
0.74258
0.74258
0.74258
1.68979
0.746784
0.746784
0.711842
0.711842
0.104315
0.104315
0.202459
0.202459
0.202459
0.202459
0.202459
0.202459
0.202459
0.779828
0.585859
0.585859
0.585859
0.628543
0.883862
0.883862
0.737144
0.756948
1.56682
1.9528
2.33567
2.33567
2.33567
2.79938
2.60179
3.28704
4.194
4.14252
4.33182
4.4709
4.83222
4.83222
4.32709
3.71232
3.29848
3.66542
4.43187
3.93731
3.93731
3.93731
4.84259
5.08657
4.55838
5.43994
5.55839
5.55839
5.96057
5.29031
4.58418
4.87481
5.02528
4.60323
4.59972
4.59972
4.59972
4.44115
4.44115
4.37836
4.37836
3.73425
4.02135
3.42061
2.61062
2.61062
2.42064
1.92199
1.62342
0.716244
0.716244
0.716244
0.470979
0.3891
0.3891
0.3891
0.3891
1.37428
1.74551
2.42194
2.47687
2.47687
1.49253
1.77832
1.77832
1.41999
0.575399
0.575399
0.786639
0.786639
0.244151
0.960125
1.36992
0.751788
0.751788
0.579935
0.579935
0.672493
0.672493
1.48095
1.07439
1.19554
0.665529
0.0887235
0.493916
0.0456738
0.0456738
0.88766
0.566113
0.566113
0.566113
0.566113
0.566113
0.883757
0.602342
0.588721
0.206218
0.139801
0.231574
0.231574
0.493738
0.493738
0.493738
0.983633
0.983633
0.984237
0.0706927
0.0706927
0.125032
0.125032
0.886126
0.886126
0.954585
0.640664
0.640664
0.502545
0.717016
1.58783
0.960208
0.410162
0.331498
0.331498
0.905496
0.0271681
0.0271681
0.124104
0.124104
0.894004
1.12721
0.191971
0.573606
0.571819
0.938258
0.185355
0.293937
0.293937
0.293937
0.293937
0.293937
0.293937
0.293937
0.293937
0.293937
0.876605
0.365845
0.365845
0.365845
0.365845
0.365845
0.365845
0.365845
0.00531482
0.00531482
0.00531482
0.00531482
0.00531482
0.00531482
0.00531482
0.00531482
0.00531482
0.0999866
0.0999866
0.0999866
0.0999866
0.0999866
0.0999866
0.0999866
0.0295044
0.485447
0.485447
0.485447
0.485447
0.308511
0.308511
0.308511
0.950355
0.950355
0.341449
0.341449
0.341449
0.341449
0.11427
0.11427
0.141082
0.141082
0.141082
0.329225
0.37756
1.33281
2.18716
1.48075
1.44497
0.974737
1.04135
1.66216
1.66216
1.75207
0.928286
0.928286
0.928286
0.799805
0.508022
0.508022
0.87738
0.285638
0.285638
0.876947
1.54957
1.45974
2.01517
2.01517
1.27021
1.85513
1.95317
1.95317
1.84841
1.36599
1.5309
0.553366
0.220093
0.220093
0.269876
0.367923
0.0386411
0.0386411
0.0386411
0.191007
0.241034
0.241034
0.241034
0.241034
0.0061296
0.786509
0.786509
0.764732
1.49945
0.558812
0.558812
1.51392
1.00991
0.558778
0.524464
0.714367
0.612438
0.530067
0.865849
1.06145
0.387189
0.0334305
0.0334305
0.0334305
0.0334305
0.0334305
0.0334305
0.0334305
0.0334305
0.0334305
0.0334305
0.0334305
0.89848
0.710003
0.144887
0.410927
0.376686
0.376686
0.879863
1.24406
1.22868
0.74023
0.122258
0.285042
0.285042
0.955138
1.36626
1.55357
1.76225
1.40705
0.562993
1.34664
0.942799
0.094544
0.094544
0.094544
0.0256282
0.0256282
0.838669
0.319411
0.319411
0.319411
0.0840469
0.0840469
0.0840469
0.416522
1.13516
1.72737
2.09781
2.18591
2.78144
2.6942
2.92294
2.58957
1.61245
1.1023
0.231528
0.231528
0.231528
0.231528
0.231528
0.231528
0.0476389
0.147187
0.292363
0.292363
1.2878
1.81462
1.5839
0.858763
1.30251
1.30251
1.33188
1.99423
1.38687
1.38687
1.38349
1.00117
0.924967
0.924967
1.92366
1.92366
0.954902
0.637467
0.094606
0.094606
0.42544
1.31211
0.622229
0.340333
0.340333
0.977159
1.32002
0.493567
0.0905746
0.397534
0.105866
0.105866
0.105866
0.759527
0.0491766
0.0491766
0.296665
0.296665
0.476957
0.880908
0.786849
0.786849
0.290371
1.01675
1.08219
1.08219
0.386986
0.386986
0.386986
0.62386
0.432982
0.432982
0.229891
0.229891
0.229891
0.229891
0.183017
0.183017
0.183017
0.0916196
0.0916196
0.475656
1.28606
1.28606
0.43109
0.780991
0.33773
0.876643
0.308802
1.24386
0.477489
0.477489
0.14882
0.26395
0.26395
0.26395
0.544114
0.544114
0.675705
1.04091
1.04091
1.61438
1.58396
0.845604
0.845604
0.090463
0.913854
0.364172
0.591343
1.12239
0.695296
0.695296
0.102631
0.157601
0.169794
0.169794
0.169794
0.228433
0.228433
0.228433
0.228433
0.70939
0.486555
0.486555
0.486555
0.486555
0.341185
0.341185
0.341185
0.341185
0.341185
0.448288
0.448288
0.810445
0.810445
1.77334
1.77334
1.04331
1.27321
1.01923
1.42601
1.83148
1.18467
0.986516
0.676992
0.676992
0.725716
0.42672
0.716876
0.995073
0.170845
0.170845
0.170845
0.206598
0.628871
1.1644
1.11676
0.33899
1.13021
1.13021
1.02741
1.02741
0.424644
0.506216
0.933847
0.888039
1.07688
0.383084
0.543105
1.12343
0.238817
0.238817
1.03295
0.447015
0.198132
0.494801
0.0829855
0.621459
0.621459
0.621459
0.902376
0.902376
0.702389
0.641136
0.362692
0.362692
0.993648
0.750629
0.29015
0.29015
0.29015
0.19524
1.11121
0.722327
0.300002
0.300002
0.87147
0.520597
0.520597
0.231491
0.421797
0.228524
0.72696
1.3238
0.919048
0.930299
1.39989
0.861967
0.861967
1.16217
0.791904
0.869994
0.869994
0.462606
0.462606
0.462606
0.0141812
0.0141812
0.0141812
0.0398532
0.0398532
0.0398532
0.0398532
0.0398532
0.0398532
0.691933
0.101042
0.364779
0.364779
0.364779
0.364779
0.364779
0.550281
0.439665
0.199346
0.199346
0.554851
0.559419
0.559419
0.423336
0.31951
0.31951
0.198857
0.198857
0.56743
0.750522
0.750522
0.090745
0.090745
0.580012
1.26681
1.89782
1.13055
1.56179
2.041
2.041
2.88302
2.88302
2.88302
2.93532
2.35551
2.35551
2.01626
2.57409
3.56798
4.03716
3.79876
4.79136
4.79136
5.01787
4.22661
5.07749
4.17284
3.51687
3.51687
2.98056
2.40073
2.12156
1.63632
1.63632
1.63632
0.693379
0.0314138
0.342213
0.342213
0.342213
0.342213
0.342213
0.356258
0.367291
0.367291
0.367291
0.367291
0.556612
0.478183
0.478183
0.478183
0.32214
0.252595
0.114539
0.114539
0.114539
0.114539
0.0299099
0.0299099
0.0299099
0.0299099
0.0299099
0.0299099
0.0136738
0.0136738
0.253023
0.253023
0.253023
0.253023
0.00663576
0.585078
0.494484
0.555283
0.0310827
0.0310827
0.114728
0.147902
0.147902
0.147902
0.493713
0.493713
0.95031
0.133544
0.127085
0.127085
0.127085
0.127085
0.127085
0.127085
0.127085
0.98827
0.0889099
0.361167
0.398903
0.283134
1.08405
0.916377
0.547868
0.547868
1.52456
0.623045
0.599754
0.081262
0.136765
0.9272
1.47302
2.02625
2.53248
2.59635
1.68895
1.32132
0.988634
0.988634
1.14415
0.759894
1.13035
0.652588
1.12637
1.55649
0.9377
0.0563093
0.0563093
0.417782
0.35689
0.35689
0.0722618
0.0722618
0.0722618
0.0722618
0.0722618
0.0722618
0.00135535
0.00135535
0.00135535
0.00135535
0.374149
0.248153
0.248153
0.439036
0.824254
0.824254
0.601001
0.601001
0.782985
0.782985
0.395525
0.395525
0.410604
0.410604
0.63602
0.985445
1.46669
2.28006
1.59817
1.10409
1.30785
2.11109
1.58548
1.0361
1.39638
0.670794
0.765833
0.765833
0.39743
0.313047
0.00269482
0.00269482
0.0465733
0.0465733
0.0465733
0.0465733
0.0465733
0.0465733
0.778557
1.26445
1.26445
1.72825
1.375
0.417425
0.518367
0.214409
0.214409
0.214409
0.420953
0.420953
0.544912
1.24697
1.24697
1.3414
0.866647
0.164179
0.164179
0.236869
0.236869
0.236869
0.477431
0.477431
0.477431
0.477431
0.477431
0.784555
0.925153
0.627901
0.141794
0.141794
0.141794
0.141794
0.141794
0.141794
0.141794
0.102473
0.877631
1.06003
1.06003
1.06003
0.777932
1.63659
0.640921
0.298457
0.386305
0.386305
0.542413
0.542413
0.232034
0.232034
0.026405
0.026405
0.026405
0.026405
0.026405
0.026405
0.0615685
0.210871
0.884594
1.04778
0.983726
0.983726
0.110833
0.110833
0.0178611
0.0178611
0.0178611
0.0178611
0.0178611
0.223122
0.223122
0.223122
0.361309
0.361309
0.650098
0.650098
1.57737
0.974508
0.974508
1.00191
0.398845
0.39894
0.39894
0.494922
0.494922
0.494922
0.494922
0.413483
1.36796
0.840826
0.891185
0.891185
0.463707
0.463707
0.463707
0.463707
0.526147
0.526147
0.526147
0.3337
0.273821
0.273821
0.413133
0.326807
0.123499
0.123499
0.123499
0.123499
0.196532
0.196532
0.196532
0.196532
0.196532
0.196532
0.196532
0.122069
0.122069
0.122069
0.578424
0.578424
0.815427
0.815427
0.118641
0.118641
0.118641
0.234496
0.724347
0.449896
0.449896
0.449896
0.449896
1.38995
1.2782
0.337971
0.337971
0.0783352
0.0783352
0.0783352
0.893867
0.0299855
0.0299855
0.0299855
0.0299855
0.273606
0.900438
0.548011
1.30492
0.87453
0.189588
0.189588
0.189588
0.107134
0.107134
0.107134
0.148567
0.148567
0.148567
0.148567
0.148567
0.887962
1.25123
1.36185
0.928205
0.23612
0.494307
0.241837
0.241837
0.241837
0.241837
0.241837
0.254484
0.863765
0.863765
1.01967
0.896646
0.411264
0.411264
0.411264
0.148322
0.331393
0.331393
1.13802
0.965283
0.965283
0.337092
0.856689
1.64551
0.69317
0.69317
1.39115
1.13472
1.0694
0.432352
0.260836
0.579518
0.666186
0.666186
0.666186
0.938114
1.06119
1.06119
1.06119
0.139929
0.501952
1.02998
2.00607
1.5932
2.58427
3.35237
3.29365
3.30751
2.95919
2.11562
2.11562
2.32144
2.84637
3.68516
3.74604
2.75051
1.9439
2.32823
1.79784
1.79784
0.848315
1.41847
1.01438
0.260008
0.260008
0.866722
0.866722
1.43496
1.90921
1.90921
1.63539
0.94218
0.289888
0.289888
0.289888
0.667817
0.678676
0.678676
0.556799
0.556799
0.556799
1.14477
1.87803
2.21531
2.31184
2.73417
2.71615
2.01974
2.01974
1.59648
1.69876
1.69876
1.63967
2.12286
2.12286
2.95415
2.95415
3.63695
3.63695
4.05802
4.05802
4.29542
3.57
2.84547
2.19754
2.41314
2.26577
2.65072
2.65072
2.82462
2.92682
2.81888
1.9545
1.33852
1.58465
1.40544
1.40544
1.92988
1.82999
0.898533
1.07238
1.48895
1.18584
1.04741
0.200795
0.200795
0.200795
0.226067
0.226067
0.662578
0.556085
1.16488
1.46934
0.630091
0.909163
0.0881703
0.164017
0.438291
0.438291
1.37438
1.40703
0.647219
0.595539
0.595539
0.595539
0.402777
0.209006
0.445603
0.445603
0.745101
0.339892
1.3059
1.58669
1.25652
2.0811
2.37649
1.71833
0.909173
0.909173
1.85986
1.49771
1.49771
2.47824
3.01167
2.66416
2.66416
2.85338
2.85338
2.85033
2.16841
2.1229
2.1229
2.1229
1.14801
1.58507
1.45171
2.37055
2.83344
2.20738
2.88104
3.42883
3.6851
4.00936
4.05173
4.5018
4.57248
3.67198
4.1173
4.1173
4.1173
4.1173
4.3564
5.07571
5.51074
5.77928
5.81518
6.13134
6.13134
6.18632
6.15158
7.04713
7.04713
6.52081
6.52081
6.52081
6.43911
6.23751
5.35267
4.38783
3.53652
2.55425
2.55425
2.55425
1.6355
1.6355
0.842612
1.27572
0.948519
0.0970048
0.386818
0.930971
1.71327
1.71327
2.70494
2.70494
2.70494
2.70494
2.21535
2.21535
1.96306
0.987244
1.80253
1.55783
0.689302
0.77425
0.77425
0.7141
0.641633
0.434958
0.545267
0.916731
1.88179
1.88179
2.23317
2.23317
1.84464
1.70575
1.50392
2.27986
1.41632
1.34434
1.34434
1.31861
1.31861
0.789547
0.797851
0.267118
0.267118
0.267118
0.360701
0.360701
0.360701
0.845262
1.02218
0.367613
0.367613
0.367613
0.535578
0.319456
0.32799
0.231122
0.231122
0.231122
0.231122
1.11002
1.11002
1.6989
1.6989
1.131
1.07428
0.138917
0.251628
0.251628
0.251628
0.251628
0.251628
0.566402
0.566402
0.498204
0.498204
0.826886
0.826886
0.232647
0.738499
0.738499
0.646539
0.101388
0.101388
0.101388
0.101388
0.101388
0.101388
0.761085
0.503324
0.503324
0.503324
0.905542
0.386425
0.775462
0.731916
0.731916
1.19722
0.426593
0.16865
0.16865
0.16865
0.59558
0.661684
0.661684
1.13708
0.329091
0.473243
0.536799
0.536799
0.536799
0.268336
0.260537
0.260537
0.260537
0.260537
0.834241
0.0643351
0.0643351
0.0643351
1.05259
1.54805
1.7184
0.999668
0.515515
0.166395
0.342242
0.795071
0.795071
0.605981
0.605981
1.60253
2.32101
1.40894
1.74163
2.07573
1.3587
0.955122
1.67164
1.58907
1.06336
1.06657
1.03074
1.99692
2.22704
2.76164
3.1753
3.99705
4.07949
3.26342
3.78651
4.08539
4.37995
4.69203
5.43297
5.05132
5.05132
5.85448
4.87934
4.58566
4.37603
4.75409
3.81171
3.83144
3.87636
4.83458
4.83458
5.54402
6.43034
5.81111
5.72384
5.78983
5.50276
5.50276
5.18351
5.91312
5.38064
5.74779
6.32579
6.40602
6.74365
5.92643
4.95075
4.06386
3.39906
3.9987
3.50032
2.86598
3.60406
3.81578
3.60913
3.60913
3.60913
3.22024
2.56135
3.16744
3.54546
2.7752
1.90063
1.90063
1.90063
1.10877
1.10877
1.51464
1.15564
0.608844
0.608844
1.25825
0.656879
1.39385
1.39385
2.14611
2.14611
2.14611
2.14611
2.14611
1.74406
1.7372
2.00437
1.98255
1.43229
1.43229
0.677056
0.677056
0.228584
0.228584
0.228584
0.228584
0.300337
0.677486
0.448838
0.349544
0.349544
0.281602
0.281602
0.940708
1.64699
1.51218
1.45577
0.482918
0.781959
0.939617
0.0961755
0.0961755
0.0961755
0.0961755
0.0961755
0.18503
0.942865
0.942865
1.66342
0.782732
0.252492
0.252492
0.622261
0.284472
0.486805
0.486805
0.486805
0.813531
0.185025
0.828971
1.51311
1.51311
2.33429
3.02679
2.1742
1.65151
0.89198
0.341942
0.224696
0.224696
0.699863
0.699863
0.711119
0.711119
0.181691
0.181691
0.33129
0.14694
0.14694
0.14694
0.14694
0.14694
0.14694
0.14694
0.14694
0.764475
0.602566
0.668167
0.306132
0.306132
0.548037
0.37496
0.37496
0.37496
0.37496
0.32755
0.32755
0.32755
0.798026
0.798026
1.72608
1.01336
0.441738
0.441738
0.0977905
0.0977905
0.0387803
0.0387803
0.0387803
0.0387803
0.0387803
0.536307
0.0975787
0.0975787
0.0975787
0.0975787
0.0975787
0.0975787
0.0975787
0.0975787
0.0975787
0.0975787
0.0975787
0.0975787
0.0975787
0.442464
0.917195
1.45877
1.45877
1.45877
2.11118
1.32372
0.47497
1.37026
1.33104
0.429009
0.687058
1.64329
1.27388
0.766827
0.671359
0.671359
0.671359
0.671359
1.55603
2.53485
1.77648
0.791332
1.09149
0.843148
0.843148
1.00442
1.33047
0.482489
0.252942
0.346827
0.346827
0.346827
0.346827
0.442983
0.442983
0.442983
0.442983
0.442983
0.442983
0.376551
0.376551
0.530718
0.530718
0.530718
0.530718
0.552075
1.13473
1.1257
1.43327
1.43327
0.810349
1.21227
1.16889
0.885944
0.438852
0.432534
0.602586
0.0896632
0.927121
0.949545
0.914224
0.505271
1.26537
0.783036
0.783036
0.14416
0.727619
0.727619
0.167783
0.822941
1.43332
0.721752
0.749872
1.64073
1.46002
1.83259
2.4982
1.76073
2.16903
2.16903
2.68627
2.84474
2.40808
2.40808
2.35691
2.35929
2.73196
2.78795
2.78795
2.29578
2.32154
2.39261
2.40561
1.83461
1.71364
1.51736
1.46061
0.668844
0.668844
0.394599
0.672699
0.672699
0.702898
0.702898
0.702898
0.490967
0.864776
0.447455
0.447455
0.354558
0.685172
0.947999
0.947999
0.947999
0.508844
0.178573
0.178573
0.178573
0.869609
0.886223
0.22587
0.982081
0.580489
0.899937
0.495131
0.495131
0.495131
0.495131
0.495131
1.02012
1.43619
1.36498
0.76302
0.645619
0.423582
0.423582
0.534676
1.52359
1.32743
1.8954
1.66946
1.29531
2.22227
1.37376
0.528858
0.528858
0.615
0.615
0.615
0.615
0.445362
0.445362
0.586849
0.566421
0.566421
0.796382
0.163139
1.13716
1.18596
0.324928
0.324928
0.324928
0.0360304
0.0360304
0.665438
1.50195
2.01772
2.01772
2.42058
1.51013
1.51013
1.19091
1.01902
0.487831
0.487831
0.487831
0.487831
0.377524
0.377524
0.540161
0.540161
0.36883
0.36883
0.36883
0.502391
0.502391
1.43725
1.43725
1.83589
1.83589
1.27303
1.81369
1.81369
1.44465
1.33306
1.398
1.398
1.06203
1.45985
1.90657
2.79483
2.59337
1.97372
1.71786
0.736591
0.736591
0.736591
0.158422
0.131043
0.131043
0.131043
0.131043
0.131043
0.131043
0.0829879
0.0829879
0.519654
0.519654
0.568061
0.568061
0.351493
0.969666
0.969666
1.16384
1.28213
1.46105
1.60139
2.10216
1.84361
1.38214
0.800884
0.800884
0.928447
1.62719
1.62719
1.05738
1.05738
0.975299
0.0916168
0.0916168
0.689358
0.85883
0.501056
0.501056
0.501056
0.501056
0.469874
0.320879
0.320879
0.153774
0.153774
0.153774
0.153774
0.153774
0.153774
0.153774
0.361815
0.361815
0.361815
0.318689
0.318689
0.0180408
0.392389
0.392389
0.0881953
0.033223
0.033223
0.033223
0.033223
1.03261
0.28964
0.28964
0.28964
0.584633
1.29887
1.04065
0.564481
0.564481
0.564481
1.37437
0.950325
1.55812
1.55812
2.34414
1.37807
2.23234
2.5331
1.8743
1.8743
1.21426
2.00483
1.91185
1.91185
2.09732
2.09732
2.12476
2.10793
2.10793
2.10793
2.10793
1.92225
1.34705
1.34705
1.97445
1.97445
1.66228
2.02645
2.44374
1.55364
1.14246
0.585194
0.585194
0.585194
0.585194
0.585194
0.77208
0.0171137
0.0171137
0.0171137
0.54106
0.54106
0.54106
0.54106
0.00588149
0.243162
0.243162
0.588246
0.44378
0.44378
0.0240145
0.894258
1.84282
0.885921
1.42012
1.22717
1.22717
1.10736
1.10736
0.841772
1.61737
1.34884
0.530991
0.530991
0.296009
0.524805
0.524805
0.108333
0.108333
0.0233471
0.0233471
0.0233471
0.0233471
0.0233471
0.224689
0.224689
0.666735
0.982042
1.54965
0.826325
1.79447
1.79447
1.79447
0.826265
0.826265
0.357549
0.357549
0.874898
1.1267
0.339506
0.82121
0.82121
0.0332795
0.0332795
0.0332795
0.324915
1.28856
0.384372
0.384372
0.384372
0.384372
0.384372
0.384372
0.384372
0.384372
0.384372
0.384372
0.384372
0.384372
0.384372
0.384372
0.384372
0.150918
0.150918
0.150918
0.150918
0.150918
0.150918
0.150918
0.084176
0.084176
0.076372
0.270102
0.611081
0.654055
0.632652
0.632652
0.632652
0.637955
0.973494
0.973494
1.44003
1.44003
0.886084
0.429125
0.0220175
0.0220175
0.0220175
0.0220175
0.853104
1.58432
1.58432
1.58432
1.33736
1.01579
0.681259
0.681259
0.723369
0.27415
0.27415
0.27415
1.04199
1.63089
1.60657
1.37487
1.16386
1.16386
2.02334
1.27382
0.822336
0.012145
0.012145
0.012145
0.0579475
0.0579475
0.555695
0.555695
0.555695
0.0218044
0.0218044
0.0218044
0.0218044
0.0218044
0.0218044
0.0218044
0.538577
0.538577
0.0853613
0.0853613
0.0853613
0.0853613
0.0853613
0.0272916
0.0272916
0.0272916
0.14579
0.14579
0.14579
0.14579
0.14579
0.14579
0.598908
0.492967
1.21678
1.59663
0.839705
1.62657
1.21322
0.581029
0.581029
0.225056
0.225056
1.00926
0.0821512
0.0821512
0.0821512
0.465879
0.331972
0.331972
0.331972
0.331972
0.331972
0.236428
0.236428
0.236428
0.236428
0.236428
0.715786
0.657196
0.522299
1.14282
1.23689
1.23689
1.45305
2.32455
3.02141
2.69817
1.7128
1.05083
0.540485
0.142979
0.142979
0.441966
0.441966
0.441966
1.27276
1.24261
0.488926
0.458774
0.458774
0.532416
1.13827
0.770245
0.609915
0.609915
0.800335
0.800335
1.22553
0.34405
0.810887
0.722839
1.3632
1.25212
1.42576
1.42576
1.42576
0.724128
1.61793
2.33769
2.05501
1.68501
1.68501
0.869301
0.660638
0.660638
0.0380745
0.0768916
0.685255
0.732613
0.923629
0.855227
0.143936
0.143936
0.952527
1.42943
0.506345
0.506345
1.18432
1.04772
0.407301
0.407301
0.407301
0.610959
0.343261
0.576867
0.743715
0.444283
0.252982
0.252982
1.06819
1.70534
1.30528
0.655798
0.655798
0.655798
0.729287
0.729287
0.729287
0.729287
0.93631
0.0466917
0.0466917
0.0466917
0.0466917
0.0530604
0.0530604
0.0530604
0.0530604
0.0530604
0.0530604
0.665486
0.665486
0.665486
0.665486
0.665486
0.665486
0.27831
0.27831
0.382894
0.368686
0.897735
1.05284
0.72041
0.159254
0.0574342
0.0574342
0.0574342
0.171978
0.171978
0.650159
0.959868
0.736492
0.736492
0.621038
0.957599
0.957599
0.957599
0.957599
0.21083
0.21083
0.21083
0.21388
0.768402
0.768402
0.768402
1.04496
1.98485
1.98485
2.63211
2.28146
2.28146
1.9461
1.71585
1.88138
1.69349
2.20306
2.74959
2.64014
2.64014
2.00975
1.21907
0.449189
0.449189
0.0670284
0.0670284
0.0670284
0.0670284
0.0670284
0.0670284
0.0670284
0.777398
0.931331
0.116503
0.116503
0.218718
1.10599
1.78036
1.97406
2.32897
2.31613
2.31367
1.47011
1.47011
2.05429
1.44654
1.75758
1.98279
1.93212
2.85514
2.6531
2.50623
2.50623
2.95679
1.99453
2.24987
2.24987
2.60756
2.70982
2.39904
2.24488
1.42457
1.42457
0.471375
0.471375
0.471375
1.01952
0.0931743
0.0931743
0.574084
0.237259
0.237259
0.237259
0.237259
0.128449
0.128449
0.128449
0.128449
0.128449
0.128449
0.00760679
0.00760679
0.00760679
0.00760679
0.00760679
0.00760679
0.00760679
0.00760679
0.454243
0.454243
0.0713649
0.0713649
0.1641
0.1641
0.1641
0.1641
0.1641
0.1641
0.1641
0.1641
0.1641
0.1641
0.1641
0.191504
0.191504
0.783492
0.084699
0.084699
0.58922
0.58922
0.58922
0.58922
0.961782
0.931102
1.12537
0.420261
0.420261
1.39177
1.03093
0.983611
0.23277
0.23277
1.00519
1.34587
0.449879
0.474583
0.853288
0.853288
1.44878
0.913855
0.913855
1.1081
0.793465
0.470096
0.470096
1.22966
0.464007
0.763954
0.763954
0.763954
1.13806
1.13806
1.12377
1.12377
1.12377
1.12377
1.17309
0.2196
0.2196
0.0171533
0.0234201
0.0234201
0.79434
0.608188
0.608188
0.586625
0.525816
0.525816
0.525816
0.525816
0.525816
0.978539
0.727636
0.035814
0.114731
1.09362
1.03969
1.64141
1.16324
0.816093
0.741027
0.171109
0.171109
0.171109
0.171109
0.171109
0.810081
0.810081
0.877047
0.97722
1.48008
0.500415
0.500415
0.500415
0.102543
0.102543
0.102543
0.016835
0.016835
0.016835
0.016835
0.016835
0.016835
0.016835
0.104103
0.104103
0.104103
0.104103
0.521933
0.987946
0.0107952
0.0107952
0.0107952
0.0107952
0.0107952
0.0107952
0.0107952
0.455859
1.30808
1.92734
1.92734
1.92734
2.39139
2.70701
3.26066
4.01571
4.81611
4.0484
3.86363
2.92253
2.59083
2.59083
1.66012
2.07081
1.59447
0.952418
0.952418
0.509038
0.571487
0.571487
1.45115
1.46178
1.46178
2.31368
1.78922
1.93623
2.33195
1.50982
1.50982
0.92218
0.92218
0.92218
1.11123
0.79882
1.46425
1.46425
1.81392
1.13874
1.51425
0.634834
1.14314
0.944987
0.94585
0.94585
0.94585
0.94585
1.57161
1.72523
1.37688
1.52631
1.52631
0.621793
1.57584
2.13203
1.65387
1.24379
0.69042
0.538257
0.477979
0.477979
0.477979
0.951204
0.324025
0.324025
0.324025
0.0399761
0.0399761
0.271352
0.271352
0.510001
1.09987
0.18605
0.18605
0.0255683
0.0255683
0.0255683
0.0255683
0.0255683
0.0255683
0.0255683
0.246013
0.70778
0.430055
0.430055
0.373357
0.373357
0.373357
0.258322
0.258322
0.258322
0.258322
0.258322
0.258322
0.258322
0.258322
0.321187
0.321187
0.321187
0.321187
1.25712
1.20741
1.26868
2.17838
2.17838
2.63504
2.0926
1.153
1.26319
0.673781
0.194482
0.819768
0.784778
1.4881
1.36057
0.758874
0.33808
0.33808
1.03607
0.709234
0.113992
0.113992
0.163859
0.163859
0.133437
0.690059
0.690059
0.993269
0.376091
0.376091
0.376091
0.376091
0.376091
0.304117
0.304117
0.740202
0.740202
0.139741
0.139741
0.617638
0.617638
1.43563
1.86439
2.23253
2.23253
2.23253
2.53776
3.37275
3.18132
3.18132
3.50713
3.50713
3.43249
3.43249
2.77625
2.30543
1.72166
1.38392
2.18785
2.05439
1.27427
0.582514
0.306
0.306
0.276591
0.338936
1.05584
1.38913
1.02082
1.03831
1.0079
0.444828
0.815957
0.815957
0.815957
0.815957
0.178295
0.20186
0.20186
0.936367
0.430342
0.430342
0.430342
0.473352
0.473352
1.31847
1.82409
2.55542
2.46982
1.70591
1.91038
1.43281
0.627243
0.171982
1.08949
0.618069
0.618069
0.977572
1.01526
1.01526
0.663329
0.373653
0.373653
1.02127
0.783191
0.783191
0.783191
1.36262
0.638654
0.638654
0.483935
0.483935
0.89
0.89
0.938506
0.398273
0.128914
0.128914
0.128914
0.128914
0.128914
0.128914
1.08075
1.64307
1.20298
1.82523
2.49452
2.01292
2.08132
2.4956
2.4956
3.19177
3.52675
3.93353
3.1172
2.3763
2.81962
2.81962
3.79267
3.79267
3.19257
3.19257
3.19257
3.7445
4.0125
3.35296
3.35296
3.35296
3.49628
2.5178
2.5178
1.88851
1.40697
1.8456
1.45319
1.70372
1.36228
0.431126
1.18584
1.18584
2.16175
1.90447
1.90447
1.90447
1.90447
1.40947
1.69395
1.50757
1.50757
0.553485
1.20283
0.733703
1.10683
1.47148
1.58353
1.58353
1.29
1.29
1.29
1.24746
0.650341
1.26747
1.26747
0.395082
0.395082
0.132425
0.132425
0.132425
0.132425
0.132425
0.132425
0.132425
0.393913
0.574936
1.10268
1.07502
0.491859
0.491859
0.365964
0.365964
0.365964
0.365654
0.365654
0.365654
0.0169434
0.0169434
0.0169434
0.0169434
0.600155
0.600155
0.187534
0.411183
0.411183
0.52828
0.52828
0.585985
0.752748
0.833914
0.796328
0.796328
1.12224
1.02467
0.621878
0.621878
0.836951
0.966544
1.00761
1.00761
1.00761
0.831688
1.70442
1.64533
1.64533
1.71209
1.20298
1.80407
1.51607
1.38466
1.38466
1.00657
0.451483
0.451483
0.700677
0.700677
1.42238
1.42238
0.578467
0.5948
0.5948
0.5948
0.5948
0.233456
0.233456
0.233456
0.233456
0.233456
0.233456
0.517766
0.517766
0.0378259
0.705446
1.03603
0.925942
0.729407
0.733992
1.71862
1.71512
1.71607
1.93514
2.52546
1.95165
1.95165
1.61796
1.30756
1.5643
0.761344
0.222508
0.222508
0.222508
0.399713
0.638312
1.55646
2.36687
1.65448
1.65448
2.04279
1.26409
2.02039
1.27553
1.27553
0.789248
0.872688
0.215323
0.529522
0.529522
0.529522
0.529522
1.39429
1.39429
1.93327
1.39416
1.39416
1.4122
1.0788
0.578428
0.578428
0.829865
0.829865
0.829865
0.706486
0.844179
0.836424
0.0323676
0.0323676
0.0323676
0.289254
0.289254
0.289254
0.186567
0.186567
0.186567
0.186567
0.932068
1.67384
0.966562
0.263333
0.263333
0.263333
0.0556118
0.32043
0.32043
1.24951
0.686948
0.686948
1.14366
0.489109
0.489109
1.18752
1.18752
1.3651
1.47588
0.617945
0.48659
0.48659
0.48659
1.23622
1.4084
1.4084
1.4084
1.75429
2.19193
2.09914
1.53492
1.30511
1.31302
1.32036
1.86678
1.80383
1.92752
1.71841
2.4981
2.17451
2.17451
2.17451
3.05107
2.12616
2.30607
2.30607
2.25486
2.07222
1.63964
0.850227
0.743779
0.743779
0.643197
0.643197
0.643197
0.348287
0.91825
1.61666
1.29145
0.811137
0.721412
0.721412
1.32534
1.24344
2.15695
2.32739
1.52398
1.78497
2.10519
1.67441
0.866055
0.323144
0.323144
0.323144
0.323144
0.304394
0.304394
0.304394
0.304394
0.304394
0.304394
0.940163
0.837198
0.0425896
0.0425896
0.182199
0.0314623
0.0314623
0.155021
0.155021
0.155021
0.155021
0.155021
0.155021
0.155021
0.155021
0.155021
0.293086
0.280227
0.280227
0.535546
0.262325
0.262325
1.00518
1.00518
0.120124
0.0925646
0.0925646
0.0925646
0.0925646
0.629471
0.966983
0.966983
0.801708
0.769072
1.10432
0.161984
0.161984
0.161984
0.161984
0.596379
0.43408
0.43408
0.0329347
0.0329347
0.0329347
0.0329347
0.0497647
0.0497647
0.329328
0.293973
0.293973
0.293973
1.07244
0.425497
1.21664
1.18851
1.26099
1.74011
2.12653
2.99651
2.91743
2.58571
2.56858
3.03149
2.81397
2.76761
2.27051
1.58497
2.48553
2.7709
1.8757
1.00391
0.0162485
0.0162485
0.0162485
0.336471
0.336471
0.336471
0.310211
0.310211
0.310211
0.723141
0.723141
0.723141
0.723141
0.181777
0.181777
0.181777
0.181777
0.181777
0.181777
0.826924
0.826924
0.826924
0.20534
0.20534
0.193391
0.0685248
0.0685248
0.0685248
0.0685248
0.494331
0.809747
0.338311
0.150565
0.150565
0.150565
0.0723222
0.0723222
0.0723222
0.250911
0.250911
0.250911
0.250911
0.678963
0.738888
0.738888
0.738888
0.356904
0.356904
0.356904
0.117501
0.117501
0.117501
0.400029
0.23247
0.345388
0.345388
0.58032
0.698907
0.169107
1.08385
0.154885
0.154885
0.0946701
0.0946701
0.0946701
0.0946701
0.26185
0.325166
0.325166
0.325166
0.00623137
0.00623137
0.00623137
0.00623137
0.00623137
0.00623137
0.00623137
0.00623137
0.00623137
0.159472
0.159472
0.159472
0.0447509
0.0447509
0.0447509
0.0447509
0.142979
0.142979
0.142979
0.142979
0.142979
0.19212
0.826703
1.41445
1.41445
1.38901
0.435611
0.435611
1.03229
1.03229
1.03229
0.507941
0.00229748
0.00229748
0.221303
0.0582514
0.0582514
0.470264
0.795479
0.292554
0.292554
0.278595
0.281612
0.596333
0.596333
1.21266
1.02559
0.931364
1.56636
1.17926
0.994382
1.93613
2.16158
1.53516
1.53516
0.559746
0.559746
0.966351
0.00263906
0.00263906
0.00263906
0.00263906
0.511318
0.511318
1.36959
1.22697
0.609671
0.609671
0.609671
0.609671
0.609671
0.575709
0.0161174
0.0161174
0.0161174
0.0161174
0.0161174
0.45594
0.45594
0.950051
0.950051
0.111964
0.111964
0.111964
0.111964
0.111964
0.141341
0.0634994
0.0634994
0.0634994
0.0634994
0.0634994
0.0634994
0.159845
1.02691
1.18371
1.17265
0.294711
0.294711
0.294711
0.294711
0.294711
0.294711
0.294711
0.294711
0.057318
0.057318
0.057318
0.057318
0.057318
0.590307
0.590307
0.590307
0.145006
0.145006
0.145006
0.411346
0.411346
0.411346
0.0425069
0.642404
0.522069
0.522069
0.522069
0.522069
1.04783
0.802206
0.802206
0.519076
0.907874
1.05958
0.309257
0.309257
0.646391
0.641146
0.347947
0.350207
0.350207
0.183598
0.183598
0.153825
0.153825
0.153825
0.874967
0.687323
0.687323
0.422702
0.422702
0.422702
0.422702
0.422702
0.702923
0.702923
0.702923
0.415249
0.415249
0.415249
0.816754
0.816754
0.721639
0.721639
0.302105
0.302105
0.302105
0.302105
0.302105
0.605365
0.94223
0.497153
0.497153
0.497153
0.446156
0.311986
0.311986
0.311986
0.922914
0.272611
0.272611
0.272611
0.223141
0.223141
0.223141
0.223141
0.223141
0.604609
0.604609
0.661922
0.661922
0.246294
0.100804
0.100804
0.100804
0.100804
0.100804
0.643159
0.577227
0.577227
0.572203
0.572203
0.572203
0.0422276
0.0547543
0.0547543
0.198602
0.15177
0.15177
0.15177
0.15177
0.440428
0.440428
0.440428
0.401674
0.401674
1.08592
1.7037
1.98329
1.60653
1.60653
1.60653
0.73649
1.12302
1.12302
1.12302
1.62681
1.44749
2.04419
2.04419
1.75217
1.69419
1.99785
1.65741
1.58315
1.13948
1.13948
0.56534
0.56534
0.56534
0.56534
0.56534
0.34455
0.34455
0.34455
0.34455
0.674384
0.706065
0.706065
0.132815
0.132815
0.132815
0.132815
0.188977
0.188977
0.188977
0.188977
0.551711
0.610659
1.08063
0.473948
0.909123
0.909123
0.811329
1.15251
1.15251
1.15251
0.974075
0.423964
0.423964
0.626703
0.626703
0.626703
0.626703
1.2673
1.22685
1.22685
1.43352
1.43352
1.83101
2.50145
3.15277
3.15277
3.15277
3.53499
3.44343
4.19408
4.60335
4.5446
4.21354
4.21354
3.50539
3.56171
3.58052
3.58052
2.82875
2.82875
2.07999
1.66772
1.12953
0.888178
0.888178
1.27373
1.39017
2.31974
2.31974
2.5218
2.79107
2.04278
2.73296
2.82269
2.33382
1.46525
2.04211
1.26427
1.26427
0.514799
0.939665
0.370975
0.370975
0.370975
0.260091
0.260091
0.260091
0.260091
0.260091
0.260091
0.306645
0.502961
0.530947
0.185123
0.8165
0.8165
1.06543
1.06543
0.66802
0.66802
0.64191
0.64191
0.0252761
0.0252761
0.0252761
0.0252761
0.698596
0.0487884
0.0487884
0.332307
0.935777
0.611345
1.34378
0.859296
0.859296
0.968299
0.968299
0.968299
0.625376
1.55374
1.55374
1.5755
1.22073
0.224068
0.224068
1.19028
0.354871
0.354871
0.384393
0.233764
0.547268
0.547268
0.738062
0.738062
0.283344
0.713613
0.713613
0.143961
0.12134
0.262459
0.262459
0.262459
0.262459
0.0431562
0.0431562
0.0431562
0.0431562
0.837199
0.664003
0.908757
0.908757
0.908757
0.45829
0.45829
1.39805
1.19419
0.469
0.469
0.716614
0.716614
1.35463
0.723654
0.140952
0.235837
0.6428
0.631695
0.870418
0.870418
1.53115
1.72847
2.62367
3.05506
2.40491
1.532
1.06805
1.31992
1.31992
0.742242
1.25545
0.833423
1.1174
1.14911
1.1579
0.358424
0.358424
0.957809
0.117675
0.117675
0.117675
0.846911
1.49966
1.00157
1.33492
0.342974
0.342974
0.342974
0.342974
0.342974
0.589
0.208246
0.208246
0.0722768
0.0722768
0.179815
0.179815
0.179815
0.179815
0.233292
0.233292
0.417002
0.502339
0.502339
0.817209
0.958511
0.496627
0.496627
0.496627
0.571018
1.07047
0.814976
0.689839
0.777389
0.777389
0.261241
0.261241
0.93536
0.93536
1.63652
1.63652
1.25856
2.06264
2.06264
2.88539
3.2564
2.926
2.64926
2.01453
1.34935
1.52569
1.16398
1.24746
1.12768
1.22246
1.27952
1.1975
0.840293
1.3849
1.40643
0.803445
0.803445
1.10234
1.10234
1.10234
1.41371
1.00535
0.437466
0.437466
0.437466
1.15825
1.15825
1.15825
0.585974
1.38513
0.404356
0.404356
0.629466
0.629466
0.798242
0.651887
0.651887
1.16257
1.10992
0.868351
0.868351
0.868351
1.21952
0.626232
0.336673
0.336673
1.09908
0.509065
0.455474
0.783498
0.783498
1.17359
0.67355
0.5792
1.28794
1.28794
0.329978
0.51994
0.51994
1.33811
0.880299
1.58163
1.83315
1.17166
0.967845
1.94102
2.86002
2.90961
2.90961
2.90961
2.02215
1.80142
1.53301
0.886958
0.886958
0.774914
1.00899
0.11333
0.895372
0.655653
1.54262
1.95478
1.14436
0.850626
0.850626
1.13222
1.13222
0.871864
1.04759
1.70358
1.19366
0.737015
0.701891
0.69037
0.415249
0.415249
1.33148
0.519815
0.519815
1.12865
0.273395
0.097463
0.268734
0.137888
0.137888
0.700688
1.66628
0.777774
0.777774
0.777774
1.75585
1.95589
2.75678
2.04356
1.16463
0.354496
0.565507
0.565507
1.15311
0.667842
0.419118
0.419118
0.419118
0.0735786
0.0477191
0.0477191
0.0477191
0.263223
0.263223
0.263223
0.885223
0.892497
0.863092
1.63848
2.48914
1.55217
0.991595
1.43315
1.43315
2.3281
1.78175
1.78175
1.78175
1.78175
1.78175
1.50745
1.76586
1.31557
1.23268
0.799341
0.679708
1.44779
1.67042
1.90363
2.06614
1.68159
1.65004
1.11912
0.529734
0.529734
0.940147
1.06643
1.30909
0.729504
0.775835
0.249496
0.249496
1.07949
1.82343
2.36706
2.12204
1.13643
0.19948
0.855567
0.718363
0.271396
0.271396
0.0686039
0.0686039
0.0686039
0.0686039
0.0686039
0.0686039
0.0686039
0.704202
0.880878
0.461113
0.796969
0.796969
0.796969
1.32534
0.529953
0.529953
0.529953
0.529953
0.0316122
0.0316122
0.0316122
0.0316122
0.0203034
0.330543
0.330543
0.330543
0.355902
0.355902
0.355902
0.355902
0.355902
0.16838
0.16838
0.16838
0.16838
0.16838
0.21464
0.21464
0.20915
1.02098
1.02098
0.414414
1.36783
1.15454
1.15454
1.94248
1.18151
0.572853
0.776155
0.776155
0.464878
0.389831
0.389831
0.389831
0.389831
0.389831
0.389831
0.389831
0.661588
0.104219
0.560705
0.560705
0.841336
0.841336
1.07388
1.6073
2.13526
2.13526
1.27234
1.07089
1.07489
0.638429
0.511387
0.511387
0.944299
0.412362
1.34637
0.43522
0.43522
0.295494
0.335571
0.58883
1.34734
0.507287
0.8057
0.608434
0.608434
0.029288
0.029288
0.029288
0.264524
0.264524
0.199276
0.199276
0.199276
0.199276
0.199276
0.199276
0.175427
0.175427
0.670436
0.670436
1.41969
0.815783
0.815783
0.000237339
0.0546003
0.0546003
0.0546003
0.628159
0.628159
0.497864
0.497864
0.497864
0.111234
0.915053
1.44296
2.34127
2.34127
2.11919
2.11919
2.23847
2.04633
1.06443
0.756376
0.305001
0.0781546
0.0781546
0.0781546
0.0781546
0.0781546
0.10654
0.0583461
0.66602
0.8672
1.84798
2.58258
2.15353
1.69956
1.91167
2.07705
2.07705
1.78069
1.78069
1.91777
1.95623
1.4451
0.843289
0.843289
0.843289
0.843926
0.182805
0.447335
0.447335
1.00093
0.806212
0.180521
0.180521
0.180521
0.180521
0.180521
0.213015
0.450218
0.450218
0.751574
0.831337
0.489637
0.487386
0.487386
0.623733
0.623733
0.623733
0.623733
0.623733
1.45938
1.94442
2.36387
3.16282
3.16282
2.35292
2.35292
2.01283
1.95687
1.95687
1.95687
1.8498
1.8498
1.23388
1.23388
1.43494
1.18036
0.949844
0.867887
0.0146804
0.0146804
0.0146804
0.246152
0.246152
0.246152
0.246152
0.246152
0.246152
1.18103
0.673377
0.517497
0.186893
0.186893
0.105692
0.0796866
0.991129
1.54835
2.0139
1.74541
1.74541
1.88308
1.28639
1.08087
0.872453
1.05708
0.167733
0.167733
0.167733
1.10489
0.741132
1.5092
1.03081
0.296119
0.296119
0.0441036
0.57804
0.27588
0.27588
1.22872
1.22872
0.820936
0.181467
0.181467
0.181467
0.708131
1.58748
1.58748
1.33015
0.706473
1.52745
1.52745
0.702968
1.33747
1.16407
1.51401
1.51401
2.0973
2.0973
2.12726
2.13064
2.29571
1.59794
1.6449
0.671143
0.46612
0.46612
0.46612
0.605324
0.605324
0.0675589
0.0675589
0.957084
0.870579
0.920225
0.410871
0.410871
0.136242
0.136242
0.136242
0.136242
0.136242
0.136242
0.610053
0.610053
0.0139874
0.76792
0.76792
1.39575
0.682058
0.682058
0.682058
0.682058
0.682058
1.05951
1.90892
1.56399
0.672795
0.548769
0.548769
0.548769
0.817766
0.988126
0.484656
0.23259
0.23259
0.632425
0.638653
0.189175
0.189175
0.189175
0.189175
0.189175
0.899348
0.899348
0.367302
0.0905799
0.0905799
0.12464
0.12464
0.12464
0.12464
0.231842
0.668318
0.318092
0.318092
0.318092
0.6344
0.62694
0.71455
0.651761
0.777688
0.548563
0.548563
1.08471
0.518462
0.770215
0.955745
1.34455
2.29687
2.78975
1.93016
2.51321
2.12835
2.27892
2.61671
2.17818
1.47778
0.931031
1.01068
1.07362
1.07362
1.64551
2.47451
2.47451
2.45555
1.84607
1.84921
1.36595
1.04141
1.91737
1.47032
1.57416
1.57288
1.12088
0.234919
1.11135
1.11135
0.492763
0.492763
0.492763
0.826953
1.78474
1.60063
1.60063
1.64374
1.64374
2.57402
2.4026
3.11077
3.26925
3.87042
3.49477
3.49477
3.71266
3.11175
3.11175
3.11175
3.83413
4.13018
3.56042
3.04876
3.04876
2.44027
2.44027
2.62677
2.62677
2.37007
1.48038
0.598961
0.598961
0.598961
0.736505
0.173814
0.0727415
0.950111
1.01014
1.58733
2.08863
2.02764
1.55386
1.65092
2.47233
3.00866
3.00866
2.16579
2.7448
2.5844
1.90417
1.5001
1.5001
2.02991
1.39288
1.39288
1.47177
1.98868
2.6337
2.66682
3.24665
3.19325
2.52004
2.23398
3.03943
3.03943
3.03943
3.03943
3.13281
2.94869
2.94869
2.78576
2.44955
1.85166
0.877901
0.291913
0.291913
1.22546
1.21741
1.21741
1.3456
0.91466
0.353957
0.470169
0.577285
0.577285
0.577285
1.27585
1.27585
0.708728
1.18384
0.991315
0.296188
1.15633
1.42106
1.42106
0.704381
1.66187
1.66187
1.47268
0.691782
0.353823
0.1386
0.105038
0.105038
0.105038
0.105038
0.105038
0.614947
0.856038
0.856038
0.856038
0.856038
1.01958
0.412529
0.412529
0.631788
0.631788
1.46796
1.46796
1.68272
1.45324
1.45324
0.898041
0.723378
0.338302
0.964066
1.31186
1.64211
0.74733
0.74733
0.74733
0.0773101
0.158608
0.47816
0.47816
0.47816
0.47816
1.44781
0.833083
0.227649
0.838653
1.74633
1.40681
1.56179
1.03178
0.112511
0.112511
0.304583
0.598667
0.598667
0.662569
0.662569
0.662569
0.662569
1.5098
1.61206
0.759686
0.0691326
0.0691326
1.0401
1.0401
1.54033
1.78095
1.57934
1.57934
0.595962
1.18887
0.927658
0.927658
0.00876403
0.00876403
0.11863
0.11863
0.11863
0.11863
0.212868
0.803524
0.803524
1.30451
0.727045
1.10002
0.277979
0.277979
0.277979
0.277979
0.277979
0.653143
0.653143
0.69173
0.69173
0.69173
0.788319
0.17015
0.563117
1.18902
1.33466
1.33466
2.27766
2.13359
2.29792
1.73499
1.12344
0.835756
0.937855
0.323828
0.323828
0.323828
0.323828
0.140345
0.140345
0.140345
0.140345
0.140345
0.140345
0.478949
0.574434
0.979274
0.421762
0.297773
0.297773
0.048578
0.048578
0.048578
0.048578
0.048578
0.398447
0.258512
0.258512
0.307494
0.307494
0.702226
0.702226
0.474343
0.687364
0.687364
1.46322
1.23637
1.32147
0.59276
0.649029
0.508691
0.851752
0.851752
1.3485
0.716206
0.716206
0.716206
0.716206
1.52139
1.64727
1.67032
0.683421
0.683421
1.29955
1.13099
0.929584
0.826527
0.516879
0.370067
0.0245712
0.195391
0.195391
0.398231
0.398231
0.398231
0.398231
0.759996
0.0920529
0.668963
0.668963
0.537531
0.537531
0.861135
0.548219
0.548219
1.09304
0.954392
0.954392
0.954392
0.0144676
0.439119
0.439119
0.849037
0.933298
0.563089
0.563089
0.0211312
0.0211312
0.0211312
0.0211312
0.0211312
0.0211312
0.888586
0.435609
0.435609
0.00959077
0.00959077
0.00959077
0.00959077
0.00959077
0.00959077
0.00959077
0.00959077
0.00959077
0.630743
0.0315581
0.0315581
0.236499
0.236499
0.236499
0.236499
0.396247
1.0875
0.789974
0.119707
0.808026
0.808026
0.98047
0.98047
0.98047
0.330487
0.330487
0.0758266
0.0758266
0.0758266
0.0758266
0.377885
0.377885
0.377885
0.844132
1.21044
1.21044
1.39413
1.39413
1.86712
1.74102
1.20043
1.20043
1.90011
0.969307
0.969307
0.74025
0.535356
0.0946328
0.0946328
0.0946328
0.45545
0.527126
0.307565
0.576229
0.576229
0.576229
0.576229
0.576229
0.576229
1.54848
1.54848
2.2627
2.2627
1.30785
0.702471
0.702471
0.83818
0.0623484
0.0623484
0.0623484
0.0623484
0.656072
0.656072
0.656072
1.1691
1.205
1.49777
2.36582
2.11121
1.80526
2.15141
1.156
0.380013
0.741556
1.11356
1.11356
2.02161
1.82948
1.25138
1.55712
1.12005
1.12005
1.59099
1.95424
1.73641
1.73641
1.15055
0.320907
0.865226
0.865226
0.410187
0.609055
0.609055
0.609055
1.00665
1.00665
1.12108
1.25809
1.20839
1.41744
0.513549
0.877751
0.802448
0.802448
0.193864
0.0314325
0.0314325
0.0314325
0.265318
0.265318
0.265318
0.265318
0.214227
0.214227
0.565749
0.565749
0.310679
0.310679
0.310679
0.513415
0.513415
0.365148
1.15632
1.15632
0.811676
1.54909
0.589247
0.493418
0.284279
0.284279
0.284279
0.655056
0.000393623
0.000393623
0.0958934
0.0958934
0.0958934
0.0958934
0.0958934
0.054238
0.054238
0.054238
0.054238
0.054238
0.602924
1.1198
0.264043
0.437122
1.12099
0.93803
1.00071
1.40366
1.58959
0.670641
0.148602
0.148602
0.727937
0.788984
0.524451
0.870142
0.0619073
0.293461
1.06409
1.90634
1.90634
2.19621
3.0497
3.0497
3.05025
2.52447
2.52447
1.93054
1.68677
2.61168
2.61168
3.05994
2.86523
2.77579
2.77579
3.14007
2.5601
2.90392
2.57814
1.66309
1.20892
0.703847
0.242026
0.242026
0.797555
0.797555
0.797555
0.797555
0.114236
0.114236
1.03158
1.04055
0.0466705
0.0466705
0.0466705
0.481516
0.481516
0.481516
0.481516
0.481516
0.543857
0.033311
0.033311
0.628791
0.0448918
0.0448918
0.0448918
0.233742
0.233742
0.233742
0.233742
1.0641
1.0641
0.614407
0.688173
0.828495
1.26353
0.734793
0.734793
0.734793
0.471202
0.471202
0.471202
0.284068
0.901186
0.334687
0.334687
0.334687
0.334687
0.0285705
0.0285705
0.0285705
0.0285705
0.49936
0.0999692
0.0999692
0.159815
0.159815
0.159815
0.209088
1.14166
1.56827
1.60371
0.897745
0.392548
0.628453
0.182707
0.182707
0.772256
0.867512
0.759692
1.55199
1.3593
1.3593
1.9581
1.32149
1.32457
1.32457
0.887091
0.887091
0.381897
1.31698
2.17526
2.4137
3.12063
3.12063
3.75987
4.54365
4.77738
5.55326
5.55326
5.4462
5.32607
5.32607
4.6363
4.6363
4.53494
4.53494
4.53494
4.44266
4.43419
4.43419
4.34017
3.49426
3.11756
3.41463
3.04015
2.42955
1.72634
1.13327
1.82622
1.51088
1.51088
0.650153
0.532074
0.532074
0.0976032
0.0976032
0.0976032
0.0976032
0.0976032
0.0976032
0.953933
0.96854
0.631589
0.305935
0.305935
0.305935
0.839863
0.768672
1.01039
0.289677
0.221695
0.221695
0.221695
0.221695
0.221695
0.578366
0.912061
0.169741
0.251391
0.251391
0.528168
0.75598
0.146782
0.146782
0.434977
0.853351
0.225123
0.583032
0.206828
1.18512
1.18512
1.02032
0.145017
0.145017
0.426992
0.230549
0.230549
0.230549
0.829695
1.27636
1.42706
1.64152
1.21768
1.76785
2.44131
1.86612
1.86612
1.64382
1.37224
1.37224
1.10005
1.10005
0.749119
0.394057
0.394057
0.394057
0.394057
0.394057
0.394057
0.329788
0.329788
0.329788
0.407447
0.407447
0.407447
0.407447
0.427039
0.427039
0.427039
0.427039
0.427039
0.427039
0.427039
0.191439
1.17677
1.72574
2.13123
2.27393
2.15195
2.654
2.75728
2.27443
2.80113
3.59949
3.24443
4.02073
4.54152
4.54152
4.10363
3.33763
3.29941
3.89011
3.01008
2.62266
1.66815
2.23363
2.23363
2.49283
2.49283
1.98119
2.92278
3.40455
3.40455
3.18935
3.61499
3.15692
3.15692
2.94065
2.34944
2.63926
2.63926
1.84205
1.84205
1.84205
1.13586
0.163511
0.723175
0.35057
0.270599
1.13596
0.302952
0.397337
0.397337
0.397337
0.0129939
0.185954
0.185954
0.248675
0.576888
0.304117
0.304117
0.215126
0.215126
0.519122
1.32377
1.32377
1.34996
0.710412
0.710412
1.13595
1.13595
1.36478
0.589205
0.323711
0.323711
0.323711
0.413978
0.413978
0.413978
0.0388891
0.0388891
0.237115
0.472033
0.472033
0.741834
0.741834
1.00693
0.524341
0.689054
0.348529
0.348529
1.13426
1.07039
0.133738
0.133738
0.133738
0.0782125
0.0782125
0.0782125
0.0782125
0.117694
0.0531065
0.560688
0.560688
0.560688
0.560688
0.560688
0.369636
0.369636
0.369636
0.232049
1.06403
1.06403
1.06403
0.585572
0.0559482
0.0559482
0.0559482
0.0559482
0.0559482
0.00497135
0.00497135
0.00497135
0.00497135
0.463619
0.999487
1.54179
1.54179
2.3449
2.45275
3.19659
3.08622
3.05435
2.50608
2.41347
2.18405
2.48566
2.05348
2.05348
2.04046
1.33582
0.789373
1.20389
1.20389
0.522833
0.522833
1.04561
1.94389
1.42445
1.30649
1.70295
1.45475
1.80835
0.842693
0.842693
0.739516
0.997827
0.997827
1.71792
1.68917
1.84657
1.47257
0.549267
0.549267
0.549267
0.00228763
0.00228763
0.00228763
0.247084
0.247084
0.247084
0.277312
0.277312
0.277312
0.295138
1.27748
0.364976
1.1912
0.904546
0.621411
0.621411
0.621411
0.621411
1.31381
1.23357
1.23357
0.945993
0.0562077
0.278801
0.278801
0.278801
0.278801
0.278801
0.278801
0.279385
0.675419
0.818372
0.304067
0.912495
0.15601
0.15601
0.15601
0.506313
0.506313
0.506313
0.796487
0.40538
0.40538
0.813931
0.813931
0.627153
0.927835
1.05555
1.59312
2.32838
2.32838
1.70317
1.70317
0.794515
0.307706
0.307706
0.307706
0.307706
0.307706
0.307706
0.307706
0.307706
0.406047
1.04064
1.86127
2.26354
1.4687
1.87154
1.87154
2.67112
2.67112
3.58004
4.29757
4.87214
5.03643
4.66601
4.19594
4.29225
4.11489
3.404
2.40467
2.40467
2.03042
1.15209
1.25263
2.13065
1.3935
1.49465
1.53408
1.67774
1.99531
2.4588
2.4588
3.39141
3.39141
3.39141
2.97237
2.79528
2.33444
2.44082
1.62295
1.15253
0.571048
0.965183
1.13424
1.13424
1.13424
0.988842
0.871185
0.183351
0.0925982
0.0925982
0.0925982
0.0925982
0.250312
0.250312
0.250312
0.250312
0.250312
0.250312
0.250312
0.827614
0.512792
0.112108
0.112108
0.0961042
1.04367
0.348049
0.573931
0.0244669
0.7579
1.28147
1.39075
1.16512
1.16512
0.405612
0.00505746
0.00505746
0.293188
1.12279
1.1428
2.03684
1.31811
1.47474
0.634448
1.08055
0.146453
0.146453
1.10744
1.10744
1.10744
0.767572
1.1318
0.57599
0.57599
0.808613
0.808613
1.29299
1.29299
1.81378
0.834188
0.900176
0.524239
0.524239
1.05527
1.05527
1.05527
1.05527
0.640322
0.437405
0.437405
0.437405
0.437405
0.477669
0.477669
0.477669
0.191079
1.07976
1.08425
0.838429
0.958153
0.190489
0.0702651
0.0702651
0.0702651
0.300461
0.172717
0.183974
0.183974
0.83295
0.83295
1.66489
2.15467
1.28053
0.324319
0.407469
0.407469
0.407469
0.619964
0.619964
0.00934406
0.00934406
0.853628
0.853628
0.0880411
0.817983
1.20186
0.935265
0.164865
0.164865
0.164865
1.09847
1.09847
1.09847
0.684578
0.387223
0.60638
0.798957
0.687913
0.706866
0.706866
0.913433
0.913433
0.884108
1.12652
1.51508
1.44539
1.44539
1.27891
0.915136
0.915136
0.514332
0.514332
0.494105
0.494105
0.494105
0.352244
0.0899859
0.134546
0.134546
0.134546
0.134546
0.134546
0.535912
1.52061
1.28616
1.28616
1.28616
1.74213
1.31177
0.456438
0.2474
0.496383
0.931868
0.938412
0.028958
0.028958
0.028958
0.220141
1.05702
0.549337
1.54131
1.54131
1.32822
0.355196
1.21084
0.784074
1.08204
1.57329
1.57329
1.22908
1.11707
1.11707
1.11707
0.356364
1.25557
0.555061
0.850688
0.850688
0.850688
0.610657
0.50181
1.15497
0.784581
0.896702
0.896702
0.996551
0.996551
1.1865
1.94557
1.81915
1.15384
0.525633
0.525633
0.470607
0.470607
0.0280663
0.0280663
0.0280663
0.0280663
0.0280663
0.0280663
0.0280663
0.402317
0.402317
1.32416
0.622589
0.979266
1.27435
0.943298
0.703374
1.23755
0.814162
0.158361
0.156184
0.172764
0.172764
0.410504
1.06992
1.55508
1.55508
1.00148
0.0406649
0.0406649
0.0406649
0.0406649
0.275597
0.21949
0.273673
0.273673
0.273673
0.380921
0.380921
0.224576
0.224576
0.218826
0.218826
0.218826
0.218826
0.218826
0.218826
0.218826
0.218826
0.218826
0.218826
0.0152083
0.225478
0.0889744
0.00223265
0.223606
0.223606
0.680053
0.680053
1.35353
1.50376
0.907972
0.253215
0.53539
0.350652
0.350652
0.350652
0.350652
0.00722943
0.00722943
0.00722943
0.00722943
0.105601
0.0158212
0.0158212
0.0158212
0.313837
0.3916
0.760607
1.01578
1.01578
1.11406
1.93916
0.957208
0.957208
1.21058
0.916848
0.879965
0.848927
1.82042
2.04919
2.04919
2.83519
2.80168
2.80168
2.26306
1.6742
2.36093
1.81874
1.81874
2.22708
2.82728
1.94312
1.14372
1.14372
1.71645
1.71645
1.48083
1.48083
1.48083
1.48083
1.48083
0.697621
0.38547
1.3401
0.543735
1.13569
0.299566
0.131199
0.131199
0.131199
0.131199
0.131199
0.131199
0.131199
0.131199
0.131199
0.434639
0.434639
1.37532
1.20498
1.20498
0.777623
0.741879
1.09178
1.09178
0.632731
1.05344
1.05344
2.02077
1.66243
2.07576
2.30753
2.31817
2.27628
2.66802
3.56554
3.97529
3.71583
3.71583
4.19747
3.83665
3.20886
2.79733
2.79733
2.12966
2.12966
1.79395
2.39762
2.15761
1.47046
1.62373
1.88408
0.991079
0.174094
0.174094
0.174094
0.174094
0.218064
0.142986
0.765635
0.765635
0.967784
0.949435
0.83976
0.83976
0.83976
0.387666
0.387666
0.387666
1.00889
1.00889
0.884981
0.763123
0.763123
0.863525
0.128136
0.172707
0.172707
0.172707
0.172707
0.0917863
0.0917863
0.261324
0.0481947
0.0481947
0.168364
0.0670446
0.0670446
0.0670446
0.315204
0.315204
0.604347
0.210119
0.678436
0.837836
0.0109688
0.0109688
0.141914
0.159334
0.159334
0.159334
1.14357
1.14357
0.605387
0.859441
0.859441
0.859441
0.859441
0.859441
0.719687
0.137244
0.137244
0.137244
0.137244
0.137244
0.137244
0.410639
0.410639
0.410639
0.410639
0.410639
0.648911
0.806987
0.360307
0.360307
0.360307
0.225835
0.225835
0.0979319
0.0654366
0.0654366
0.921005
0.921005
1.01583
1.7175
1.47604
1.47604
0.789435
0.789435
0.707009
0.707009
0.707009
0.437026
0.321685
0.303385
0.303385
0.303385
0.303385
0.328781
0.0865369
0.0865369
0.0865369
0.524215
0.524215
0.524215
0.524215
0.187981
0.187981
0.818341
0.145809
0.145809
0.145809
0.145809
0.145809
0.275373
0.275373
0.370293
0.370293
0.370293
0.370293
1.27607
1.18121
0.793378
0.443481
0.443481
0.629596
1.37579
2.19845
2.052
1.47765
2.09351
1.33777
0.696286
1.24905
0.339837
0.232052
0.232052
0.232052
0.520439
0.388819
0.112704
0.112704
0.454937
0.454937
0.380069
0.841488
0.841488
0.22439
0.806439
1.75513
2.41926
1.50952
1.02442
1.02442
0.517333
0.0954008
0.0954008
0.398292
0.271143
0.577605
0.148104
0.148104
0.064916
0.0309966
0.0309966
0.0309966
0.197206
0.197206
0.197206
0.153632
0.0300705
0.156747
0.368327
0.938043
0.938043
0.0946278
0.0946278
0.0946278
0.204268
0.204268
0.204268
0.204268
0.417409
0.417409
0.421246
0.434219
0.530382
0.530382
0.553842
0.66492
0.486224
0.486224
0.26932
0.152142
0.152142
0.548561
0.298257
0.0848764
0.0848764
0.0848764
0.0848764
0.0848764
0.187372
0.187372
0.418114
0.418114
0.418114
0.360257
0.360257
1.07323
1.88129
1.88129
1.88129
2.47288
1.51251
1.44654
1.17906
0.916621
0.307511
0.307511
0.307511
0.307511
0.0214796
0.0214796
0.0214796
0.129041
0.129041
0.129041
0.475096
0.640002
0.640002
1.19532
0.393665
0.147885
0.147885
0.147885
0.581701
0.581701
1.45863
1.35579
0.540614
0.418903
0.418903
0.418903
0.265271
0.265271
0.265271
0.265271
0.265271
0.00982602
0.00982602
0.00982602
0.294642
0.294642
0.294642
0.238101
0.277477
0.277477
1.13905
0.592021
0.291259
0.291259
0.291259
0.0515844
0.0515844
0.0515844
0.0515844
0.66672
0.66672
1.12215
0.471486
1.05628
0.694749
1.12511
1.20207
1.08151
0.766998
0.320947
0.450469
0.450469
0.196806
0.196806
0.196806
0.196806
0.196806
0.196806
0.352044
0.352044
0.352044
0.352044
1.06945
0.495273
0.834492
0.821118
0.0295682
0.0295682
0.0109914
0.0109914
0.0109914
0.0109914
0.0109914
0.0109914
0.0109914
0.998854
1.83582
2.8198
3.54739
2.92733
2.25086
1.39177
1.47358
0.754223
0.201625
0.213606
1.143
0.974031
0.0665839
0.87919
1.73273
1.27618
0.416483
0.416483
0.418424
0.418424
0.761718
0.318668
0.641398
0.406233
0.295649
0.0506934
0.0506934
0.0506934
0.0506934
0.0857574
0.346538
0.346538
0.346538
0.346538
0.346538
0.346538
1.2732
1.25467
0.999519
0.181563
0.181563
0.181563
0.181563
0.181563
0.181563
0.181563
0.95514
0.749042
0.749042
1.74314
1.42512
1.73164
0.815604
0.750491
0.750491
0.300255
0.300255
0.298642
0.0827622
0.0827622
0.0827622
0.461553
0.645361
0.617323
0.617323
0.591098
1.1153
0.655979
0.655979
1.00397
0.443083
0.227323
1.07634
0.854956
0.854956
0.892236
1.39337
1.39337
1.39337
0.762635
0.610459
0.467681
0.219024
0.812754
1.47196
0.482123
0.289447
0.0172361
0.0172361
0.0172361
0.0172361
0.355308
0.355308
0.17269
0.0217794
0.0217794
0.0217794
0.0217794
0.993215
0.747597
1.5353
1.37407
1.73106
1.73106
1.48916
1.92926
2.02287
1.40961
0.970331
1.1085
1.35998
1.15292
0.312214
0.312214
0.312214
0.312214
0.312214
0.856041
1.59397
1.78875
2.30633
2.30633
2.73673
3.71452
2.85395
2.55394
1.57742
1.24
0.792059
0.792059
1.19901
1.19901
1.57906
2.26294
1.4005
0.784896
0.784896
1.64245
1.64245
0.668116
0.583774
0.139798
0.139798
0.176359
0.176359
0.176359
0.176359
0.27896
0.0630858
0.28568
0.28568
0.00842071
0.00842071
0.00842071
0.919727
0.774942
0.211051
0.627384
0.627384
0.374971
0.374971
0.2863
0.2863
0.2863
0.2863
0.2863
0.2863
0.829879
1.65913
0.784077
0.0205923
0.841359
0.841359
0.841359
0.249815
0.249815
0.249815
0.249815
0.249815
0.296846
0.296846
0.15941
0.15941
0.440009
0.852602
0.361799
0.361799
0.762447
0.762447
0.762447
0.255613
0.255613
0.255613
0.255613
0.874506
1.70674
1.70674
1.15627
1.04197
0.768312
0.264417
0.264417
0.707436
0.707436
0.446527
1.20308
1.20308
1.20308
0.425237
0.425237
0.0413342
0.254352
0.0858105
0.0858105
0.192115
0.192115
0.180708
0.983047
0.998372
0.209802
0.209802
0.202432
0.793665
0.128501
0.673831
0.673831
1.3238
1.3238
0.969454
1.74338
0.882519
0.882519
0.882519
0.882519
0.321687
0.731101
0.0212842
0.0212842
0.0212842
0.0212842
0.469167
0.44314
0.380891
0.518836
0.518836
0.518836
0.0656092
0.168742
0.168742
0.168742
0.458392
0.458392
0.135176
0.135176
0.135176
0.135176
0.135176
0.135176
0.33907
0.33907
0.377475
0.377475
0.0560154
0.0560154
0.364425
0.364425
0.364425
0.364425
0.735849
0.735849
0.756653
0.670682
0.670682
0.670682
1.20691
0.875588
0.875588
0.487731
0.504358
1.16604
