0.835829
-0.0629404
0.0784587
-0.533456
-0.96073
-1.80531
-2.44965
-1.67095
-1.42863
-2.25119
-2.36884
-3.14213
-2.23568
-2.62621
-2.75787
-1.76701
-2.61511
-2.16211
-1.33462
-0.796034
-0.709168
0.0355679
0.182771
-0.446879
0.258399
0.264878
-0.540621
-0.813916
-0.484819
-0.109191
-0.69521
-1.66515
-2.43926
-2.9487
-3.04165
-3.48564
-4.35819
-5.04768
-5.51293
-5.12365
-5.60904
-4.94989
-5.74051
-5.39459
-4.91776
-5.60584
-6.00637
-5.59821
-4.76501
-4.73108
-4.96728
-5.51471
-5.1391
-5.22825
-5.58799
-5.86344
-6.81474
-6.86544
-7.43664
-6.8919
-6.82997
-6.4299
-7.13964
-6.52746
-5.79234
-6.27283
-6.46084
-7.16543
-7.79373
-8.13522
-8.86627
-8.21306
-7.50962
-7.54045
-8.06257
-8.91223
-9.11332
-8.28714
-9.06607
-8.37447
-8.6207
-9.23041
-9.84264
-10.7089
-10.8115
-10.559
-11.4677
-11.5491
-11.7269
-11.7307
-10.9698
-11.652
-10.7706
-10.009
-10.9164
-9.97912
-9.64888
-9.39444
-9.08835
-9.39373
-9.17229
-8.89015
-8.38692
-8.64543
-8.79044
-8.22279
-8.99395
-8.81772
-9.03489
-8.91521
-9.21479
-8.54962
-9.25846
-9.57115
-9.53525
-9.41234
-10.0434
-9.68034
-10.526
-11.262
-11.3128
-11.2328
-10.8448
-10.8144
-10.9483
-11.9065
-11.3486
-11.3721
-10.4406
-9.6554
-10.6079
-10.6398
-11.6138
-11.0055
-11.8669
-11.5462
-12.1443
-12.859
-13.6814
-14.5751
-14.1083
-14.3173
-13.451
-14.349
-13.7493
-12.7823
-13.7307
-13.2094
-12.2576
-12.2478
-12.914
-13.5839
-12.708
-12.2873
-12.0233
-11.3841
-10.5771
-11.5586
-10.7681
-10.3912
-9.68993
-9.19074
-9.75604
-9.40133
-8.98377
-9.66876
-8.84203
-9.83854
-9.93576
-10.5212
-10.9767
-10.5081
-9.81109
-9.01796
-8.67975
-9.00548
-8.99909
-9.63581
-8.84947
-9.81979
-10.1928
-10.7923
-9.94482
-9.30237
-8.52273
-8.58762
-7.85397
-6.90032
-6.29881
-5.3834
-4.78203
-4.80388
-4.61311
-4.81205
-5.65443
-4.67932
-5.57743
-5.88036
-5.70653
-4.84294
-4.39954
-4.72441
-5.35281
-5.47169
-4.63545
-5.61811
-6.44527
-6.11068
-5.92332
-6.61775
-6.26559
-6.85105
-6.11685
-5.51455
-6.48741
-6.18383
-6.25165
-6.09631
-5.96993
-5.33234
-6.2581
-5.77695
-6.56427
-7.02589
-7.28009
-6.67886
-7.05194
-7.85924
-7.97638
-7.02377
-6.24342
-5.88178
-6.83751
-6.54317
-5.97089
-6.17556
-6.13305
-6.78481
-6.75921
-6.46305
-7.22702
-7.23674
-7.73079
-7.00963
-7.27962
-7.00929
-6.09125
-6.53023
-5.92892
-5.71055
-6.44042
-6.91615
-6.62048
-6.61636
-5.62473
-4.83181
-4.46995
-3.81431
-3.11523
-2.18645
-2.43099
-3.0657
-2.64529
-2.06605
-1.76404
-1.52493
-0.901974
-0.862644
-0.678921
-0.859065
-1.72573
-2.22642
-2.14353
-1.45727
-1.9618
-2.89569
-3.51072
-2.82892
-2.66623
-2.62428
-3.1311
-3.98423
-4.67003
-3.74446
-3.13231
-2.39352
-2.42763
-2.63137
-2.16536
-2.52261
-2.69818
-2.12307
-2.15819
-1.62339
-1.65016
-1.29074
-1.35136
-1.00179
-0.331728
0.000432023
0.261473
0.160934
0.246833
1.05433
1.02299
0.736579
0.361376
0.0410797
-0.640788
-0.691232
-0.0647852
0.611324
1.14546
0.528831
0.286431
0.82516
1.21329
1.95862
2.88507
2.80241
2.89104
3.32761
3.32155
2.64556
3.37908
4.3137
3.77624
2.98996
2.11934
3.11188
3.30367
3.66925
3.89085
3.10953
2.72283
3.619
3.00142
2.67106
1.91384
2.5917
3.56643
2.78249
3.56863
3.3624
2.63684
2.58295
3.05741
2.15737
1.24301
0.289155
-0.386073
0.0403033
1.02159
1.87512
1.91684
2.35438
1.67193
2.43837
2.95929
3.20172
4.1176
4.51022
5.2138
5.42172
5.41768
4.66852
5.11389
5.67978
5.26003
5.68335
5.30054
5.66994
5.54583
5.01131
5.92169
6.50635
7.3094
6.93829
7.34213
7.00712
7.30052
8.19883
7.62996
7.41429
7.6417
6.73371
6.80658
7.34143
7.88735
7.27936
7.34828
7.65922
7.51733
7.68144
7.3661
6.40541
7.17753
6.94261
6.13515
5.79228
5.05245
4.13874
3.20374
2.73597
2.90336
3.57086
4.5154
5.46288
5.02419
4.22415
4.17514
4.9368
5.01818
5.72483
5.76319
5.98521
5.28262
5.09106
4.27066
3.60041
3.87985
3.05934
3.81307
3.60638
3.30789
3.78351
4.07718
4.05934
3.2114
3.21173
2.985
3.51544
2.85339
2.96485
2.95394
3.37072
3.93341
3.38371
3.38054
3.21431
2.67153
3.28607
3.27751
3.16624
2.46448
1.83067
1.32054
2.0096
2.07144
1.13641
1.61394
0.983366
1.91363
1.78731
2.66158
2.68837
2.14948
2.36681
2.84947
3.49651
4.10712
3.44638
4.21642
4.20383
3.64587
3.48857
3.06368
3.6652
3.47738
3.22834
3.08227
3.4823
3.76109
3.36756
2.47187
1.55447
1.67818
1.43887
1.31653
0.413666
-0.502323
-1.11189
-1.17329
-0.259095
-0.259917
-0.109482
0.0196352
-0.903967
-0.931567
-1.73697
-1.03234
-1.53064
-0.853271
-0.859863
0.0921533
-0.0615061
-0.765068
-0.983786
-0.0559792
0.164941
-0.26957
0.129182
0.0849032
0.436141
0.857009
-0.064548
-0.291319
0.158173
0.335295
-0.155731
-0.911391
-0.414337
-1.25241
-1.93278
-1.96065
-1.45273
-0.706557
-0.125626
0.254587
1.04702
1.13427
1.20212
1.72121
2.39907
2.87958
1.90938
1.80022
2.49608
1.68751
2.45824
1.7253
2.7252
2.63349
3.30614
2.49743
1.99446
2.48251
2.01682
2.99605
2.64798
2.96417
3.57403
2.97381
3.72667
3.93428
4.86045
4.47582
3.85978
4.54009
4.42136
4.71765
5.305
4.4936
3.91266
4.86809
5.40083
4.90239
5.59948
5.94719
5.93711
5.74491
5.76483
5.65074
6.62904
7.11859
6.24366
6.9977
7.41552
7.49484
8.15765
7.92013
7.31902
6.43898
5.91559
6.48845
7.327
6.60734
6.87672
7.83769
8.65697
7.68029
7.63856
8.17872
7.78129
8.70431
9.4445
9.85056
9.38809
10.0519
10.194
9.98783
10.1535
9.92805
8.94252
8.54159
8.95215
9.50836
9.27042
8.92835
9.35148
9.48986
8.56273
8.21315
8.06141
7.20342
7.78381
8.31387
7.45234
6.48314
6.91632
6.6614
7.29862
7.62524
8.27597
8.80882
8.01796
7.11319
6.57322
6.11037
5.63126
4.77591
4.61349
5.15939
4.70534
5.60056
4.72022
5.60147
5.25489
5.86297
5.54112
5.72075
5.18553
5.92326
5.95199
6.7781
6.3942
6.72163
7.63693
7.41278
7.24777
8.16421
8.4421
7.79551
8.40329
8.39679
8.82059
8.70517
8.50514
8.10037
7.26077
8.18372
7.80357
8.10434
7.36449
7.90377
8.02134
7.92543
7.90321
8.82515
8.5201
7.62514
8.62128
8.86901
8.61236
8.88718
9.28528
8.39572
8.04607
7.05186
7.54546
7.15632
7.78057
7.78616
7.09082
7.95001
7.62607
6.63325
6.54389
6.4606
7.13711
6.93284
6.03791
6.86572
6.80481
7.7438
7.35398
7.67531
7.37456
7.11367
6.64847
6.98845
6.94766
6.85321
6.48452
7.41817
7.2549
7.55797
6.75931
7.05804
7.24556
6.26028
6.17254
5.43839
5.49583
5.39764
4.40955
4.95181
4.89842
4.1325
3.53377
3.28568
3.99312
4.86952
5.03914
4.62985
5.42663
4.76955
5.38572
4.79983
4.82394
5.42108
6.04177
5.83051
6.58269
7.58019
6.85706
6.79713
6.08912
5.11679
4.29666
4.30641
3.98399
4.90243
5.19766
5.77883
5.71044
6.55988
6.41991
6.40896
5.92153
6.5243
5.84248
6.83992
5.8549
5.01873
5.38361
5.28962
5.8408
5.2208
4.38876
4.29143
4.08907
4.3168
5.24726
5.411
4.56235
3.94504
3.89967
3.09976
3.34311
3.34811
2.96749
2.70796
3.68931
2.95725
2.94238
3.827
4.22724
4.15024
4.62851
4.34564
5.15201
5.08584
5.31417
6.01709
5.07302
5.93778
5.41368
4.75582
5.34282
6.00128
5.34936
4.58676
5.37323
4.48434
3.90444
4.26087
5.14887
5.33221
4.34343
4.01104
4.00706
3.37598
4.25798
3.55182
4.0679
3.56326
3.36296
2.55842
2.38542
1.62639
1.85601
2.38328
2.40138
2.36956
2.95296
2.78467
2.86476
2.31624
1.79788
1.37124
0.614695
0.636183
1.26875
0.822564
1.77478
2.36982
2.63686
3.30901
3.12269
3.90407
4.0101
3.60695
4.53209
4.75617
5.24946
5.8382
5.11327
4.34747
5.24193
5.95568
6.22955
5.23726
5.53321
5.03793
4.39919
5.14551
6.03022
6.41775
5.92148
6.70994
6.92258
7.4331
8.1697
8.52423
8.52263
8.4322
9.03749
9.67891
10.342
10.2658
10.1598
9.64622
9.29802
9.84322
9.90008
9.6621
9.30618
9.96775
10.3584
10.0947
10.2552
10.8173
11.7967
10.9175
11.3571
11.8067
11.6603
11.9528
11.9976
12.1155
12.9019
12.8579
12.1645
13.0219
13.4827
14.457
14.314
14.5955
15.4462
16.3395
16.259
15.7171
15.174
15.2037
15.3237
15.6386
15.6387
15.6578
15.1866
15.374
16.0584
16.2232
16.8241
17.0377
18.0123
18.2465
19.1149
18.3038
19.1699
19.769
18.9374
18.5717
19.5301
20.448
19.7468
18.9478
18.2499
18.0033
17.0402
16.437
16.0995
16.2176
16.526
16.8767
17.434
17.674
16.8713
17.1988
16.7417
16.8095
16.2778
16.151
15.1667
14.2041
13.7717
13.0227
13.2189
12.6502
13.1653
13.7709
13.2888
13.5021
14.4237
14.9565
15.2347
15.0163
14.4603
14.7781
15.0396
15.3375
16.0565
15.1869
15.7188
15.0886
16.0595
15.1077
15.1342
14.3801
14.4398
13.4848
12.7844
12.0278
11.9982
12.91
12.2039
11.6369
11.9494
12.4419
11.8427
11.0205
11.3613
11.5091
12.0847
12.6361
11.8308
11.5578
10.9547
10.1722
9.52337
8.53346
9.25735
8.7818
8.27178
7.95079
8.80701
8.99761
8.58993
8.94784
8.79078
9.07351
8.64355
8.3357
7.37008
7.99038
7.00353
7.34022
6.74013
7.40609
7.54858
8.20703
8.20527
7.65552
7.83623
8.12933
7.83517
6.9716
7.0514
6.40561
5.74741
5.61173
5.17331
4.34257
3.68376
3.61313
3.00003
3.93397
3.93514
3.59483
3.10686
3.02038
3.29019
2.91779
3.26255
3.89485
3.49149
3.54315
3.91875
4.21241
4.85805
4.62265
4.06405
4.25084
3.95851
4.9103
3.94647
4.57454
4.42696
4.42057
3.54382
3.00742
2.47604
3.03639
2.55686
3.09737
2.47363
3.08425
2.34129
3.27889
2.70168
2.312
2.90416
3.83666
3.09971
3.91998
3.62117
3.39797
3.9817
4.44346
5.07303
5.98845
5.07017
5.70914
4.80932
5.80705
5.49679
5.44752
6.20354
6.55914
5.87392
6.84351
6.08973
6.08268
7.006
6.95698
5.99158
6.85565
6.06951
6.96046
6.94868
6.05574
5.28535
6.0011
5.67058
4.74907
4.33767
5.0292
4.67998
4.92891
4.17985
4.21695
5.13071
5.56204
5.48612
5.3844
5.57409
5.12859
5.03856
4.34977
3.70069
4.26513
4.15672
4.19487
4.98683
4.88836
5.86912
6.14875
6.97176
7.86075
8.42753
8.54058
9.31431
9.52448
9.36639
9.69103
10.6657
11.1663
11.6033
11.6237
11.9746
11.6454
11.6662
10.6984
10.6626
11.2085
11.1771
12.1247
12.1278
12.5004
13.099
13.237
12.6451
12.1586
12.332
11.9522
12.1691
11.91
11.726
11.7312
11.8904
11.8699
12.0211
12.4116
12.4507
13.4358
12.91
13.1889
12.9692
13.0491
13.6133
12.6901
13.2765
12.7725
12.3663
11.3953
11.1804
11.3817
11.8114
12.1896
12.7244
12.3215
12.3202
12.3065
11.4342
11.54
12.4171
12.6395
12.9039
13.0027
12.5899
11.6852
11.5891
10.714
10.5895
9.59581
9.23128
9.27312
10.2412
9.69955
8.85404
8.30035
7.81378
8.67695
9.49078
9.13628
9.12295
9.66424
9.57883
9.76251
9.94869
10.2663
10.3278
10.8664
11.254
10.9634
10.7741
10.9663
11.0191
10.8516
10.8937
11.5417
11.7511
12.475
13.3742
14.2777
13.9816
13.7977
14.2164
14.4959
14.5163
13.8376
13.747
14.6764
15.1001
14.7763
15.4844
16.1677
16.3402
15.9731
16.6108
16.5569
17.4724
17.777
17.7673
18.2893
18.1323
18.3189
18.0571
18.2637
18.8092
17.8756
18.6509
18.5215
17.5847
17.2295
17.8984
17.8419
18.1591
18.3026
18.6147
18.1385
18.6109
19.0076
19.7975
20.4039
20.2296
19.8151
19.0268
19.5459
18.8306
19.0532
18.0536
17.6646
18.0893
18.7289
18.1787
17.3452
16.3744
17.0445
17.1929
16.8502
16.0931
15.6887
16.6688
15.9843
14.99
14.74
13.9063
14.0003
14.4312
15.361
14.3892
14.9031
15.1602
15.7443
16.147
15.4021
15.5746
15.4804
15.7383
15.9268
15.3467
15.4907
16.3231
16.1801
15.5838
15.4576
16.2862
16.6766
17.0663
17.9183
17.3387
17.8584
17.9061
17.0446
16.9723
17.206
16.407
15.9072
16.1635
15.9047
16.3219
15.5439
15.418
16.1283
16.9588
16.3093
16.3111
16.0487
15.8749
15.962
16.6801
17.0951
16.6627
15.752
14.8183
14.1439
14.4546
14.0497
13.0516
13.1567
13.3061
13.2007
12.8829
13.0606
12.6853
12.3052
11.6267
10.7164
11.0995
11.5847
11.2496
11.7548
12.6298
12.9731
13.2665
14.0831
14.6315
15.579
15.0952
14.2586
14.7824
14.8425
15.3902
15.7942
15.7912
15.2482
14.5273
14.3672
13.9179
14.4159
13.858
14.5882
13.8411
13.1189
13.6992
13.2527
13.3597
12.8974
12.0414
11.3302
11.2583
10.7945
10.3034
9.42623
8.50182
7.54652
8.47254
7.98752
8.55393
8.52204
9.18963
8.63336
9.02139
9.85129
9.46729
8.8979
9.56874
9.66608
9.17209
9.54291
9.52379
8.99955
8.00351
8.40178
8.79688
9.4629
9.63374
9.47873
9.5222
9.9553
10.6651
9.91974
10.3315
10.8924
10.2028
10.3849
9.64667
9.23953
9.98011
9.45262
9.26847
9.47198
8.64799
9.55587
8.58362
8.94631
9.21445
9.42217
9.55413
9.57845
8.7823
8.07616
8.50845
7.70327
6.87581
7.28818
6.53169
7.12115
7.85017
6.87885
7.78239
7.84949
8.70659
7.83615
7.04117
6.28368
5.57062
6.2196
5.96422
6.05756
6.03826
6.59822
7.51692
7.83728
7.52977
7.43897
6.65216
6.63544
6.83956
7.49142
7.5009
6.67758
6.30148
6.03784
7.02609
6.88376
6.30939
5.70397
5.59811
5.24208
5.86673
5.084
5.59797
5.91385
6.89631
7.81906
7.41275
6.73679
6.24104
5.69847
6.18096
5.96379
5.42628
5.70706
4.86802
5.70541
6.3597
5.84427
5.78346
5.41222
4.43518
5.36984
6.15356
5.73547
5.86035
5.65336
5.84427
5.0799
5.20312
5.10884
6.10264
6.95197
7.91937
8.75961
8.93814
8.70437
8.25474
8.53754
7.99707
7.28543
7.10393
7.09218
6.43591
6.38369
7.16856
6.3349
5.63125
6.55635
6.02257
5.2794
5.8647
6.77654
5.96601
5.92973
5.11898
5.72714
6.1116
6.64429
6.43802
6.67805
5.81284
5.21375
6.13034
6.30726
6.53628
6.47942
5.48991
4.76464
5.07394
5.16227
4.63865
3.69854
3.25452
3.88569
3.71434
4.14146
4.29075
3.85359
4.15382
3.77757
3.07662
3.94069
3.3276
3.84656
3.60435
4.57839
4.5026
5.48699
6.21233
5.70157
4.98773
5.881
6.28253
6.51987
7.26636
7.05217
6.09079
5.71904
5.87498
6.62197
7.09035
7.6728
7.37333
7.69205
7.97831
8.64754
8.79549
7.93926
7.46035
7.39928
7.84427
7.71783
6.81594
6.83673
6.10976
7.04331
7.63096
6.88591
7.6462
8.32839
8.6753
9.15648
9.69375
9.78203
9.82495
9.31721
9.12475
8.81974
8.41817
8.03426
7.82447
8.81845
9.80691
10.0306
10.0908
10.2604
10.2336
10.2654
11.1566
10.5804
10.485
9.7727
9.40177
10.2369
11.1895
10.4482
10.3086
11.1817
10.7543
11.3276
12.0201
11.443
10.5269
11.1338
10.6292
11.533
11.082
11.4091
11.5699
11.0954
11.1591
11.6216
12.4624
13.2478
13.0419
13.971
13.1138
13.7716
14.7391
14.5778
14.8037
14.8727
14.0881
13.7976
13.3106
13.7568
14.1954
14.2728
14.2076
15.1027
15.4939
16.0917
16.0144
16.943
17.666
17.3448
17.729
17.9967
17.4969
16.6928
15.8514
16.7418
17.6862
16.7481
17.3719
17.7193
17.941
18.7751
19.6815
19.3113
20.2347
19.2401
19.8408
19.7462
18.9629
19.7806
19.9554
20.3895
20.7707
21.3161
22.3035
21.3703
21.7786
22.2391
21.7136
21.7009
20.9539
20.486
20.4549
19.6182
20.0702
20.9107
21.2894
21.5376
20.5564
21.0987
20.9452
21.4994
22.3693
21.6828
20.9182
20.6977
19.9552
20.8209
20.7593
21.2437
20.784
19.8265
18.9654
18.5024
18.4337
18.513
18.7822
19.6791
18.8576
18.7322
18.2752
18.6237
18.9492
19.0033
18.4614
17.8338
17.2341
16.6193
17.3131
18.0382
17.3478
17.4302
16.5051
15.6141
15.9133
15.5994
15.2097
15.7211
15.7164
14.7892
13.8808
13.6089
14.2079
14.3099
14.5688
14.1512
14.6014
13.6644
13.0801
12.868
12.3839
11.8639
12.7513
12.3499
12.7094
12.9725
13.4879
13.068
12.7479
13.6171
14.0753
14.7569
15.5926
14.6165
14.7651
15.3914
16.1995
15.5464
16.3591
16.93
17.8055
18.124
18.2591
18.9817
18.7115
19.4482
19.2605
19.4502
19.8973
20.1891
20.7166
20.7239
21.018
21.5724
21.2115
21.5453
20.8618
21.349
21.8011
21.3843
21.0854
21.0562
20.7801
21.7271
22.6312
22.032
22.7409
22.7951
23.0611
22.8487
22.8701
22.4277
22.8434
22.8291
22.7675
22.7031
23.6524
23.7012
23.5288
24.3451
24.1806
23.7499
24.4513
24.3385
24.1964
24.8563
24.1342
24.9518
24.5481
24.3786
24.7569
24.2438
24.6507
25.5436
24.8731
25.4929
24.7196
25.1715
24.4999
24.1216
23.4321
23.6529
24.1102
24.7701
23.7729
23.861
24.3145
24.4622
24.2747
25.0295
24.2038
24.4887
24.7464
25.0162
24.8811
24.4216
25.1592
24.9214
24.9702
24.034
23.7337
24.1753
23.8584
24.2483
23.8903
24.5788
23.6421
22.8879
23.5942
23.6712
23.9857
24.1032
23.2624
22.8609
23.6168
23.9627
23.9673
24.0413
24.5948
24.3389
24.9321
25.6132
25.8187
26.3364
25.4857
25.1872
24.9099
24.4549
23.9176
24.1707
23.7288
23.6922
23.0726
23.1327
22.5424
21.6833
21.4947
21.9146
22.1186
22.2423
22.3848
22.6083
23.5431
23.3824
22.9223
22.716
22.5362
22.3845
22.7086
23.0617
22.6635
23.2921
23.8505
24.1127
23.593
22.8699
22.3876
23.3272
23.1041
22.3663
22.5281
23.1259
22.8086
22.7411
22.2792
22.3355
21.5672
21.5301
21.3461
21.0073
21.5298
21.5551
20.7794
21.2578
22.1388
21.2843
20.9452
21.0592
21.0511
20.261
19.5774
18.7231
18.89
19.8208
20.4359
20.7705
21.6406
21.5709
21.766
20.9338
20.2203
20.6229
19.8606
20.7802
20.7348
21.6975
21.5043
21.2891
21.8032
21.6988
21.6753
21.9018
21.9479
21.3129
22.0657
21.143
21.3083
22.1849
22.3555
22.5934
23.3071
23.7184
23.7666
23.703
22.8475
23.4817
24.3124
25.2191
25.205
24.8447
24.0451
23.1487
23.4042
23.3399
23.3519
23.1012
23.7713
23.5398
24.2256
23.8579
23.9314
24.6409
23.8031
24.5033
24.5625
24.2029
23.4994
23.0039
22.5847
23.4661
23.2587
23.3302
24.1995
24.7282
25.0413
24.6707
24.8475
24.196
25.06
25.2996
25.9295
26.2532
25.9269
25.5848
25.6305
25.1319
25.715
26.5616
27.4905
27.9812
27.6357
27.2818
27.1846
26.2085
26.115
25.3147
24.4288
23.4987
24.2486
24.4095
24.3535
23.9131
23.6786
22.8566
21.9377
22.8548
22.7855
22.7512
22.8005
23.3812
22.5629
22.9201
22.1867
21.2042
20.2934
19.9553
20.9435
21.1084
22.0239
22.0543
21.8936
21.3819
21.9419
22.2126
21.4552
20.9125
20.424
19.849
19.7539
20.5294
20.0738
19.2682
19.6752
20.0675
20.7253
20.6109
20.0847
19.4294
18.6118
19.5534
20.5434
20.4493
21.0736
22.0598
21.3553
22.0446
22.6752
22.7291
22.3281
23.2947
23.5364
24.0706
23.4339
22.5751
22.7231
23.07
22.1124
22.2083
22.1855
22.5572
23.1176
23.7857
23.288
23.3745
23.8391
23.9238
23.5793
23.1257
22.7048
23.6286
24.0607
23.8387
24.7672
25.0162
24.1894
25.0732
25.5314
25.8358
25.8015
26.7467
27.1241
27.1171
26.7146
26.1402
26.0529
25.1177
24.8563
25.7074
24.8337
24.7563
24.3871
24.2454
23.2805
24.1124
23.3711
24.0236
24.3776
25.0106
25.6
25.204
25.0441
24.7337
24.4824
23.9462
23.8238
24.183
23.9545
23.2414
23.3653
22.5068
23.1875
22.6936
22.911
22.7886
22.9902
23.5159
24.2962
23.8423
24.4821
24.2395
23.832
24.0592
23.0644
22.6943
23.0958
24.0525
23.1959
23.0337
24.0059
24.319
24.5952
25.3878
25.8247
25.8941
26.6868
25.7887
26.0551
25.0932
24.627
24.9531
24.9126
24.5724
25.4562
25.7217
25.796
24.9422
25.4097
26.3501
26.1704
26.4968
25.6677
26.6092
27.5104
27.9068
28.0609
28.1109
27.3839
27.0414
27.1069
26.6223
27.0164
26.0574
26.7379
27.0496
26.3995
25.4148
26.0742
25.783
26.1586
25.9746
25.9144
25.4194
24.609
25.4105
25.2096
24.9099
25.8533
26.7789
26.9445
27.7106
27.6157
27.7315
27.8081
27.4369
27.5918
28.4106
29.3342
30.2604
30.1966
30.4425
30.9758
31.0316
30.6344
31.3464
31.2774
32.0112
31.3452
30.6834
29.917
29.5342
29.2321
28.4334
28.3382
27.3609
26.6619
26.3652
25.8321
26.5637
27.135
27.6618
28.3232
29.2154
28.6969
27.9739
28.7394
28.1113
28.7066
28.3343
29.2601
28.5554
28.8598
28.8692
29.4398
29.1511
29.1559
29.8403
30.68
31.1187
32.0978
31.4077
30.4689
30.1904
29.7565
30.5852
30.7485
30.8689
30.7437
29.9876
29.0306
28.2432
27.414
26.9093
27.4128
26.8367
27.0062
27.8757
27.5442
26.6311
27.4279
26.884
27.5122
27.435
27.8841
27.4779
27.4057
27.179
28.1408
28.1853
28.5234
28.9981
29.6721
28.7501
28.2588
29.1287
29.3154
28.7666
29.5548
29.4162
28.8145
28.4171
29.023
28.2728
28.2904
29.0406
29.9048
28.9356
28.5784
28.5287
28.0131
27.0555
26.8847
26.3071
25.4066
25.1382
25.9068
25.5029
25.4147
25.0715
25.9755
26.2025
25.5513
26.1204
25.8311
26.2649
26.0155
26.2923
26.4783
26.4328
26.32
25.8719
25.0381
24.9059
25.3196
25.8146
25.3793
26.2946
25.3849
25.3286
25.5818
26.5223
27.4974
27.5721
27.651
27.6649
28.3794
28.1667
28.6337
29.4083
29.8629
29.01
29.2143
29.7537
29.456
28.5692
27.9771
27.628
28.4616
27.9523
28.1766
27.7776
27.6738
28.4276
28.0581
27.0952
26.7082
26.1906
25.7972
24.933
24.4285
23.499
22.7559
23.2706
24.0476
23.4429
23.0899
22.206
22.6488
21.9754
21.2071
20.318
19.8727
19.383
18.8001
19.3045
19.4224
19.7916
18.8336
18.7794
19.0495
18.2513
18.3635
19.1276
19.1536
19.3949
18.9107
19.0271
20.0025
20.8282
21.6192
21.5064
21.714
21.0922
21.3403
21.0098
21.5313
21.7397
21.1056
21.5993
21.0843
21.393
21.106
20.4355
20.3528
19.4871
19.2993
19.1492
19.0709
19.7709
18.9029
18.9131
18.391
18.6454
19.5806
18.6852
17.8296
18.1118
17.6874
17.2399
17.4515
17.3926
17.1741
17.5282
17.2488
17.823
18.4336
18.1408
18.568
18.0945
17.2486
16.4818
17.1443
17.6722
17.511
16.9932
16.532
15.743
15.7605
16.4453
16.8464
16.3111
15.526
15.3601
16.0907
15.4628
15.1516
14.5384
14.379
14.8606
14.9854
14.0407
15.0087
15.6814
14.7545
15.6994
14.8761
14.2101
14.6969
15.501
16.1052
16.5542
17.0466
17.8836
17.9421
18.6972
18.3215
18.8749
17.9705
17.556
17.1174
17.9955
17.8239
18.6648
18.3079
17.7195
18.0474
18.2424
17.2783
17.8794
17.008
16.1623
16.712
16.2379
16.6308
16.5702
16.9274
16.3374
16.5989
16.0213
15.4192
15.6243
14.6263
14.3821
13.9697
12.9794
12.8694
13.626
13.7365
12.8436
12.5455
11.9435
11.6643
11.4962
12.0314
11.0674
11.0688
10.7109
10.9482
10.1951
10.1225
10.8169
10.3942
11.2
10.2199
9.23435
8.62429
8.56226
8.85508
7.85776
8.33377
7.44572
6.45943
6.48623
6.66281
7.38411
8.02709
8.21548
9.10557
8.91693
8.42488
7.6753
7.54215
8.49251
8.49262
8.52503
9.21249
9.51019
9.92925
10.3477
10.6325
10.2503
10.7245
10.1045
9.54796
9.69366
9.42074
8.93027
8.67723
9.37595
9.52107
9.64824
9.93819
9.99652
10.8467
10.1075
10.7065
11.392
10.8372
11.0973
11.7265
11.7976
11.4479
12.3152
12.6598
13.2
13.6317
13.7541
12.9148
13.8369
14.2787
14.9212
13.9298
14.7898
14.3301
15.1049
15.0779
14.3656
14.8265
14.6672
14.5393
15.3764
14.8383
15.6945
16.411
16.1181
15.2454
15.3007
14.7556
14.0983
13.7652
14.7114
14.2607
14.4546
14.4556
14.526
14.7563
14.0931
13.1216
12.5605
11.8882
11.1298
12.0449
12.0471
12.2594
12.2631
11.5063
11.6934
11.2174
11.5559
11.0824
11.0388
10.4119
10.4706
11.3612
11.3684
11.8742
12.5124
13.1212
12.3132
11.8772
11.205
11.0043
10.9607
11.5812
12.3824
13.3357
13.8072
13.9563
13.3062
13.184
12.8018
12.9884
13.4284
13.3475
12.9561
13.5007
14.4277
14.1265
13.5913
14.4154
13.6536
14.2294
15.1128
14.6609
14.8839
15.0409
14.1511
13.2942
12.8578
12.2883
12.1863
12.1554
11.8239
12.2119
12.3976
13.2433
12.6029
12.499
11.6981
11.804
11.4234
11.0156
10.1811
10.3554
10.8046
11.0171
10.6737
10.2207
10.3166
11.0168
11.9601
12.5526
11.7995
12.4214
13.0386
13.8655
14.7981
14.6394
14.0579
14.8072
15.6502
16.216
15.5442
15.5075
14.9064
15.6471
16.5957
16.5377
15.7459
15.9959
16.3043
15.925
15.7668
14.8857
14.1156
13.8976
13.225
12.3904
13.2338
13.5384
14.1407
13.7737
14.6528
13.9482
14.2887
13.9829
14.1177
13.839
14.2556
14.3107
13.6245
12.654
11.7421
11.9653
12.4271
12.2781
11.8667
11.6179
11.8834
12.7545
13.4774
14.001
14.0966
13.1003
13.4188
14.0415
15.0009
14.4641
13.836
13.41
14.0963
14.6287
14.213
13.4157
12.6303
12.0434
12.7042
12.563
12.8841
13.7001
13.5314
12.9973
13.2093
13.3059
13.5519
14.1759
13.7945
14.072
13.1762
14.0887
13.7164
12.7718
12.9566
13.906
14.6518
13.6819
13.1893
12.533
13.0324
13.5428
12.9259
12.3677
12.8926
13.7129
13.3716
12.811
12.9528
12.6392
12.1656
11.8762
12.4318
11.5343
11.6599
11.3727
10.6216
11.5494
12.3105
12.9343
13.52
12.998
12.9866
12.3826
12.5365
12.2883
12.0912
11.2924
10.3758
10.2228
10.3082
11.2258
11.5503
12.2007
11.2956
11.0986
11.7946
12.0475
12.6005
12.3824
11.4907
10.9786
10.199
10.2924
9.97442
9.5094
10.1167
9.96572
10.277
9.61586
10.3782
9.77594
9.8941
9.9697
9.48737
9.90474
10.247
10.5797
9.82097
9.94354
10.5588
10.1057
9.33443
9.5866
8.60753
8.79065
8.32484
8.97745
9.19126
8.94213
8.43236
7.88029
8.33344
7.95998
7.7136
8.67758
7.72988
7.27796
6.28143
5.73334
5.73992
6.10703
6.85101
7.77698
8.08484
8.6447
7.97381
7.44947
6.8858
6.08464
6.54181
7.50802
7.67462
6.95234
6.54087
6.89414
7.41164
7.97404
8.00225
8.19973
7.53594
7.41249
7.15042
8.02489
7.81569
7.25915
6.38658
5.44166
5.88959
6.57779
5.73569
6.14589
6.98439
6.43992
6.96852
6.0009
5.90297
5.58823
5.9681
6.8701
6.17845
5.70567
6.25917
5.2966
5.0886
6.05077
5.20437
5.6157
5.20603
6.05656
6.19803
6.09002
5.89629
6.26575
6.05416
6.70407
5.84573
6.12039
6.52277
6.65412
7.16283
7.69568
6.77055
6.05914
5.81009
6.01587
5.9816
6.52729
6.00821
5.651
6.34206
6.1755
5.50074
6.23071
6.48943
6.17581
7.08969
7.58751
6.78551
7.63485
6.79142
6.15473
6.16136
5.61646
5.24447
5.06237
4.3839
3.43463
4.28174
4.36616
4.26465
4.90145
5.00857
5.33817
5.94666
5.53776
5.31401
4.35245
4.80011
5.71173
6.12069
6.95336
7.59561
8.4112
7.89893
7.81649
7.81144
7.23745
6.63204
5.88554
6.1855
7.12503
7.05473
7.65978
7.90635
7.40649
6.44241
6.20181
6.3916
6.32074
5.4319
5.64956
5.44975
5.09078
4.80392
4.60337
4.05442
4.35212
5.34749
5.95342
6.1111
5.79257
5.23268
5.33544
5.94618
6.15917
7.12544
6.43616
7.27454
6.45376
5.75614
6.2061
6.40861
6.09298
6.1768
5.42275
4.97072
5.53714
6.33592
6.22931
5.92874
4.96888
4.70385
3.97962
3.86017
3.36913
3.30275
3.31217
4.19075
3.77779
3.72887
4.45749
4.70182
4.81698
5.69813
5.48089
4.78648
3.91833
4.61892
5.09353
5.13556
5.20779
5.68324
4.99746
5.88778
5.36587
5.15503
5.39847
5.00973
5.00568
4.66409
4.73437
5.34534
4.41873
5.38085
6.16429
6.68331
5.83459
5.67135
6.41877
5.7195
5.6911
5.21243
4.53385
4.88185
4.65774
4.71211
5.6704
6.17562
6.30484
5.56694
5.50861
5.21903
5.20872
5.85677
6.31986
5.91305
6.21032
5.60944
6.2558
5.83638
5.93896
6.02176
5.29518
4.33702
3.3639
3.67801
3.03072
3.0185
2.93661
3.29134
3.95545
4.86657
5.70008
4.73385
4.85927
4.04577
4.28432
5.09871
4.91661
3.99628
4.79893
4.72721
4.32798
3.68225
2.75041
3.45319
3.25137
3.13416
3.52391
3.0559
2.49967
2.77853
2.61088
2.37956
2.69319
2.88759
3.57522
3.2045
3.97509
4.45578
4.55065
5.16094
5.05279
4.38121
5.1998
5.24286
4.87772
4.89697
4.6816
3.70378
3.96036
3.80945
3.00823
3.45803
2.50553
2.33443
2.5473
2.30607
2.10307
2.17904
1.92912
2.6682
3.04976
2.39483
3.25044
2.8308
2.12837
1.32762
1.35403
2.25748
3.23273
3.07214
3.37492
4.35897
5.03502
4.70854
5.36783
4.84632
5.48096
6.1231
6.48783
6.82745
7.77001
7.82499
7.80222
7.99562
8.8843
9.35757
8.78815
9.7485
9.35693
9.06053
10.0357
9.15807
8.6864
7.90383
7.00195
6.53067
5.90098
6.51881
7.1488
6.8763
7.84857
7.7264
6.9053
7.44869
8.38326
8.65566
8.63638
8.52113
7.68598
7.81297
8.25842
8.79275
7.95123
7.79455
7.205
7.82692
7.90194
7.79644
7.9106
8.28179
8.89371
8.1155
7.44105
8.43053
8.0636
7.6798
7.78646
8.2283
8.55648
9.00601
8.01226
7.31261
7.48094
7.42191
6.62121
6.87812
6.32606
5.60508
4.90477
4.97818
4.3583
4.07945
3.37232
2.90242
3.33721
2.59937
2.71062
2.95991
3.65777
3.67497
3.70552
3.05892
2.55744
3.02777
2.23637
1.25468
0.661484
0.46695
0.409646
1.03721
0.733114
1.5964
2.14904
3.09643
3.65831
4.60383
4.91262
4.65224
4.75968
4.30599
4.73909
4.61673
5.32723
6.23377
5.28472
5.87868
5.93161
6.02663
5.89115
6.41139
5.8388
6.32776
5.90393
5.74837
5.0186
5.26713
4.59278
4.63656
5.07847
4.73711
4.97702
4.06485
4.21032
4.40578
3.80736
3.41077
4.4059
5.35624
4.81987
5.79601
6.00961
6.14461
5.64384
6.33607
6.57418
6.04282
6.94472
6.04415
5.5391
6.0764
5.47766
4.69569
5.06051
4.70156
5.64656
5.24026
5.67714
6.33695
5.7993
5.18524
4.91189
4.05434
4.34627
5.25794
4.48482
5.4846
4.60041
4.30773
4.13049
4.43508
4.88226
4.3214
4.67436
4.96808
4.6358
5.08143
4.20585
4.11868
4.39076
4.22123
3.38825
2.85544
2.60009
3.33517
4.15485
3.55604
4.07661
3.65146
3.63743
3.72845
4.23326
5.00053
4.96414
5.8354
5.99125
5.20024
4.79547
5.77683
5.1788
4.24763
4.7227
5.48639
6.22116
6.14786
6.35431
6.20212
6.66342
5.83248
5.24382
4.97301
5.47686
5.68799
4.76392
5.27569
5.30084
5.86093
5.27944
5.14862
5.44379
4.94566
4.32619
4.92237
4.59168
4.13088
4.52304
4.85418
5.22675
6.06086
6.32857
5.54024
4.69066
4.14798
3.7667
4.62295
4.6793
3.86316
4.38969
5.23673
5.38647
5.87517
5.68294
4.84347
4.23026
3.29483
2.57218
2.59593
3.3692
3.769
4.58472
4.88712
4.45352
4.45642
3.54798
4.00416
3.06514
2.54492
2.42856
2.78218
3.08038
2.50469
2.32212
3.18445
3.98994
4.96557
4.5706
5.54032
5.21164
5.15183
5.25813
4.93439
5.6232
6.33317
5.54599
4.69917
5.11666
5.27246
5.46757
6.04367
5.07134
4.16104
3.44364
4.14038
4.62762
5.18481
4.51225
5.3921
6.25299
6.01264
6.48884
6.58091
5.89628
6.13954
7.12342
7.98353
8.50454
8.85535
9.71769
9.66894
8.95622
9.02354
9.49995
9.43162
9.52296
9.38132
10.3432
10.9013
10.3438
9.47465
9.05635
9.95934
10.5279
10.0771
9.34655
9.3264
9.34072
9.54872
9.51405
8.91902
9.54542
8.87608
8.40915
8.92599
8.06033
8.06101
7.72819
6.75162
6.60265
6.14081
6.0001
5.35463
4.58965
3.60069
3.59959
3.75552
2.78566
3.25494
2.55788
2.44303
2.61738
1.907
1.68403
2.3446
2.82132
3.45897
4.43283
4.84934
5.71256
6.50506
6.28041
5.29444
4.52101
4.08655
3.13755
3.03487
2.7594
3.6203
3.06386
3.26148
2.79352
3.10088
3.79795
3.63249
3.89716
3.91787
3.71062
3.58249
4.48039
3.60978
4.07354
3.69839
3.88733
4.33503
4.16972
4.52305
4.56671
5.24099
5.15026
4.66686
3.82372
2.85461
2.52645
3.15109
3.72814
2.82015
2.94345
2.47578
1.80907
2.65648
2.89901
2.37674
2.31253
1.61243
1.40304
0.9257
0.545937
0.21286
0.326121
0.507737
-0.166783
0.747089
0.0212177
-0.852199
-0.846631
-1.4904
-1.39613
-2.24363
-2.48073
-2.34204
-2.61228
-1.82934
-1.02634
-1.86587
-1.2269
-0.741771
-1.37391
-1.75427
-2.08585
-1.46578
-0.934214
-1.69431
-2.64936
-2.05633
-1.43629
-1.98985
-1.12997
-0.5221
-0.7062
-1.02128
-1.32984
-0.590894
-1.37105
-1.74223
-2.19878
-1.29841
-0.735937
-0.168149
-0.326138
-0.569974
-0.13799
0.618637
0.305393
0.828587
1.13507
1.45082
1.15554
0.860202
1.83528
1.90222
1.69023
1.18829
1.07189
1.84617
0.920156
1.27338
0.314888
0.475238
0.926635
0.898452
1.68722
1.04368
0.903379
1.59552
0.633915
-0.234997
0.36772
0.752271
1.03084
0.278811
0.330162
0.267112
-0.213739
-0.0999869
0.753826
1.69195
2.64381
2.37548
1.74097
2.46864
1.92369
1.11325
1.86253
1.04403
0.721865
1.12087
0.38604
-0.136854
0.659746
0.283501
-0.366766
-0.484237
0.408609
-0.585488
0.00761675
-0.782392
-0.102916
-0.0780547
0.792844
1.00543
1.41727
2.08185
2.35584
2.85894
3.44883
3.78975
4.43637
3.69447
4.15942
4.84291
5.47249
4.91715
5.33671
4.72567
5.13763
4.44862
4.37615
4.94379
4.97045
5.07015
4.27211
4.1452
3.51621
3.62625
3.41441
2.45486
2.71334
3.69051
3.80896
4.71701
4.50616
5.32058
4.48784
4.41214
4.19883
5.19258
4.50425
4.56839
5.13416
6.07154
6.0445
5.80784
6.67142
6.84537
7.49327
7.69325
7.06369
6.49782
5.82299
6.70097
6.15409
5.71982
6.19709
5.28514
5.94211
5.66659
6.49012
6.30106
6.90224
6.89836
6.75161
7.74759
7.09123
6.50072
5.60295
6.27495
6.19244
6.68392
5.93302
5.66559
4.93902
5.37423
4.53178
4.55089
4.72641
5.65133
5.81937
6.12776
6.60398
6.76021
7.1002
6.71051
6.77235
7.66912
7.72017
6.78598
7.73614
7.70032
8.31518
8.42561
7.46402
7.83935
8.09232
8.70927
9.44457
8.46817
8.70543
8.49812
8.09638
7.6162
6.87321
6.77145
7.20398
7.24885
6.36032
6.75042
5.86954
5.08219
5.98181
6.6387
7.36717
7.10418
6.6059
7.12419
7.42621
7.62478
8.22216
9.17278
9.86189
10.2788
10.0298
10.6409
11.1772
10.5439
10.0661
10.14
10.6121
10.548
10.3119
11.0137
10.5669
10.4459
10.2801
9.81084
10.0069
10.9613
10.9158
11.1082
11.3561
11.2334
10.568
10.3585
10.8912
11.6152
11.1912
10.8364
11.2668
11.0925
10.4002
10.2424
10.6903
9.83815
9.07749
8.5277
7.5418
7.23771
7.80843
8.2062
7.8072
7.52779
7.95527
7.45416
8.02064
7.84219
8.14862
8.68615
9.00517
9.82721
10.3325
9.791
8.98695
8.24049
8.85648
7.86767
7.43527
6.73891
7.56381
8.04389
7.73623
6.77292
5.9312
5.87732
6.79125
7.24136
7.40147
6.44871
7.01695
6.05903
6.65246
7.49671
6.79927
6.95128
6.10822
5.14934
4.58431
3.60711
4.42109
5.18203
4.55675
3.64869
2.7247
2.07944
1.805
1.74357
1.20488
1.09634
0.709213
-0.214449
-1.20163
-1.58478
-0.92296
-0.575353
0.146221
-0.785001
-0.613112
0.105688
-0.0394747
0.0211866
1.01224
1.94362
1.2171
1.66201
2.48786
3.15339
2.40641
3.19073
2.68065
2.64703
2.44903
2.69517
3.38751
3.66993
3.76597
3.47246
4.112
3.48479
3.94368
3.39169
3.54349
3.57007
4.37926
4.82348
4.85321
4.08426
4.93324
5.31362
5.92818
6.58746
5.86266
5.54542
4.54607
5.10613
5.11095
4.87596
5.13942
4.56626
4.98024
4.1774
4.20372
3.42166
3.46035
3.81428
4.02516
3.12956
3.51752
3.60062
3.37612
3.7107
4.35169
4.27726
3.27967
3.05196
3.43544
2.85046
2.45066
2.12482
2.04654
2.33189
2.86776
3.54921
3.14416
2.28824
2.72526
3.29836
3.57347
2.61746
3.49195
2.69723
2.94675
3.07253
3.83288
4.28143
4.11331
5.07297
5.83818
4.97447
4.42398
5.1195
5.8583
5.76493
5.46929
6.30159
5.55738
4.82749
4.22518
4.04895
4.0545
4.48041
5.37453
5.59528
5.98764
6.04538
6.3986
7.32244
8.09557
8.5538
8.60801
9.36661
9.01558
9.05639
9.04551
8.20614
8.14107
8.68554
9.10844
8.73209
9.64147
10.4317
9.70359
8.96509
9.93108
10.26
9.95467
10.0529
9.83619
10.1303
10.397
9.56835
10.3622
10.5617
10.0012
9.05985
9.99978
10.6059
11.2133
11.134
10.3193
11.3169
11.3288
11.7704
11.7992
10.9459
11.1999
11.4422
10.5021
11.3001
12.2928
11.3081
11.9039
12.1491
12.1188
12.3334
12.0742
11.3246
11.3335
11.2588
10.7126
11.3538
11.9345
12.8174
12.2635
12.249
11.9274
11.4591
10.9653
10.2272
9.74279
8.9646
9.06968
9.00191
9.79878
9.83705
10.0688
9.29281
10.2316
9.74034
9.06135
9.17735
9.99217
9.57792
8.72238
7.87074
7.76898
6.97928
6.47075
7.06616
7.06853
6.36109
6.73631
5.8594
6.29185
6.27534
6.73128
6.34234
6.75638
7.64992
8.12839
7.48308
7.38351
6.92502
7.78397
8.02534
8.75347
8.94093
8.38091
8.5045
9.20229
8.64185
7.94013
7.73585
8.18221
8.9135
9.46272
8.8656
9.22789
9.74025
10.7384
11.5223
10.5359
9.63451
9.78203
9.247
10.1383
10.1686
10.5857
10.8729
11.6315
11.4729
11.501
11.8775
11.2161
10.55
11.5499
10.786
10.3207
10.6876
10.8762
11.1115
10.4997
10.1231
10.7928
11.6577
10.7286
10.9957
11.0435
11.4286
10.8576
10.7669
11.258
10.4551
9.59685
8.72097
8.44886
9.12359
9.59809
10.4906
9.56619
10.309
10.9155
11.4014
10.505
11.0748
11.9981
11.6998
11.9397
12.4337
12.1857
12.9599
12.9984
12.592
13.3112
14.1076
13.1381
13.8037
12.8982
13.1314
12.1655
12.6923
11.7866
12.6624
12.5113
11.8158
11.5806
11.5612
12.127
12.295
12.854
11.9831
12.0571
12.8809
12.5542
12.4794
13.1209
12.3092
12.0344
11.1868
10.5468
10.2684
10.2745
10.278
10.582
11.5487
11.3413
11.5817
10.799
10.29
9.73354
8.86158
9.67097
10.484
9.73228
10.0026
10.8466
11.3173
11.6095
11.0793
11.8553
12.1244
11.6629
12.4331
13.3064
13.5818
14.2639
13.6089
13.5471
13.5164
13.001
12.4402
12.1307
12.9916
13.468
13.6079
14.1373
13.717
13.9749
14.741
14.2179
15.1955
15.884
15.0399
15.4203
15.1365
14.8601
15.2985
15.0977
14.367
13.6133
13.6212
14.1482
14.4346
15.4196
15.7602
16.0904
16.9532
16.6832
17.183
17.5513
17.185
18.1186
17.5658
17.6699
16.6709
16.6675
16.4597
16.439
15.5016
14.9437
15.5259
16.5059
17.1554
18.1472
17.5412
17.1951
18.188
18.3713
17.8134
18.3799
17.5171
16.9743
16.1051
16.1742
15.9815
16.1528
16.1838
16.8981
16.8137
16.8345
17.4371
18.2837
18.391
17.9174
17.3493
17.7471
16.7475
17.7087
18.152
17.7913
17.8941
17.2368
16.6533
15.8287
15.8309
15.243
14.2838
14.1988
15.0297
14.7125
15.4979
15.9314
15.5623
14.7221
15.2932
15.3661
15.5256
14.9801
15.8754
15.0652
15.46
16.0922
16.9092
17.0169
18.0136
18.806
18.3426
18.2074
18.5924
19.5009
18.6754
17.7204
17.6878
17.0184
17.9313
17.264
17.2151
16.911
17.7268
18.1435
17.8075
17.4987
17.4205
17.1947
16.714
16.774
15.9957
15.402
15.2944
14.4131
14.0044
13.6842
13.2447
13.1197
13.933
14.7933
15.7203
15.3554
14.5181
14.9321
14.5481
14.628
15.4418
14.9715
15.4301
14.6952
14.8565
14.5574
14.3609
15.0968
16.0515
17.033
17.1596
18.1142
17.6295
17.9323
17.4556
16.5083
17.4785
18.0423
18.7877
19.353
19.6932
20.339
20.9015
21.7464
22.6617
22.9687
23.4054
24.205
24.1382
24.4647
23.5606
22.8545
22.2107
22.6935
23.5815
22.9535
21.9929
22.1455
21.2601
21.3436
22.0918
21.1782
21.9439
21.283
20.6608
20.7492
20.7134
20.9271
20.9533
20.324
20.3541
20.7024
20.2678
19.362
18.5524
18.7092
18.078
17.2128
17.1469
16.2185
15.9578
15.0372
15.006
15.1699
15.7039
15.514
15.5349
15.0161
15.5192
14.9107
14.3647
14.6622
15.017
15.3133
16.1239
16.9623
16.7978
17.6107
18.4638
19.4125
20.0791
19.6097
19.8554
19.5183
19.9805
19.4705
19.3547
19.891
20.7361
20.5966
19.9557
20.137
19.5481
19.071
19.8675
19.5068
18.8431
19.3127
18.9153
18.0514
17.1472
16.7851
17.0371
17.2323
17.5622
17.8556
18.1182
17.9015
17.9839
18.1008
18.365
18.6133
18.437
19.038
19.7621
19.0134
18.5785
18.8061
19.4663
19.7682
20.6919
21.3571
20.7853
19.9954
20.4278
21.0405
21.0226
20.5755
21.4792
21.5697
21.7657
22.2278
23.1082
23.6014
24.0239
24.9985
24.9046
25.4311
26.2835
25.9304
26.7035
26.9342
27.9255
28.805
29.6566
29.4789
29.2622
28.3825
27.7761
28.4815
28.8236
28.4977
28.9685
28.9212
28.1856
28.8003
28.3309
28.4401
28.1909
28.2949
28.1686
27.5252
26.6459
26.4429
26.234
26.6701
26.2059
25.5272
25.6057
24.9104
25.7476
26.625
26.4037
27.2905
26.8463
27.3927
27.2328
27.8401
27.9505
27.2782
27.2891
26.485
26.0371
26.7434
27.0959
27.0565
26.2971
26.7865
27.0808
27.9344
26.9916
26.7478
26.7692
27.3423
27.8475
27.4141
26.5191
25.5781
24.9529
25.4097
25.7507
26.1215
25.9577
26.5363
26.3576
26.2352
26.9819
27.3798
27.001
27.9725
28.5366
28.2773
27.4553
26.5813
26.121
26.106
26.6055
25.6405
24.7676
24.0874
23.499
23.4343
22.7792
21.9566
21.6845
22.4067
22.2997
22.7647
22.5938
23.2931
22.4491
22.2137
21.786
21.1205
20.1931
19.7533
19.4591
19.4787
19.0228
18.5209
18.5818
18.8706
19.7407
19.1622
20.0634
19.5399
19.6261
19.6583
19.0219
19.2298
18.2968
17.7904
17.477
16.6048
16.0203
16.6405
16.3819
15.7261
14.8174
14.1551
14.5433
15.1645
14.1809
14.989
14.2216
13.4884
13.2745
13.3134
12.6065
12.1342
11.522
11.6914
12.1094
12.3441
11.5417
12.4277
11.9014
11.1899
11.4538
12.4067
11.9516
11.0511
10.3994
10.8569
11.3177
11.8761
11.5805
11.3637
10.9647
10.5828
9.84006
10.607
10.9162
10.654
9.79111
9.9712
10.0073
10.7613
10.0827
10.8534
10.4585
11.101
11.2347
10.9856
10.6754
10.2076
10.6271
9.95013
10.3027
10.8328
11.3404
10.7847
9.98506
9.33576
10.1862
10.1404
10.4872
9.67577
8.94064
8.15988
8.68941
9.07375
8.96949
9.19766
9.54133
8.65302
8.5722
7.81527
7.96619
7.88526
8.00615
8.98946
8.58107
7.58801
7.84389
6.9325
7.5489
8.4588
7.96616
7.88742
8.15257
8.34967
9.0641
8.30215
8.65386
7.92027
8.53645
8.08317
7.42891
8.30305
8.85669
8.07423
7.17002
6.57791
6.61337
5.94152
6.11735
5.60029
6.20128
5.79795
6.75699
7.27723
7.64077
7.48029
6.63207
6.61164
6.90829
6.24237
6.98082
6.45453
6.58365
5.91666
5.25035
4.95233
4.64342
4.08483
4.7494
3.8218
4.01657
3.51595
3.84351
3.39066
3.72636
3.07476
2.68795
3.50234
2.52938
1.70339
2.51323
2.528
1.70579
2.68003
3.20704
3.73979
4.2402
4.38513
5.36594
5.72039
5.96164
6.27884
7.04353
6.4593
6.45156
6.9433
6.06312
6.97235
6.65717
6.38915
7.31708
6.41934
5.99407
6.73649
6.05528
5.89549
5.81813
5.49708
5.49452
6.04491
5.66049
5.31817
4.76665
3.79246
4.30551
5.0525
4.17676
4.43106
4.55222
4.46876
4.47642
3.80904
3.90948
4.732
3.98943
4.95885
4.65858
4.00297
3.53901
4.0433
3.89594
4.00734
3.35749
2.42348
3.34019
2.58719
1.9306
2.1232
2.23153
2.61088
2.40181
2.44601
1.46209
2.28003
2.03329
1.74951
1.11307
1.78689
1.52948
0.950208
0.234929
-0.454839
-0.584055
-0.614852
-0.865019
-0.198695
0.3684
-0.559539
-1.01427
-0.989714
-1.47138
-1.84983
-2.79778
-2.33095
-2.60302
-2.22769
-1.44576
-1.1814
-0.84257
-0.0296689
0.237507
0.410759
0.340512
1.33916
2.06351
2.21298
2.7638
2.37336
2.64712
3.17135
3.59221
3.44913
3.24396
3.01362
2.09942
1.47603
1.10849
1.0338
1.77419
2.7589
2.0998
1.63476
1.05047
1.48439
1.28722
2.19354
2.47722
1.98303
2.19499
2.58525
2.82582
3.66262
3.60669
3.91914
4.32708
3.95253
4.61743
3.62808
3.27134
2.53034
3.31059
2.52327
2.66778
2.84655
2.45831
3.31483
3.80157
3.94857
4.52941
4.86866
4.30679
3.92743
3.10121
2.67592
3.2231
2.7054
3.4308
2.94113
3.9135
3.18946
3.1371
2.44396
3.07056
3.57808
4.36447
5.04809
4.06715
4.98151
5.47628
4.88852
5.24308
5.29433
5.39106
5.69909
6.22836
6.1745
5.69681
5.17907
6.11216
5.74334
6.24975
6.6019
7.13177
6.20408
6.30081
6.24609
6.35713
5.40406
6.31136
6.8849
6.46254
7.10016
7.22194
8.08036
8.73636
9.07479
9.35105
9.21981
9.309
9.43402
8.49486
9.30096
9.2015
9.51632
9.55854
10.3381
10.1976
10.8115
11.1371
11.8034
11.9604
11.0696
11.822
11.5745
12.1779
11.8563
11.3136
11.0259
10.5317
10.4555
11.2217
11.9674
12.6391
12.0681
11.4734
11.2704
11.0619
11.8711
12.1808
11.5571
10.6686
10.1223
10.5964
10.2399
10.8298
11.3413
11.6994
11.4706
10.9038
10.4569
10.4684
10.2946
10.4711
11.165
11.6202
11.242
11.7512
12.3202
11.6343
10.9768
11.8583
12.0989
11.5954
11.0031
11.7544
12.1773
11.7771
11.0928
11.1313
11.6015
11.3271
11.4122
12.3807
13.3596
12.7945
12.6086
13.4865
14.4129
14.7157
13.7695
14.7038
15.6961
14.801
13.8497
13.5123
13.2907
12.8226
12.7502
12.92
13.0777
12.5323
12.6257
12.0757
11.9207
11.6517
10.9619
10.3829
10.8643
9.95582
9.38862
8.447
8.30157
8.58022
8.15048
7.39452
7.07563
7.40311
6.62394
6.53871
7.16458
6.48106
6.66737
7.2216
8.05315
8.33245
9.20852
9.68093
9.01136
8.64602
8.92872
7.99244
8.16269
7.5925
6.93168
7.63091
8.51238
8.903
7.91615
8.50349
8.99646
8.4751
9.40279
8.54869
7.66323
8.58161
9.346
9.21224
10.1727
11.1221
11.2053
10.6394
11.4091
12.035
12.4522
11.7735
11.9277
11.246
10.2848
10.6075
11.0947
10.2201
10.7447
10.1253
10.8646
10.4985
10.0894
9.19776
10.0595
10.7629
11.4124
10.4749
10.3545
9.37116
9.69516
10.6303
10.2231
9.43479
9.34646
9.60167
10.4943
10.4508
11.1132
11.7055
11.7781
11.1207
11.4844
11.6447
10.9115
10.6341
11.3948
10.6391
11.1307
11.1248
11.1163
11.8677
12.7346
13.4218
12.685
13.2152
13.2429
13.2637
13.4429
14.3312
13.9977
14.4008
13.4989
13.2527
14.0062
13.9634
14.8383
15.4573
15.3342
14.5795
13.7937
13.4094
13.4595
14.3428
14.0378
14.424
13.7661
14.4708
15.0388
15.0999
15.7359
16.3119
15.6313
16.561
15.9066
16.4129
15.8808
15.808
16.538
16.975
16.8561
17.7865
18.2732
18.837
18.9306
19.2536
19.5729
20.3464
20.3442
20.6598
19.9302
20.2144
20.9537
21.6354
21.7697
21.3224
20.5852
21.5698
20.9043
21.2678
22.0062
22.5767
21.8745
22.1195
22.2426
23.0366
23.3134
23.0184
23.1955
23.4917
24.4292
25.3824
26.294
27.2592
26.9513
26.7011
26.3681
26.4385
26.4999
25.7338
25.6355
25.4551
25.2143
24.2828
23.8237
24.6915
24.551
23.6677
24.1836
24.5666
24.9656
24.7762
25.7331
25.4084
25.54
24.6137
23.8201
24.3966
24.7647
24.9236
24.8748
24.6025
25.243
26.1712
26.0642
25.921
26.2256
26.1012
26.3653
26.781
27.6963
27.3273
27.2215
26.4296
26.1887
26.1794
25.4744
25.058
24.0915
24.3294
24.4205
24.2147
23.6491
24.312
24.9324
23.9966
24.0622
24.0296
24.0361
24.7543
24.048
23.6925
23.2416
23.1997
22.8504
22.0404
22.9555
23.5103
23.0872
22.7725
22.4434
21.6057
21.4579
20.5925
20.471
19.7244
19.7512
19.7267
19.8623
20.2196
19.2973
18.9173
18.7354
18.1171
17.4098
16.5237
16.8183
16.9306
17.4781
17.2894
17.1557
16.3959
15.7049
16.6919
15.8915
16.4848
16.3735
15.769
15.6694
15.0636
15.2392
15.9555
16.4998
15.6883
15.9298
16.1898
15.5247
15.253
16.1696
17.1653
16.3224
15.7841
15.0204
15.5724
14.6608
15.6457
16.0335
16.7851
17.5816
16.7464
17.6935
18.4136
18.3081
19.1996
18.2191
19.1061
18.413
19.2624
18.9442
19.2878
18.6361
19.4093
20.3186
19.45
19.525
19.8221
18.9062
18.7602
18.2071
18.5496
17.6365
17.7914
17.2983
17.0844
18.0347
18.4811
17.7063
18.6503
19.313
18.5125
18.2362
17.9344
17.8828
17.2841
18.0555
18.5058
18.2029
17.8943
17.6995
16.9941
16.408
16.1367
16.5941
15.7222
15.6448
15.8026
14.9943
14.0663
13.4916
13.8382
13.2
12.4993
13.1139
13.2621
14.0925
13.7635
13.7121
14.4059
13.8129
14.144
13.6673
13.6182
14.2746
13.6485
13.9605
13.1884
13.7965
13.7448
13.414
13.5286
14.2031
13.3415
12.3814
13.2864
13.7666
13.5895
13.9789
13.6519
12.9948
12.9591
13.8714
14.7537
15.4241
14.7793
13.9211
13.4889
13.7196
14.1035
13.731
13.6851
13.5892
12.6836
12.2917
12.1622
12.7779
12.1259
11.3789
11.8417
12.6337
13.2301
12.572
12.4691
12.2059
11.9629
12.5272
11.7451
12.4681
12.2064
11.2664
10.3405
10.4237
9.49354
9.4573
10.122
10.9871
10.2272
11.2203
12.1583
13.0297
13.2736
13.7528
14.1845
14.1851
14.7081
14.3532
13.7463
13.7595
14.7394
13.8607
12.9309
12.2894
12.2242
11.4899
12.4877
12.8174
13.6906
13.2468
14.2215
14.0507
13.2736
12.9001
13.3445
13.1939
12.707
13.6706
12.9027
12.4616
13.2705
12.4894
12.082
11.1217
11.5277
11.1112
11.5491
11.0866
10.5928
11.3056
10.478
11.2856
10.7414
11.6319
11.4566
12.4287
11.5741
11.3972
11.4233
10.8769
11.0868
11.5768
10.8404
10.8878
10.8519
9.85663
10.8107
11.5947
11.4289
12.1
12.3123
12.6679
11.982
12.4127
11.5337
11.6667
11.2542
12.1966
12.2495
12.9651
13.7978
14.6448
14.418
13.5917
12.6005
12.4692
13.1978
14.0843
13.4196
14.4034
13.4136
12.5578
11.7989
12.3976
12.396
11.9735
12.8044
12.549
13.3186
14.0737
13.4474
13.9112
14.9086
14.7591
14.7017
14.2256
14.8137
14.0496
13.1303
12.4108
12.4446
13.0162
13.7857
13.3423
14.0483
13.9782
14.9381
14.5647
13.9108
14.5374
14.5324
14.3512
13.6277
12.7376
13.4643
12.9176
12.5169
12.0272
11.3762
10.7694
11.2661
10.7318
10.5086
11.2191
11.3421
12.224
11.3302
11.0176
11.0473
11.3283
10.8222
11.4539
11.9388
11.2322
12.0215
11.7743
11.5776
10.9246
10.7585
10.9447
11.3386
11.2526
10.5773
10.014
9.41864
8.57167
9.32941
8.7624
9.00497
8.04673
7.724
7.0404
7.28369
6.71732
7.34917
7.58899
7.53992
7.04553
6.44061
6.54501
5.83628
5.71884
6.33363
5.49129
4.69399
4.79243
4.30139
3.56322
3.49289
3.23212
3.18318
2.19666
2.05605
1.97941
1.00413
0.133585
0.604632
-0.305367
0.133073
0.785847
0.89074
0.824774
0.830566
0.298361
0.350054
0.376304
0.370879
0.743814
1.37417
1.56538
0.706691
0.499263
0.921862
0.776903
-0.00418679
-0.314645
-0.592549
0.089314
0.0583998
-0.905487
-0.457213
-1.04659
-0.839262
-1.15629
-1.52856
-0.589989
-0.239208
-0.346288
0.0782325
-0.22631
0.278089
1.10663
0.501179
-0.185741
-1.08774
-1.19402
-0.711013
-1.10368
-0.128096
0.470107
1.07165
1.9201
1.31781
1.56027
0.90695
0.663841
0.365811
1.11884
1.55226
2.34634
2.90062
3.69375
4.49776
5.02703
4.02784
3.17553
3.03472
2.42036
2.93011
2.45263
3.01884
2.22172
1.38925
0.725023
0.719654
1.01607
0.219042
-0.202455
-0.0880578
0.535823
1.14747
1.36275
2.19184
1.46035
1.02481
1.43666
0.571292
1.1001
0.881222
1.1213
1.00378
1.39076
0.423366
-0.450017
-1.09032
-0.857364
-1.13851
-1.99739
-2.72005
-2.8095
-3.00947
-3.64748
-3.03761
-2.20316
-3.02126
-2.5272
-2.9273
-1.93505
-2.90238
-3.05544
-2.72572
-1.74433
-1.01566
-1.0203
-0.801946
-1.74338
-0.779881
-1.64022
-1.88107
-1.61507
-0.962535
-1.42209
-0.521535
-1.28199
-1.54431
-1.34877
-1.13836
-1.92631
-1.78753
-2.67177
-2.1104
-2.17334
-1.53273
-2.2977
-3.16343
-2.92969
-3.84707
-2.88567
-3.35505
-3.76208
-3.11362
-2.68508
-2.03045
-1.40825
-0.837305
-1.09368
-0.108598
-0.171873
0.293192
-0.00637098
-0.467302
-0.439465
-1.33471
-0.613718
0.23076
0.447115
0.241984
-0.573949
-0.255747
0.328933
-0.0316492
0.259868
0.981792
1.06783
0.969781
1.12767
1.72272
2.68122
2.36842
2.81413
2.76259
2.15251
1.71663
2.0298
2.4966
1.98745
1.28468
1.29352
1.99356
2.01903
2.61168
3.44069
2.94462
2.47061
1.82905
1.37571
0.497939
-0.492814
0.422942
0.0965883
0.313703
0.58242
-0.324442
-0.0807374
-0.60215
-1.26552
-2.19406
-2.9075
-3.44655
-3.58794
-4.50739
-3.90341
-2.98673
-3.51553
-2.84601
-3.34115
-2.36359
-1.36491
-0.589856
-1.34693
-1.48527
-0.971434
-1.29935
-0.916266
0.0693752
-0.735651
0.167055
0.915185
0.193788
0.843032
0.90674
1.6328
1.01277
1.82076
2.57252
2.13055
1.49238
1.98487
2.79284
2.85408
2.90862
3.63926
4.39883
3.70087
2.738
3.1235
3.80183
3.04255
3.05772
2.09692
2.02834
1.36692
1.44064
1.93016
1.75442
1.5104
0.858354
1.68162
0.68685
0.637279
0.879137
1.16478
2.11677
1.32554
0.884453
0.0525932
0.204019
0.17769
0.325444
0.129165
0.845642
-0.101278
0.486575
1.21789
0.536988
-0.212419
0.404475
0.0468312
-0.36124
-0.237759
-0.941633
-1.13544
-0.326283
0.401262
0.463895
0.619633
0.744823
1.00783
1.90332
1.96061
1.72797
2.32277
1.66477
1.62249
1.71171
1.58611
1.71426
1.60512
2.00818
1.15279
1.47165
1.46202
2.3489
2.41605
1.79591
1.73877
1.32107
0.518831
0.290987
1.22025
1.64633
1.38181
0.921191
0.336845
0.268508
1.1164
0.384008
-0.55269
-1.06614
-0.731882
-0.80142
-0.415705
-0.36779
-0.165994
-0.323493
0.531794
0.423639
0.268055
1.25382
0.322466
0.981712
0.45269
1.15926
1.14626
1.33933
0.507871
1.14605
1.42537
1.47997
0.91243
-0.0243165
0.732535
0.627866
1.40708
1.48668
1.63247
2.08679
1.24465
2.01371
1.77545
1.21154
1.41854
1.82096
1.05312
0.893578
1.29716
0.49015
1.12674
1.57633
1.91864
1.48446
2.00306
1.23469
1.99726
1.22453
0.680594
1.23199
1.26565
0.999645
1.28381
2.18
1.96357
2.25306
1.57232
0.594116
-0.169556
-0.327011
0.334562
0.6279
1.26903
1.68159
2.26682
3.10644
3.2894
3.97908
4.44663
4.98002
5.64292
6.53296
6.51383
6.22828
6.46763
7.14523
7.96094
7.25461
6.93836
7.45096
8.05813
8.63576
8.63767
7.98944
7.32674
7.35762
7.36747
8.09053
8.55129
9.01081
8.67805
9.5894
10.1178
10.4453
11.3579
10.987
10.2769
10.0106
9.34289
8.60481
8.98626
8.57282
9.24776
8.82625
9.00156
8.49222
8.66016
8.80814
9.59384
10.398
10.3904
10.0656
10.8949
10.0391
10.779
10.0618
10.7075
11.5067
11.3757
11.6099
11.6834
12.6455
13.2156
13.84
12.9797
13.866
13.5818
13.5059
13.5637
13.3126
12.5543
12.1583
12.7068
12.351
12.9605
13.5473
12.9233
13.0138
12.8138
13.3397
12.4678
12.4601
11.8647
12.0176
11.1018
11.6734
10.8013
10.3337
10.6179
11.4374
10.8753
11.0658
10.2059
10.6038
10.991
11.7898
12.1934
12.5649
11.6596
12.0765
11.7012
12.143
11.7124
10.9318
9.95904
10.349
10.1489
10.9735
11.1763
10.9738
11.5502
10.711
10.6675
10.0826
9.47678
9.72855
9.18082
9.70009
9.48757
10.1788
9.75225
8.97786
8.86877
8.94408
8.36537
7.58072
7.29975
6.95795
6.1674
5.3272
5.34456
5.47867
5.8729
5.89897
6.5812
6.49667
5.67478
6.10266
6.46338
6.94159
6.87152
6.52766
6.20346
7.04535
6.68572
5.90253
6.33785
5.46181
4.83885
4.10333
3.89415
4.15965
3.35837
3.50572
3.47867
2.65773
1.73242
1.8593
2.41539
2.02723
1.33585
1.86499
2.43174
1.60627
1.35968
1.34862
0.517702
0.910546
0.362009
-0.165419
-0.577984
-1.39741
-1.80934
-1.32639
-1.93295
-1.83699
-1.84711
-1.0235
-0.893148
-1.67907
-0.921805
-1.78814
-1.06292
-0.958489
-0.165625
0.446648
0.576484
1.11117
1.20902
1.04643
1.83659
1.02874
1.96591
2.51866
2.57691
2.91327
2.3709
1.91125
2.27369
1.99504
2.79755
3.62245
3.86415
3.99077
4.08194
4.36336
4.17288
3.60911
4.14537
4.67719
4.52092
4.82847
4.34965
4.80964
4.12486
3.48494
2.91948
3.31241
4.06421
3.96222
3.8477
3.30817
2.88611
3.31329
2.40582
3.22999
2.85249
2.68173
2.44514
1.4699
0.973267
1.18925
1.3383
0.370372
0.971631
1.61445
2.20418
1.83647
2.10615
1.66132
1.58922
1.18692
0.614568
1.09796
1.98123
2.60304
2.09813
2.83163
3.51317
3.64
3.75602
2.84725
3.47598
3.20202
3.68863
3.80729
3.75183
3.51294
2.80782
3.50732
4.23998
3.42857
4.03289
3.07365
2.69983
3.07605
3.42478
2.8282
2.46656
1.97043
2.08947
2.84875
2.57719
2.9321
2.30924
2.82699
2.28172
1.39592
0.473947
1.23312
2.10171
1.85418
0.950594
0.901936
1.27242
1.03224
0.209553
0.688237
-0.159034
-0.679492
-0.694941
-1.21562
-1.34423
-1.36773
-2.25152
-2.39702
-2.46205
-2.10838
-1.33821
-1.37947
-1.68686
-2.21593
-2.97261
-3.76976
-4.73378
-4.82947
-4.15042
-3.45805
-3.12205
-2.21575
-1.58055
-1.93435
-1.98081
-1.6167
-1.87388
-2.33021
-2.88166
-3.09846
-3.7619
-2.90347
-2.21975
-2.04423
-1.49822
-1.57357
-2.24314
-2.06377
-2.45054
-2.62003
-2.9387
-3.73696
-3.1139
-2.30305
-2.46683
-2.77336
-3.01225
-2.72294
-2.53908
-2.53915
-1.99087
-1.06971
-0.814833
0.0688621
-0.048537
-0.33304
-0.778349
-1.36947
-1.70534
-2.35945
-3.21785
-3.58019
-3.3854
-2.70511
-2.05331
-2.45468
-2.31067
-2.62728
-1.75752
-1.60832
-2.54698
-3.17005
-2.9692
-2.78088
-2.75903
-3.63939
-3.12846
-3.24388
-4.02512
-3.21321
-2.66768
-1.72684
-2.01464
-1.98394
-1.31509
-0.735553
0.143891
0.66109
0.681221
-0.200207
-0.204913
-0.545313
-0.475791
-1.41704
-0.436159
0.361826
-0.378121
-0.374273
-1.20913
-0.414334
0.198336
0.989115
0.734741
1.49825
1.21694
0.586582
0.459376
0.599452
0.709158
0.334793
-0.217626
-0.278029
-1.01513
-1.61587
-1.78044
-1.56006
-2.1891
-2.85254
-3.20136
-3.78361
-3.00988
-3.2946
-3.82985
-3.05145
-2.43982
-3.42185
-3.31499
-2.64536
-1.6982
-1.95709
-2.54517
-2.11889
-2.93827
-2.59114
-3.09262
-2.88282
-3.60069
-4.02034
-3.84642
-4.05874
-3.07158
-2.50655
-1.63684
-1.60163
-1.94323
-2.39826
-1.70147
-2.5563
-3.48317
-2.89258
-2.71798
-2.13192
-2.16992
-1.866
-1.63365
-1.4968
-2.30292
-1.9321
-2.16247
-2.2057
-3.09007
-3.73486
-3.37985
-3.59639
-3.86821
-3.40283
-4.29876
-4.93268
-4.37361
-4.90259
-4.48287
-4.66916
-4.17607
-3.88524
-4.66841
-4.5183
-4.77334
-5.46792
-5.17175
-4.84069
-5.76281
-5.86237
-5.63107
-4.66181
-5.18016
-5.2819
-5.72852
-5.65285
-6.08124
-5.10729
-4.15159
-4.42147
-3.65899
-4.33397
-4.65859
-5.62312
-5.73982
-5.86551
-5.83455
-5.06087
-5.58457
-5.16984
-4.65153
-4.40203
-4.09249
-3.73403
-3.63092
-4.03548
-4.22144
-4.25135
-3.66883
-3.52236
-3.14177
-2.94759
-2.12367
-2.77457
-2.22368
-2.88695
-2.39534
-2.9279
-2.30478
-2.21055
-3.13743
-3.28515
-2.55232
-2.83208
-2.33602
-1.50886
-0.925224
-0.668072
-0.868155
-1.28189
-1.39103
-1.12784
-1.13237
-1.44829
-0.690156
-0.413812
-0.165932
-0.217125
-0.356256
-0.873485
-1.69319
-0.906146
-1.47948
-2.31714
-2.1837
-1.65457
-0.892837
-1.80817
-1.49363
-2.47531
-1.68897
-2.38436
-2.34887
-3.27987
-3.5806
-2.79554
-2.57424
-3.34172
-3.12464
-2.27064
-2.73757
-2.91455
-3.1822
-2.54395
-1.89539
-2.33945
-1.76977
-1.56442
-1.36401
-0.591725
0.0100031
0.835195
1.32267
1.85614
2.78658
2.25592
3.1408
2.33005
2.55505
2.65835
3.23063
3.78287
2.79177
2.67811
3.10657
4.09545
3.54086
2.70588
2.07022
2.37116
1.68026
1.22255
0.799724
1.21231
1.74688
2.5016
1.77203
1.32449
2.17175
1.42144
1.82462
1.83273
2.70436
1.90605
1.04038
1.16083
0.640397
1.28235
2.04272
3.02932
3.92005
4.63218
5.59367
5.86697
5.79027
6.16613
6.20913
6.43664
6.46408
6.29606
6.22805
7.02616
6.32424
5.85925
5.46716
5.59124
6.37195
6.25539
5.46743
5.61459
6.18745
7.03407
6.07013
5.91682
5.82045
6.56914
6.9421
6.57501
6.23122
6.03735
5.64532
4.7038
5.01138
4.43296
5.22513
5.16339
5.41931
5.10076
5.28913
6.26993
5.46554
5.90202
5.17437
6.01741
6.9046
6.13782
5.36086
5.94371
5.3788
5.80082
6.43009
5.4366
5.66479
6.64692
6.80772
7.21517
7.12872
6.85636
6.68548
6.35694
6.92806
6.20281
5.51603
5.49325
5.25779
5.43287
5.67159
4.68071
5.08379
5.57879
6.32162
6.25253
5.32219
4.80748
4.21007
4.49207
5.18332
4.93623
4.32146
3.41753
2.43251
1.86004
1.98134
1.18964
0.639341
0.144895
0.342822
0.378345
0.710734
1.4536
1.23972
2.0518
1.761
1.09403
1.22209
0.712624
-0.186323
0.652155
1.25297
0.924909
1.37981
1.88423
1.24956
1.40325
0.657212
-0.0574493
-0.266764
0.0207352
0.974694
0.140654
1.10628
0.136627
-0.582647
-0.00135319
0.339749
1.31204
0.399073
0.469422
0.518646
-0.197901
0.353707
0.488699
1.36521
0.615091
-0.237655
-0.599187
0.198032
-0.299162
0.256079
-0.117288
-0.488231
-1.4814
-0.74451
-0.109773
-0.163253
-0.837296
-1.02512
-1.5851
-2.26171
-2.05679
-1.15578
-0.950615
-1.37103
-0.766609
-0.745588
0.067224
0.639711
0.44042
1.06431
0.923978
1.04279
0.635883
1.09542
2.06426
3.04416
3.46463
3.40129
3.25891
4.21088
3.27997
4.26926
3.42014
3.69954
3.63844
4.1577
3.8988
3.73996
2.99551
3.73538
4.61398
3.79173
2.95886
3.23604
3.83509
4.24709
5.034
4.4588
5.27031
5.81809
5.21335
4.38634
3.95422
3.50959
3.38813
2.39087
2.42339
3.02895
2.32461
2.93668
2.43282
2.3159
2.51066
3.04497
2.25451
3.01662
2.98564
3.28035
3.67682
3.10273
2.31735
1.68832
2.369
3.03082
2.48344
2.39661
3.25724
2.34349
2.05685
2.93875
2.03116
2.2238
1.987
1.55655
1.21801
1.25174
2.02318
1.23232
1.99265
1.78771
2.31475
2.6169
2.73101
3.63017
4.39114
4.4896
4.29516
3.38024
3.00663
3.15301
4.01308
4.79144
4.45064
4.88834
5.41284
5.64267
4.66804
4.55243
5.47707
5.17189
5.80381
4.87837
4.8903
5.68025
6.5975
6.71131
6.68096
6.18709
5.94043
5.64811
5.20262
4.95216
5.95005
5.18518
4.82102
5.61276
5.57216
5.57965
5.21034
4.87001
5.41025
4.76874
5.53549
5.16183
5.7785
5.6329
6.38016
7.37169
7.39928
7.15625
8.07074
8.89397
9.10954
8.53497
9.14372
9.20501
9.22824
10.0421
9.93246
9.12939
9.12261
9.64667
8.7216
8.52527
9.42515
8.68453
8.61835
9.5548
9.99117
9.9773
9.46954
8.72728
9.17665
10.1723
11.1439
11.1292
11.4679
10.5956
10.4968
10.286
10.8605
11.6416
11.6253
12.4635
12.8935
13.1292
12.7596
13.007
12.504
12.4765
11.8585
12.1794
11.9165
12.2274
11.9026
12.2511
13.103
12.6189
12.7442
12.1718
12.7377
11.8578
11.8281
11.8535
12.8319
13.7389
13.0304
13.3362
12.895
12.8774
12.2195
13.1166
13.5127
12.5382
13.1087
12.9465
13.3924
13.9888
14.5838
15.224
15.0769
14.847
14.79
14.8489
15.179
15.1202
15.288
15.2357
16.1784
15.4495
15.6985
16.6029
16.9023
17.7984
18.1975
18.0092
18.8685
19.8655
19.3207
19.1402
19.0307
18.3062
17.4611
18.1806
18.4245
17.7993
17.9175
17.9638
18.6965
18.0414
18.3109
19.035
19.6741
20.3436
21.1998
21.9039
21.3492
20.429
19.552
20.3643
20.3501
20.2643
19.9532
19.4613
19.8983
19.4792
19.3558
18.8917
19.0912
19.1482
18.8162
18.5132
18.2289
17.3802
17.1605
17.06
17.4785
16.5236
16.5666
16.2545
15.4764
15.0701
14.1208
14.0499
13.9165
12.9793
12.1427
11.3814
12.0792
12.8802
12.6541
13.573
13.4801
14.3125
14.9747
15.7888
16.3708
16.6564
16.369
17.1317
18.0947
18.2001
17.4603
17.5819
16.8016
16.2036
16.4524
17.0515
17.4121
16.7359
17.171
17.7192
18.3771
18.6927
17.8568
17.8849
17.2815
17.1736
16.9492
16.7207
17.0162
17.2777
17.4852
18.4734
17.8682
17.6632
17.6981
16.9497
16.6605
16.5121
17.0725
16.1233
16.0845
16.1918
16.5387
17.2633
16.6615
16.1191
16.6548
16.0982
16.6358
16.8148
16.2101
16.7645
17.401
18.0762
17.6693
16.8412
17.111
17.6694
16.7079
16.6414
16.9146
17.7614
17.2231
16.4695
15.5873
14.7202
15.5542
14.6266
14.8971
14.5735
15.0024
14.9332
14.421
14.1647
13.3206
14.0451
14.5193
14.052
14.792
14.3076
15.2074
15.1199
14.4547
15.1109
14.448
14.2725
14.86
15.8253
15.3103
14.3806
14.4059
13.77
13.6771
12.875
13.2501
13.9256
14.2562
13.9957
14.2615
13.4427
13.4269
14.294
14.5965
13.7486
14.4479
14.1792
13.7094
13.9173
14.7608
13.8996
13.1235
13.7182
14.6585
14.2829
13.7575
14.6766
14.4558
14.4986
15.2501
15.9094
16.4357
17.3839
17.96
18.4907
18.7518
19.1206
18.21
17.2801
17.8774
17.4742
18.0169
18.6339
17.8265
18.7857
18.5728
17.8392
18.6398
18.6165
18.0331
18.9922
19.2008
19.3338
19.9034
19.3688
19.4254
18.7916
18.598
19.4741
19.4918
19.071
18.5616
19.5008
20.4466
21.124
21.257
21.5352
21.6193
22.0307
22.6993
22.6609
23.4568
22.7789
22.4453
22.8994
22.6818
23.0097
23.4135
23.2552
22.2942
21.4682
21.0823
21.4114
20.6686
20.8195
20.8167
19.9175
19.0477
18.509
19.3488
18.7147
18.1035
17.6677
17.3038
16.7469
15.8811
16.1968
16.8552
16.8845
16.2803
17.0378
16.6608
16.2172
16.6006
17.5447
18.0831
18.2403
18.34
17.8476
17.097
17.7016
18.4782
18.9809
19.9117
19.6441
18.881
19.5149
19.4948
18.6758
18.7795
19.3896
18.4782
19.2586
18.378
17.6497
18.1279
19.1014
19.4036
18.9369
18.246
17.4736
17.0381
17.869
17.015
17.7727
18.5586
19.2601
18.4853
18.2258
17.5238
18.3566
17.9742
18.5678
19.5664
20.1744
20.9111
21.7797
22.528
23.4669
22.7713
22.7807
22.3504
22.6546
22.2299
22.9066
22.3866
21.7004
21.1688
20.4152
20.4662
20.5137
20.2766
20.6183
21.4739
21.8001
21.361
21.4684
20.8972
20.6575
20.2266
21.1332
21.8649
21.8137
22.1234
22.7767
21.8766
20.9349
20.0808
20.647
21.5618
21.1938
20.5738
20.1957
20.3839
20.2812
19.5453
19.8341
19.7784
19.5119
20.4374
20.5215
20.3314
20.3951
20.9802
20.5099
20.8549
21.7648
21.7667
21.7374
21.8123
20.9306
21.8791
22.1955
22.4283
21.5647
21.2899
21.2306
21.5774
22.2372
22.4899
21.7677
22.4066
21.5851
21.8341
21.0283
21.7839
21.4702
20.9851
21.668
21.4948
20.9622
20.3598
21.0507
21.613
21.3745
21.2041
21.1172
21.0831
21.9497
21.6097
21.6708
21.2221
21.8651
21.378
21.8903
22.1605
22.8234
23.6131
24.3715
25.1477
24.3085
23.3724
23.9515
24.6506
25.1359
25.4818
24.7207
25.4923
24.9532
25.8289
25.6
24.764
25.1384
25.9881
25.7166
26.1912
25.5429
26.5401
26.677
26.6224
26.2143
26.3553
25.3766
24.812
25.288
24.5154
24.1231
23.6876
24.5407
24.1907
24.7936
24.7635
24.3598
23.4472
23.6938
23.6977
24.3272
25.184
25.5681
24.6934
24.2169
23.6083
24.1816
23.9807
23.4534
23.5276
23.943
24.7343
24.5279
24.4493
24.25
24.5279
23.7586
24.5852
23.9556
24.4087
25.3482
25.5804
24.6602
25.2701
26.0514
25.1903
24.3104
25.0031
24.5252
23.9345
23.1479
23.5013
24.3462
24.9142
24.507
25.451
24.7533
24.3215
24.8732
24.1854
24.9738
25.1971
24.2851
23.722
22.7225
23.1589
23.8534
23.238
23.8852
24.4991
24.2009
24.8526
25.4264
25.3712
25.7509
26.2459
26.9129
27.6583
28.5524
27.9266
27.136
26.83
26.1474
26.527
26.3965
26.6808
26.7845
27.3613
27.0679
27.0346
27.8658
27.0318
26.6236
27.2665
27.5728
27.1841
27.2033
27.0635
27.9667
27.4724
28.1558
27.3638
26.6971
25.9276
26.4831
26.0505
26.9811
27.1047
26.9993
27.5722
28.3515
29.06
28.6311
28.3665
29.2407
29.3041
29.0729
29.8058
30.1025
30.2219
30.3104
30.5912
30.3396
30.735
29.8144
30.3918
29.4475
29.4376
28.7168
29.2035
30.1917
30.6862
29.8104
29.5891
29.8325
30.7329
30.5292
30.4436
29.4774
30.4501
30.2595
29.3374
29.6145
29.2485
29.2729
29.9063
30.6668
30.0253
30.3652
29.9451
30.221
30.3301
30.7968
30.4422
29.909
30.4155
30.3492
29.4247
30.3778
30.3111
30.739
31.4524
31.8094
32.4756
33.458
33.4175
32.521
31.7521
31.6799
31.7076
32.6577
31.7018
31.7371
30.9663
31.1519
32.0651
32.3225
32.9842
32.1439
32.8836
32.257
32.0954
32.8369
33.192
33.0927
33.5257
34.4834
35.0757
34.917
34.4795
34.0316
33.8328
34.1675
34.8824
34.5856
34.1834
33.7828
34.104
33.7857
34.3544
35.2971
36.1624
35.4947
35.7244
36.6566
37.5233
38.0139
38.3425
37.884
38.3473
38.3431
39.2304
38.2346
38.5103
38.2092
38.6462
37.8625
38.3402
38.4204
37.654
36.9593
37.0267
36.1457
35.8343
36.1273
36.1079
36.0548
36.1553
36.4536
37.4271
36.6928
35.9856
35.6105
34.8179
35.4744
35.7461
36.1375
35.6914
36.2
36.0687
36.0017
35.2548
34.8774
34.521
35.3888
36.1029
36.748
36.932
37.8135
37.7337
37.3617
37.558
37.8656
37.1039
37.4474
37.7786
37.1564
37.0939
36.9818
36.2774
35.3425
36.1369
36.2905
36.1448
36.3957
37.3433
37.1314
37.7622
37.188
37.9328
37.9923
38.2109
37.4365
37.1771
37.7975
38.2396
37.7152
37.5836
38.293
38.6771
39.5409
40.0151
40.1297
40.1448
40.7879
41.4189
41.2918
41.9475
42.4635
42.8469
41.9187
42.5972
42.2201
42.7743
41.9866
42.3886
42.7404
43.1591
43.3728
43.6491
43.5958
42.7678
43.1523
42.8764
41.9893
42.0446
41.092
40.9884
40.1352
39.8095
40.1929
39.3454
39.2791
39.5504
39.8665
39.4816
39.8429
39.0922
39.0863
39.9807
39.6636
39.8926
40.3019
40.7038
40.4041
40.2641
40.5774
40.6611
40.8404
41.2706
40.4082
40.6424
39.8861
39.2056
39.2081
39.8617
39.4693
38.5093
38.9627
39.1064
39.4643
39.4524
40.4216
41.1861
42.1134
42.5785
41.6472
42.3872
42.2919
42.7365
41.8057
41.6417
40.748
40.5646
40.2269
39.6378
39.8189
40.5392
41.5343
40.8981
40.2504
40.7259
41.2076
42.117
42.0964
41.7846
42.4866
41.5218
41.4899
41.6029
41.6409
41.4689
40.8865
41.8556
41.792
41.9914
41.2029
40.9097
41.5827
40.6648
39.7755
39.0938
38.1946
38.6899
39.0709
38.5217
37.7707
38.1727
37.5184
38.2164
38.2896
38.434
37.6725
37.0591
36.7413
36.9182
37.258
37.2133
38.0535
38.7995
38.5148
39.3543
39.6257
40.4902
41.0792
40.6742
41.3186
41.924
42.565
42.0752
42.6478
43.4014
42.4954
42.7601
42.613
42.1798
42.9386
42.3658
42.5886
42.9813
43.9152
44.3696
43.6501
43.7197
42.9163
43.8308
43.6076
43.7913
43.7362
42.8425
43.7681
43.4661
44.304
45.2195
44.9571
45.5035
45.8258
46.2777
47.0096
46.5325
45.8553
45.4115
45.5899
45.787
45.5029
44.5055
43.999
43.624
44.2922
44.1291
43.5516
44.2639
44.3806
44.9854
44.6319
44.1244
43.972
43.4618
42.6287
43.1558
42.5381
42.4371
42.2951
42.2027
42.0469
42.0952
42.4853
42.4081
43.0012
42.7553
41.8314
42.4438
41.8152
42.6272
43.2992
44.1882
43.4439
42.5045
43.0191
42.0285
41.2383
40.4527
40.7914
41.5757
42.4175
42.3844
41.7733
41.7952
41.1635
41.3286
40.4612
39.9358
39.0061
39.9606
39.6383
38.9004
39.4412
39.0267
38.3994
38.9367
38.7811
39.1135
38.2871
37.4863
36.8278
37.5535
38.4479
37.9753
38.6441
37.8953
37.172
37.8689
37.6556
37.518
37.2642
37.9467
37.4899
37.6878
38.4561
38.0829
37.8529
38.6127
38.6402
39.6069
40.5761
40.9551
40.1098
40.0528
39.1742
38.208
37.7079
36.925
37.1859
37.2091
36.5244
37.5091
37.3903
37.76
38.1201
38.9855
39.2221
39.9265
40.406
39.5423
39.4848
39.6573
40.3706
39.9187
39.7446
39.1233
39.965
40.6592
40.8059
40.1918
40.0122
39.0985
39.6532
39.2883
39.735
40.1227
40.4665
40.6299
40.1063
40.5795
40.4959
40.4463
41.158
40.6527
40.6363
40.8908
40.3407
40.7478
41.3665
40.4122
41.4068
40.4297
39.6944
38.8582
38.6934
38.2372
38.3712
38.6071
39.1032
38.656
38.781
37.9676
37.2267
37.8651
36.9154
37.6794
36.9221
37.2227
37.7145
37.5642
38.4654
37.6518
36.8404
37.2916
37.7894
37.224
37.5074
37.5942
37.3267
37.2193
37.3259
37.431
36.6855
37.1962
37.2448
36.4912
37.3214
36.4173
37.1255
37.1131
36.9373
36.8024
35.9804
35.4164
36.3778
36.4454
37.3088
36.4347
36.1319
35.7298
36.0098
36.9109
36.9839
37.1867
37.6414
36.7453
37.2979
36.9278
37.5465
36.9499
36.007
36.9923
36.5023
35.9909
35.0952
34.853
35.5355
35.1083
36.0736
36.6726
37.3097
37.4455
37.8253
38.0879
37.9762
38.1702
38.8684
39.1357
39.896
40.8308
40.9479
40.6199
40.6929
40.7472
40.6243
40.1728
39.7547
39.2649
39.7662
39.4105
40.3898
41.3544
41.1836
41.8454
40.9643
41.4859
41.9502
41.6762
40.9471
40.1898
39.1999
39.5864
39.8394
40.5418
39.7336
40.1152
40.398
40.805
40.0062
40.5948
40.3281
40.9172
40.0297
40.6605
39.6622
39.8579
39.9077
40.0397
39.6383
39.2578
39.518
39.0813
39.656
39.0227
39.7677
38.8754
39.6834
39.959
39.0075
38.436
38.4652
39.2492
39.6073
39.8946
39.738
38.7864
38.2868
38.0061
37.529
37.1705
37.9837
38.6723
38.5082
39.2335
39.974
39.113
39.85
40.1316
39.5889
38.8258
38.2078
37.8065
36.852
36.8165
37.5589
38.0988
39.0298
38.4691
38.2618
37.2668
36.7866
37.1271
37.2097
38.0306
38.5478
38.5212
39.1775
39.8199
39.1852
39.1064
38.4018
38.8003
38.0671
37.1547
37.3194
37.5503
37.0062
37.7049
38.3693
38.1246
37.4808
36.9353
37.791
38.7521
39.6329
38.8221
38.6837
38.2908
39.0217
38.2117
38.7153
37.8625
37.0982
36.6067
36.7073
36.518
37.343
37.817
38.5991
38.6283
39.4317
39.0855
39.8374
39.3303
40.2692
39.2781
39.3865
38.8618
38.6233
39.4816
38.5655
38.2212
38.2149
38.3768
37.7526
37.3788
37.524
36.7546
36.251
36.595
37.0156
36.5373
35.5402
36.5271
37.3506
36.8418
36.2485
37.1082
37.3405
36.8703
36.5564
36.397
37.0431
36.8467
37.4905
37.3858
36.9654
37.1215
37.1081
37.1712
37.4501
37.7624
38.1253
38.6226
37.7138
36.7523
36.1408
35.3733
34.8994
35.8785
36.6726
37.42
37.8333
38.5476
38.8427
39.6645
40.5775
41.2332
41.4658
40.5951
41.5037
40.8027
40.4523
41.0232
40.3131
39.9654
40.6012
40.8714
40.7759
41.1234
40.4598
39.7369
39.1095
39.1176
39.5761
38.651
38.1931
38.0439
38.0505
38.2815
39.1077
39.78
38.8105
38.7976
38.5568
38.3385
39.0584
38.3851
39.2452
38.6828
38.4791
39.2892
40.2739
40.4486
41.3767
41.5853
41.5915
40.7746
41.2888
40.7048
41.2453
41.6443
41.7845
42.1936
42.0743
41.7886
40.8678
40.6579
41.13
41.0467
40.9534
41.4793
40.7327
39.7851
39.2635
38.9632
38.2281
38.8501
38.1165
38.1936
38.1127
38.3938
38.0963
38.782
38.1643
37.7536
38.1638
38.8887
38.5638
38.2785
38.5552
38.8371
37.98
38.4873
39.0231
38.6831
38.4445
39.0682
39.1627
39.8046
39.0173
39.8994
39.5268
40.0381
39.6319
38.7647
38.8914
39.1173
38.8454
38.8658
39.1522
38.3772
39.2649
38.2895
38.076
37.4055
36.6864
36.0819
36.5154
37.2849
37.811
38.3895
38.2741
38.7852
38.1272
37.6768
36.788
37.5838
37.897
38.1213
38.0254
37.0655
37.7021
37.5377
37.8467
38.3584
38.6386
38.7553
39.3279
40.1654
39.9012
39.5364
40.0603
39.4408
38.6572
39.0226
39.209
38.2616
37.4364
37.0277
37.5838
37.0774
36.8106
36.7654
37.5433
36.5696
37.365
36.969
36.4059
36.5466
36.834
37.0239
36.5848
36.4954
36.257
35.6438
35.5283
35.4444
34.472
34.4159
35.2784
36.2067
35.5117
36.4059
37.0421
37.4312
36.8678
36.1581
35.3554
35.9415
36.4189
35.6272
35.431
36.1309
35.4044
34.9303
35.116
34.4299
34.2363
34.9232
35.6693
34.7228
35.0057
34.5844
34.6471
34.8025
34.7086
33.9704
33.6278
34.2631
34.7784
34.2853
35.0781
35.0862
34.6589
34.1508
35.038
34.201
33.2611
33.7117
33.8916
33.0679
32.9837
33.1613
33.0878
33.5644
34.523
34.0894
33.7091
34.5728
34.1562
35.1383
34.6287
35.5078
35.3451
34.8965
35.2844
35.6945
36.5499
36.3636
36.2851
35.5683
35.2733
35.3053
35.3568
35.4216
35.1717
34.237
33.8281
34.4224
34.8754
34.116
33.1971
33.2073
32.9851
32.8856
32.3652
31.7351
32.229
32.4339
32.0041
32.3851
31.9663
32.1228
32.1165
32.928
32.9258
33.1401
33.7533
33.3108
33.9363
33.1256
33.3378
33.7243
32.8239
33.4521
32.9123
33.2555
33.8404
33.8421
33.5193
33.233
33.2694
33.4748
32.7672
32.9525
32.3032
33.1956
33.576
33.2867
32.6069
31.9294
32.609
32.64
32.8366
33.1347
33.027
33.1722
33.6609
34.1096
34.6042
34.3852
34.3759
35.1263
35.1236
35.693
35.3717
35.6334
35.6828
34.9974
34.2092
35.1416
34.1665
33.7114
33.9006
34.3475
33.5099
33.8333
33.12
32.6728
33.4405
33.6035
34.2431
34.2377
34.1685
34.8014
34.2327
34.9091
35.4342
34.9674
35.3886
35.6156
34.8879
35.1237
35.4472
34.4617
35.1265
34.866
34.9118
35.2302
35.2942
36.2703
36.7495
35.8851
35.886
35.6207
36.0891
35.8649
35.984
36.514
36.3093
35.8622
35.3899
35.7125
35.9633
35.3819
35.5112
35.8261
35.1173
35.4319
34.5166
34.6144
35.4018
35.2709
36.0331
35.8464
36.6981
36.0947
35.6685
36.3989
35.5889
35.9394
35.1759
34.3328
34.8866
35.4339
36.078
35.9225
36.0887
36.1271
36.5759
36.4024
36.6982
36.5401
36.6385
36.0708
36.1709
35.3793
34.8278
35.2949
35.2742
34.3232
34.6655
35.6266
35.1133
34.649
34.337
34.2291
34.1867
34.1637
34.5987
34.6269
34.9665
34.0999
33.6968
33.0096
32.2481
31.7439
30.7857
31.421
31.7874
32.0937
32.1306
31.9618
32.6265
33.1693
33.9909
34.2409
34.3622
33.6931
33.3563
33.8753
33.3409
33.7735
33.7097
34.4634
34.196
33.501
33.8804
32.9949
32.1068
32.8591
33.5213
33.79
34.7493
34.4313
34.5106
34.084
34.8395
34.6071
34.1705
34.5569
34.9718
34.3626
34.1399
34.2009
34.7024
33.9524
34.9388
34.7647
34.1037
33.1787
33.4034
32.5063
31.9167
32.2955
31.6287
32.1665
32.8916
33.4324
33.1273
33.0888
33.2008
32.5042
32.4373
33.2482
32.7503
32.6037
32.0609
33.0253
32.4381
32.8303
32.4225
33.0704
33.8962
34.8808
35.1399
35.3809
35.7431
36.4578
35.5322
34.6396
34.1233
35.0907
35.8496
35.4461
35.9816
35.1168
34.4248
34.6434
35.0974
34.6168
34.3697
34.0315
33.5203
33.2557
34.1165
33.6518
34.4225
33.4441
33.4399
34.3079
34.6148
34.6998
34.2576
33.3558
34.0638
34.3788
34.7309
34.1451
34.9279
34.5143
34.7449
35.5121
35.9431
35.7229
35.8771
35.6666
35.1537
35.2988
35.2026
35.2255
34.395
34.1408
34.9574
35.438
36.3905
37.1045
37.7109
37.0864
36.7907
37.1701
37.5106
37.5858
38.2813
37.5474
38.5387
38.683
38.6014
37.6588
37.2828
37.1777
37.947
37.0816
37.9821
38.6322
38.3854
38.1595
39.0833
39.2523
38.3032
37.5547
36.6443
37.2513
38.155
37.4277
38.0742
37.8177
36.8971
36.8495
37.6338
37.2132
36.6209
36.6464
37.1282
36.3601
36.0163
35.3719
35.9475
35.7423
34.7992
34.1853
34.4865
34.8406
35.8081
36.6962
36.9928
36.5163
36.4302
37.3898
37.5025
36.5805
36.947
36.0872
35.2966
35.7969
35.1471
34.8327
35.7402
35.396
36.1187
36.6153
37.3397
37.8379
36.9629
36.7436
36.6481
36.9738
36.8366
37.3776
36.6508
36.7871
36.4014
36.7152
37.3162
36.8789
37.3766
37.953
38.2746
37.71
38.5211
38.6499
38.4716
39.3184
40.0184
39.6696
40.3063
39.996
40.978
41.6597
40.8083
41.3375
41.7655
42.5421
43.4432
43.0467
43.3366
44.1135
43.5389
42.7429
42.1501
42.2896
42.6086
43.2772
42.9669
42.8644
42.228
43.0765
43.7608
44.0513
44.2081
44.2172
44.5689
44.1966
44.2838
44.0716
44.0648
44.323
45.0126
44.3497
44.1357
43.4019
42.7256
42.7725
42.37
43.3514
42.5263
42.3403
41.5923
41.1551
41.6792
41.0627
41.4843
41.1775
40.2674
39.3032
38.9784
38.4647
37.5974
38.023
37.4214
36.9012
37.2512
36.3844
36.2415
35.7848
35.3808
35.3302
35.3243
34.9286
35.2602
34.3853
34.726
35.3756
36.1622
35.4357
35.1411
34.6411
35.0937
34.2565
34.8427
33.9648
33.1597
32.9379
32.5911
33.058
33.726
32.9646
33.4387
33.2784
34.0661
33.2552
33.7851
33.883
33.3015
33.6502
34.5144
35.3813
36.0451
36.5445
35.6598
35.444
35.8871
36.2462
36.9651
36.1152
36.6086
36.8453
37.3577
37.2339
37.9615
37.7487
38.3706
38.5644
39.5435
39.2849
39.2975
38.3049
38.0394
38.0842
38.9586
38.1636
38.1114
37.8113
37.3891
37.0914
38.0278
37.8291
37.2539
36.7733
36.8395
37.1868
36.8338
35.8986
35.8705
36.6425
37.0325
37.4976
37.385
36.8047
36.0686
35.2414
35.2695
35.1662
34.8909
34.2636
33.3419
34.1778
34.9591
35.4177
35.761
35.4302
35.6786
36.6154
36.6915
36.0951
36.055
36.6895
36.372
35.6344
35.094
34.5051
35.3605
35.9421
35.4078
34.5282
35.4033
35.6942
35.9553
35.0149
35.0781
35.2307
35.8709
36.6038
37.2532
36.3526
36.0323
35.643
34.9668
33.9785
34.2835
34.811
35.0493
34.8023
35.083
36.063
36.3143
36.9427
36.8882
36.1551
36.8623
36.5047
36.1453
35.3395
35.3948
35.1228
34.583
33.7759
33.281
33.2149
32.5834
31.9505
31.2483
31.1895
31.5123
30.7487
30.8153
31.4319
30.9323
31.0428
31.1012
31.1896
31.2109
31.2027
31.2825
31.7483
32.443
31.9006
31.8857
32.7205
33.6638
33.6297
34.1664
34.2307
34.471
34.1869
33.6647
33.7675
33.1192
34.0711
34.93
35.5241
34.6534
34.238
35.0758
34.2756
33.5907
34.0633
33.9513
34.5543
35.4384
35.807
35.5879
36.3135
35.8979
35.1724
34.7701
34.8257
34.1231
34.7875
34.9183
34.328
35.1572
34.8005
34.908
35.705
35.4796
36.443
36.6717
37.2753
37.054
37.0122
36.0642
36.2747
36.7063
36.4225
35.6577
35.4312
35.0969
35.0772
34.9292
34.846
35.0878
35.5493
34.6845
35.2581
34.6701
35.3311
35.1295
35.0381
35.9237
36.6889
37.173
36.7596
37.5585
38.3133
38.3956
38.7101
38.1271
38.2138
39.1314
39.9636
39.7056
39.725
39.1601
40.1397
39.6941
38.9803
38.3612
39.3388
39.9659
39.5766
40.2705
41.0259
41.7378
41.9139
41.7886
41.591
41.7029
41.4616
41.7543
41.6459
41.0752
40.6318
41.3126
40.7699
39.9609
39.6986
39.6003
40.0279
40.7313
40.2043
41.0684
40.8093
40.4254
41.2499
41.449
42.1507
41.3622
41.1734
42.1443
42.9385
41.9606
41.4487
40.8079
40.0627
39.9487
39.4552
39.3303
39.4177
40.2226
40.6652
40.7356
40.3825
40.611
39.6651
39.3075
39.8699
40.4607
39.9966
39.81
39.3109
39.595
40.2813
41.2397
40.7
41.3264
41.5377
42.2183
41.4365
40.4644
40.4729
40.0569
40.7428
40.0558
40.8703
41.3919
41.5136
40.7533
41.7086
41.4984
41.4753
41.9279
42.1918
41.2119
41.7706
41.1554
41.0163
40.6569
41.1111
42.0202
41.4818
41.0773
41.6095
41.1078
40.5407
40.0343
40.6521
41.4534
40.5853
41.4568
41.6978
41.9645
42.5829
43.4034
43.1567
42.2256
41.8963
41.6522
41.2592
41.0408
40.9843
41.3589
40.8899
41.0475
41.2285
41.9276
41.2337
40.9686
41.567
42.3433
41.8241
42.7406
42.9418
42.4215
41.5575
40.8532
39.879
39.9883
39.3525
39.9206
39.3423
39.9616
39.5201
39.403
38.9244
39.1323
39.9456
39.2551
38.8935
38.8618
38.2122
39.0166
39.6369
38.9137
39.8975
39.4214
38.971
39.2862
39.7915
40.6402
39.6961
40.0501
39.2752
39.5122
38.6396
39.3692
40.2792
40.7671
41.6236
41.3665
41.9934
42.846
42.5313
42.8095
42.7102
42.9601
43.595
44.3665
45.0193
46.0102
45.8554
45.7085
45.6051
46.0504
46.9789
46.3196
46.2386
45.244
45.6918
45.9946
46.922
47.4774
46.6646
47.2414
46.5245
47.1854
46.6405
45.9822
46.7818
46.7997
46.0999
45.6893
44.9849
44.0349
43.7261
44.3822
45.0429
44.5861
45.0538
45.4799
44.9821
44.5336
43.6594
42.9988
43.0239
42.9757
42.463
42.2297
41.9278
41.551
41.8392
42.2075
42.7428
42.2748
42.3375
42.9447
43.2787
44.142
43.7613
44.721
44.7406
44.7703
44.2434
44.6651
45.1072
45.2325
45.4425
46.232
47.1659
47.2711
47.502
47.6903
48.6766
49.5385
49.6242
48.8831
49.2351
48.4988
47.8188
47.565
48.5633
49.0901
49.0086
49.6564
49.27
49.6441
48.9374
49.0346
48.1163
47.2226
47.1821
47.5189
46.7697
46.6482
46.7204
46.0645
45.436
44.7417
45.1765
45.1867
45.0628
44.4263
44.2159
43.9434
44.0026
43.5769
43.0947
43.1832
43.4731
43.7113
43.8735
42.9582
42.3143
42.9862
43.4752
44.0179
44.7009
43.8437
42.9144
42.2269
41.6474
42.1791
42.1825
42.075
42.1801
42.0139
42.3601
42.0026
41.8878
41.9803
42.7032
43.0893
44.0305
44.3108
44.2862
43.3612
44.1419
44.6699
45.4481
45.722
45.1823
44.2568
44.2943
44.9396
44.5941
43.819
43.1555
44.0145
44.8137
44.2257
44.2893
44.0631
44.0551
44.4935
44.2734
44.4119
44.5644
44.4408
44.3745
43.7695
43.2714
43.7619
43.2344
43.7775
43.1083
43.1568
42.7887
42.328
41.889
41.7426
42.0637
42.8471
43.5512
44.2765
45.2049
46.1361
45.2919
45.5756
45.2016
45.4733
45.1396
44.9044
45.2666
44.8735
44.7957
44.5176
44.8637
44.4139
44.8204
45.1791
44.721
43.9406
43.78
43.7948
43.7584
44.6169
45.3328
44.6343
45.4164
45.5008
44.6022
45.5927
45.8281
46.7683
45.9696
46.7384
46.313
45.9009
46.2846
46.6133
46.2531
46.2744
46.3219
45.9543
45.3328
44.3954
44.8058
44.7218
44.9835
44.2068
44.1967
44.5928
45.2053
45.7344
46.4475
46.6609
47.444
46.7604
46.9746
46.163
46.0707
46.5062
46.2193
46.988
47.5661
47.3663
47.0881
47.5211
48.5189
48.7443
48.3898
48.9077
48.577
49.0668
48.3476
48.7498
49.5482
50.0765
50.9913
50.3596
50.6242
49.8555
49.2977
48.813
48.3103
47.4687
47.2472
46.7993
47.0825
47.1974
46.6582
47.5791
47.1259
47.8148
47.2299
47.3271
47.3607
47.6108
47.5517
48.009
48.7019
47.7659
47.8252
47.0183
46.618
47.1879
47.9111
47.4906
47.0044
47.4589
46.7232
47.3857
48.0567
47.8762
47.0378
47.0513
47.8868
47.3336
48.1007
48.2644
47.9904
47.0238
46.5664
46.8331
47.0776
47.2664
46.9769
47.451
48.4202
48.749
47.8512
48.4374
48.4373
48.8877
49.5453
50.3897
51.1179
51.1192
50.6131
49.8757
49.7803
49.2202
49.9255
50.8534
51.7963
52.4778
52.1778
52.0645
51.7608
52.5061
52.7918
53.7699
53.4302
53.4313
52.9398
52.711
52.6129
52.8244
52.2148
51.3016
51.5542
51.4768
51.0144
51.6522
50.9078
51.7943
52.0215
51.3566
51.1992
51.8878
51.9343
51.271
51.3665
51.4975
52.0321
51.1404
51.3084
51.3547
52.0314
52.713
52.8386
53.2362
53.1961
53.1165
52.1251
52.295
51.3143
51.7454
52.0636
52.4216
52.9706
53.5946
53.8208
53.1736
53.5109
53.1921
53.0435
52.1889
51.8419
52.3869
52.6837
52.8824
53.3817
52.7062
53.3375
53.1458
53.5664
54.5459
55.0392
54.8148
55.3018
54.8912
55.4454
56.1774
56.9589
57.2222
57.4097
57.5835
58.2578
57.9593
57.3912
56.5835
56.3902
57.2442
56.4998
55.71
56.0783
55.2391
56.1787
56.2564
55.2668
54.5727
55.2834
55.845
56.3815
56.5928
56.6871
56.3286
57.0932
57.2719
56.2825
55.9913
56.309
56.9345
57.0079
56.0463
56.4391
56.7169
56.6345
57.4345
57.7808
57.875
56.9096
57.6287
57.6344
58.4957
58.1825
58.4384
57.4827
57.9333
58.5343
58.2308
58.9442
59.7861
58.866
59.6781
60.3429
59.6942
60.036
60.2466
60.2361
60.679
61.409
61.6306
62.2961
63.2591
63.9955
64.208
63.2933
63.292
63.3796
63.4495
62.7551
62.801
61.9133
61.1113
60.8412
60.0332
59.1949
58.8491
59.3997
58.4828
57.6286
58.5053
58.46
58.4265
58.6715
58.5903
57.8516
57.9541
58.2622
59.1389
59.5348
60.0556
60.4368
61.2643
60.3133
59.3646
60.0633
60.4494
60.8446
60.6061
60.5443
60.254
59.3331
59.1921
58.3342
58.2762
57.3595
57.3304
57.5899
56.598
55.8046
55.0012
54.5775
55.1411
55.3299
54.4358
54.4112
55.1091
54.2421
53.9136
54.6001
53.7218
53.5931
52.8656
52.3408
52.2726
52.6613
52.8619
53.0668
53.8846
54.0763
53.5558
52.8411
52.649
53.6008
52.652
53.5009
54.4144
53.4224
54.143
53.7285
53.5915
52.8226
53.2491
52.8138
53.3639
52.5848
52.4495
52.6419
51.7947
52.6132
52.9488
53.6971
54.5707
54.998
55.2991
54.9121
54.1769
54.3171
54.5181
54.4025
55.1139
55.5379
56.0528
56.5586
55.7597
55.1646
56.0114
55.4543
55.3181
54.5356
54.8124
55.2387
55.3175
54.7196
55.0185
54.3173
54.83
53.8905
53.7541
54.5552
54.6256
54.53
54.2842
53.5729
54.5191
55.3919
54.8113
54.5964
54.0012
54.3009
53.7287
53.7864
53.0377
52.0899
52.5417
53.0014
53.7496
54.5754
54.8139
55.7257
56.1442
55.6072
55.5493
55.7988
55.3577
55.9991
55.6431
56.4196
56.651
56.3748
55.5424
54.632
55.0311
55.474
54.6067
54.7845
55.3819
54.664
53.6799
54.5881
54.3789
53.8365
54.2261
54.7434
55.5349
54.8621
54.166
54.1799
54.6836
55.1412
55.4091
54.9544
53.976
54.1808
54.3283
55.326
54.73
54.3716
54.5019
54.4953
54.0666
53.1326
52.7923
52.6061
52.5586
53.1212
53.3423
52.9553
53.102
53.292
52.644
52.188
52.0052
52.9398
53.1657
53.0865
53.6059
53.2326
53.4229
54.0341
54.5947
54.9967
54.178
53.5844
53.4462
52.7107
53.6964
53.1579
52.6978
52.5849
52.9368
52.5509
52.9037
52.559
52.7872
52.4633
52.0241
51.089
50.202
49.2914
49.5411
50.2659
49.4083
49.6201
49.3728
49.9812
50.945
50.623
50.1418
49.7648
49.4996
48.8896
48.6436
47.9923
48.4702
47.8783
47.4075
46.9775
46.7704
46.8778
46.2144
46.1832
45.3362
45.6828
45.8948
46.6902
46.9732
46.7402
47.3728
48.0394
47.3907
47.9293
47.761
47.4358
47.6086
47.4676
47.2012
47.2868
46.9269
47.4019
47.433
48.1588
48.4265
48.0192
47.9572
48.2282
47.8787
47.1604
46.3975
45.7724
45.9567
46.038
45.9654
46.6009
46.9055
46.6031
47.4677
47.3348
46.4448
45.8947
46.8884
47.6054
48.0877
47.7414
46.8046
47.0538
46.7977
46.5247
45.6338
45.2539
46.1054
46.9133
46.7747
46.0861
46.2214
47.0774
46.1358
46.4921
45.8457
45.391
45.3248
45.1613
45.2068
45.375
45.2474
46.2381
46.9768
47.69
46.8328
46.547
45.6332
45.5292
46.5031
46.0375
45.0496
44.2193
44.3965
43.9224
44.6269
43.8356
44.3545
43.4836
42.6495
43.1645
42.4991
41.6215
41.1632
40.3281
39.3457
40.343
40.3026
40.8602
41.3921
41.6854
41.386
40.6689
39.9424
39.3191
39.9172
39.1541
38.7916
38.816
38.1316
38.2476
39.2318
39.5007
40.2605
40.1295
40.8261
40.7509
40.2311
39.4561
40.225
40.8886
40.4202
41.3193
41.9282
40.9407
41.0798
41.2418
40.6198
41.5146
41.8601
42.4038
42.3129
42.1948
41.7892
42.6472
41.8574
42.7335
42.5929
42.0777
42.0695
42.4258
41.8991
42.5561
41.9261
41.5766
40.7993
41.7402
41.5594
42.4843
42.0065
42.937
42.364
41.5069
41.1621
42.007
41.6309
41.1247
41.6572
42.3144
42.3292
43.0929
43.0413
42.1276
42.6121
43.0788
43.2604
44.0592
43.4861
43.2922
42.6827
43.1167
42.3447
42.8156
41.8714
41.8531
41.8882
41.1864
41.5196
41.2179
40.2753
41.0661
40.9372
40.2477
39.8846
38.982
39.4725
38.9663
38.2947
37.8296
37.4346
37.9667
38.4459
39.4152
39.2994
39.1943
38.3911
37.5643
36.8715
37.3736
38.1576
37.9464
37.1691
37.949
37.1262
37.6059
38.4395
38.1268
37.8578
37.3137
36.6434
35.842
36.6633
36.4619
36.3621
35.4821
35.9213
36.5693
36.3169
37.0337
36.1288
35.7283
36.4489
36.1148
35.1668
35.375
35.5602
34.756
35.3341
35.7813
35.865
35.8633
36.6472
37.4295
38.2923
37.8147
37.264
38.0271
37.3423
37.9434
38.2727
38.6364
38.7144
38.6287
38.7996
38.7121
38.7332
37.859
37.3076
36.7131
37.0352
37.7457
38.1498
37.8436
38.0997
37.4489
37.5662
38.556
38.9941
38.1471
37.7898
38.3967
37.5231
38.2547
38.1565
