0	0.000122835	0.00999925
0.0122838	0.000245652	0.00999698
0.0245677	0.000368432	0.00999321
0.0368515	0.000491156	0.00998793
0.0491354	0.000613806	0.00998114
0.0614192	0.000736363	0.00997285
0.0737031	0.00085881	0.00996305
0.0859869	0.000981126	0.00995175
0.0982707	0.0011033	0.00993895
0.110555	0.0012253	0.00992465
0.122838	0.00134711	0.00990885
0.135122	0.00146873	0.00989155
0.147406	0.00159012	0.00987277
0.15969	0.00171127	0.00985249
0.171974	0.00183217	0.00983073
0.184258	0.00195279	0.00980748
0.196541	0.00207311	0.00978275
0.208825	0.00219312	0.00975655
0.221109	0.0023128	0.00972887
0.233393	0.00243213	0.00969973
0.245677	0.00255109	0.00966912
0.257961	0.00266967	0.00963706
0.270245	0.00278785	0.00960354
0.282528	0.0029056	0.00956857
0.294812	0.00302292	0.00953215
0.307096	0.00313978	0.0094943
0.31938	0.00325617	0.00945502
0.331664	0.00337206	0.00941431
0.343948	0.00348745	0.00937218
0.356231	0.00360231	0.00932863
0.368515	0.00371662	0.00928368
0.380799	0.00383038	0.00923733
0.393083	0.00394356	0.00918958
0.405367	0.00405614	0.00914045
0.417651	0.00416811	0.00908993
0.429934	0.00427945	0.00903805
0.442218	0.00439015	0.0089848
0.454502	0.00450018	0.00893019
0.466786	0.00460954	0.00887424
0.47907	0.0047182	0.00881695
0.491354	0.00482615	0.00875833
0.503638	0.00493337	0.00869839
0.515921	0.00503984	0.00863713
0.528205	0.00514555	0.00857457
0.540489	0.00525049	0.00851072
0.552773	0.00535464	0.00844559
0.565057	0.00545798	0.00837918
0.577341	0.00556049	0.0083115
0.589624	0.00566216	0.00824257
0.601908	0.00576299	0.0081724
0.614192	0.00586294	0.00810099
0.626476	0.005962	0.00802836
0.63876	0.00606017	0.00795452
0.651044	0.00615742	0.00787948
0.663327	0.00625375	0.00780326
0.675611	0.00634913	0.00772585
0.687895	0.00644355	0.00764728
0.700179	0.006537	0.00756755
0.712463	0.00662946	0.00748668
0.724747	0.00672092	0.00740469
0.737031	0.00681137	0.00732157
0.749314	0.00690079	0.00723735
0.761598	0.00698917	0.00715204
0.773882	0.0070765	0.00706565
0.786166	0.00716275	0.00697819
0.79845	0.00724793	0.00688968
0.810734	0.00733201	0.00680013
0.823017	0.00741499	0.00670956
0.835301	0.00749685	0.00661797
0.847585	0.00757757	0.00652539
0.859869	0.00765716	0.00643181
0.872153	0.00773558	0.00633727
0.884437	0.00781285	0.00624178
0.89672	0.00788893	0.00614534
0.909004	0.00796382	0.00604797
0.921288	0.00803751	0.00594969
0.933572	0.00810998	0.00585051
0.945856	0.00818124	0.00575045
0.95814	0.00825126	0.00564953
0.970424	0.00832003	0.00554775
0.982707	0.00838755	0.00544513
0.994991	0.0084538	0.00534169
1.00728	0.00851878	0.00523745
1.01956	0.00858247	0.00513241
1.03184	0.00864487	0.0050266
1.04413	0.00870596	0.00492004
1.05641	0.00876574	0.00481273
1.06869	0.00882419	0.00470469
1.08098	0.00888132	0.00459595
1.09326	0.0089371	0.00448651
1.10555	0.00899154	0.00437639
1.11783	0.00904462	0.00426561
1.13011	0.00909633	0.00415419
1.1424	0.00914667	0.00404215
1.15468	0.00919564	0.00392949
1.16697	0.00924321	0.00381624
1.17925	0.00928939	0.00370241
1.19153	0.00933417	0.00358803
1.20382	0.00937754	0.0034731
1.2161	0.00941949	0.00335766
1.22838	0.00946002	0.0032417
1.24067	0.00949913	0.00312525
1.25295	0.0095368	0.00300834
1.26524	0.00957304	0.00289097
1.27752	0.00960782	0.00277316
1.2898	0.00964116	0.00265493
1.30209	0.00967305	0.00253631
1.31437	0.00970347	0.0024173
1.32665	0.00973243	0.00229793
1.33894	0.00975993	0.00217821
1.35122	0.00978595	0.00205816
1.36351	0.00981049	0.0019378
1.37579	0.00983355	0.00181715
1.38807	0.00985513	0.00169622
1.40036	0.00987522	0.00157504
1.41264	0.00989383	0.00145362
1.42493	0.00991094	0.00133198
1.43721	0.00992655	0.00121014
1.44949	0.00994066	0.00108812
1.46178	0.00995328	0.00096593
1.47406	0.00996439	0.000843598
1.48634	0.00997401	0.000721138
1.49863	0.00998211	0.00059857
1.51091	0.00998871	0.000475911
1.5232	0.0099938	0.000353181
1.53548	0.00999739	0.000230397
1.54776	0.00999946	0.000107578
1.56005	0.01	-1.52564e-05
1.57233	0.00999909	-0.000138089
1.58462	0.00999664	-0.000260901
1.5969	0.00999268	-0.000383673
1.60918	0.00998721	-0.000506387
1.62147	0.00998024	-0.000629025
1.63375	0.00997176	-0.000751568
1.64603	0.00996177	-0.000873998
1.65832	0.00995029	-0.000996296
1.6706	0.0099373	-0.00111844
1.68289	0.00992281	-0.00124042
1.69517	0.00990682	-0.00136221
1.70745	0.00988934	-0.0014838
1.71974	0.00987037	-0.00160516
1.73202	0.00984991	-0.00172628
1.74431	0.00982796	-0.00184714
1.75659	0.00980453	-0.00196772
1.76887	0.00977962	-0.00208801
1.78116	0.00975324	-0.00220798
1.79344	0.00972538	-0.00232761
1.80572	0.00969605	-0.0024469
1.81801	0.00966526	-0.00256581
1.83029	0.00963302	-0.00268434
1.84258	0.00959932	-0.00280246
1.85486	0.00956417	-0.00292016
1.86714	0.00952758	-0.00303742
1.87943	0.00948955	-0.00315422
1.89171	0.00945009	-0.00327055
1.904	0.0094092	-0.00338638
1.91628	0.0093669	-0.0035017
1.92856	0.00932318	-0.00361649
1.94085	0.00927805	-0.00373074
1.95313	0.00923152	-0.00384443
1.96541	0.0091836	-0.00395753
1.9777	0.0091343	-0.00407004
1.98998	0.00908361	-0.00418193
2.00227	0.00903156	-0.00429319
2.01455	0.00897814	-0.00440381
2.02683	0.00892337	-0.00451376
2.03912	0.00886725	-0.00462302
2.0514	0.0088098	-0.00473159
2.06369	0.00875101	-0.00483945
2.07597	0.00869091	-0.00494658
2.08825	0.00862949	-0.00505296
2.10054	0.00856677	-0.00515858
2.11282	0.00850276	-0.00526342
2.1251	0.00843746	-0.00536746
2.13739	0.00837089	-0.0054707
2.14967	0.00830306	-0.00557311
2.16196	0.00823398	-0.00567468
2.17424	0.00816365	-0.00577539
2.18652	0.00809209	-0.00587523
2.19881	0.00801932	-0.00597419
2.21109	0.00794533	-0.00607224
2.22338	0.00787014	-0.00616938
2.23566	0.00779376	-0.00626559
2.24794	0.00771621	-0.00636085
2.26023	0.0076375	-0.00645515
2.27251	0.00755763	-0.00654848
2.28479	0.00747662	-0.00664082
2.29708	0.00739448	-0.00673215
2.30936	0.00731123	-0.00682247
2.32165	0.00722687	-0.00691177
2.33393	0.00714143	-0.00700002
2.34621	0.0070549	-0.00708721
2.3585	0.00696732	-0.00717333
2.37078	0.00687868	-0.00725837
2.38307	0.006789	-0.00734232
2.39535	0.0066983	-0.00742516
2.40763	0.00660658	-0.00750688
2.41992	0.00651388	-0.00758746
2.4322	0.00642018	-0.0076669
2.44448	0.00632552	-0.00774519
2.45677	0.00622991	-0.0078223
2.46905	0.00613335	-0.00789824
2.48134	0.00603587	-0.00797298
2.49362	0.00593748	-0.00804652
2.5059	0.00583819	-0.00811884
2.51819	0.00573802	-0.00818994
2.53047	0.00563699	-0.00825981
2.54276	0.0055351	-0.00832843
2.55504	0.00543238	-0.00839579
2.56732	0.00532884	-0.00846189
2.57961	0.0052245	-0.0085267
2.59189	0.00511937	-0.00859024
2.60417	0.00501346	-0.00865247
2.61646	0.0049068	-0.0087134
2.62874	0.0047994	-0.00877302
2.64103	0.00469127	-0.00883131
2.65331	0.00458244	-0.00888827
2.66559	0.00447291	-0.00894388
2.67788	0.00436271	-0.00899815
2.69016	0.00425186	-0.00905106
2.70245	0.00414036	-0.00910261
2.71473	0.00402823	-0.00915278
2.72701	0.0039155	-0.00920157
2.7393	0.00380218	-0.00924897
2.75158	0.00368828	-0.00929498
2.76386	0.00357383	-0.00933958
2.77615	0.00345883	-0.00938278
2.78843	0.00334332	-0.00942455
2.80072	0.0032273	-0.00946491
2.813	0.00311079	-0.00950384
2.82528	0.00299382	-0.00954133
2.83757	0.00287639	-0.00957739
2.84985	0.00275853	-0.009612
2.86214	0.00264025	-0.00964516
2.87442	0.00252158	-0.00967686
2.8867	0.00240252	-0.00970711
2.89899	0.0022831	-0.00973588
2.91127	0.00216334	-0.00976319
2.92355	0.00204325	-0.00978903
2.93584	0.00192285	-0.00981339
2.94812	0.00180216	-0.00983627
2.96041	0.0016812	-0.00985766
2.97269	0.00155999	-0.00987757
2.98497	0.00143854	-0.00989599
2.99726	0.00131687	-0.00991291
3.00954	0.00119501	-0.00992834
3.02183	0.00107296	-0.00994227
3.03411	0.000950756	-0.0099547
3.04639	0.000828405	-0.00996563
3.05868	0.00070593	-0.00997505
3.07096	0.000583348	-0.00998297
3.08324	0.000460677	-0.00998938
3.09553	0.000337938	-0.00999429
3.10781	0.000215147	-0.00999769
3.1201	9.23239e-05	-0.00999957
3.13238	-3.05132e-05	-0.00999995
3.14466	-0.000153346	-0.00999882
3.15695	-0.000276155	-0.00999619
3.16923	-0.000398923	-0.00999204
3.18152	-0.00052163	-0.00998639
3.1938	-0.000644259	-0.00997922
3.20608	-0.00076679	-0.00997056
3.21837	-0.000889206	-0.00996039
3.23065	-0.00101149	-0.00994871
3.24293	-0.00113362	-0.00993554
3.25522	-0.00125557	-0.00992086
3.2675	-0.00137734	-0.00990469
3.27979	-0.0014989	-0.00988703
3.29207	-0.00162024	-0.00986787
3.30435	-0.00174133	-0.00984722
3.31664	-0.00186216	-0.00982509
3.32892	-0.0019827	-0.00980147
3.34121	-0.00210295	-0.00977638
3.35349	-0.00222288	-0.00974981
3.36577	-0.00234247	-0.00972177
3.37806	-0.00246171	-0.00969226
3.39034	-0.00258058	-0.00966129
3.40262	-0.00269906	-0.00962887
3.41491	-0.00281714	-0.00959499
3.42719	-0.00293478	-0.00955966
3.43948	-0.00305199	-0.00952289
3.45176	-0.00316873	-0.00948468
3.46404	-0.003285	-0.00944504
3.47633	-0.00340077	-0.00940398
3.48861	-0.00351603	-0.00936149
3.5009	-0.00363076	-0.0093176
3.51318	-0.00374493	-0.0092723
3.52546	-0.00385855	-0.0092256
3.53775	-0.00397158	-0.0091775
3.55003	-0.00408401	-0.00912803
3.56231	-0.00419583	-0.00907717
3.5746	-0.00430701	-0.00902495
3.58688	-0.00441755	-0.00897136
3.59917	-0.00452741	-0.00891642
3.61145	-0.0046366	-0.00886014
3.62373	-0.00474508	-0.00880251
3.63602	-0.00485285	-0.00874356
3.6483	-0.00495988	-0.00868329
3.66058	-0.00506617	-0.00862171
3.67287	-0.00517169	-0.00855883
3.68515	-0.00527644	-0.00849466
3.69744	-0.00538038	-0.00842921
3.70972	-0.00548352	-0.00836248
3.722	-0.00558582	-0.00829449
3.73429	-0.00568729	-0.00822526
3.74657	-0.0057879	-0.00815478
3.75886	-0.00588763	-0.00808306
3.77114	-0.00598647	-0.00801013
3.78342	-0.00608441	-0.007936
3.79571	-0.00618144	-0.00786066
3.80799	-0.00627753	-0.00778414
3.82027	-0.00637267	-0.00770644
3.83256	-0.00646685	-0.00762758
3.84484	-0.00656006	-0.00754757
3.85713	-0.00665227	-0.00746642
3.86941	-0.00674349	-0.00738414
3.88169	-0.00683368	-0.00730075
3.89398	-0.00692284	-0.00721626
3.90626	-0.00701096	-0.00713068
3.91855	-0.00709802	-0.00704402
3.93083	-0.00718401	-0.0069563
3.94311	-0.00726892	-0.00686754
3.9554	-0.00735273	-0.00677773
3.96768	-0.00743543	-0.0066869
3.97996	-0.00751701	-0.00659507
3.99225	-0.00759745	-0.00650223
4.00453	-0.00767675	-0.00640842
4.01682	-0.00775489	-0.00631364
4.0291	-0.00783185	-0.00621791
4.04138	-0.00790764	-0.00612124
4.05367	-0.00798224	-0.00602364
4.06595	-0.00805562	-0.00592514
4.07824	-0.0081278	-0.00582574
4.09052	-0.00819875	-0.00572546
4.1028	-0.00826846	-0.00562432
4.11509	-0.00833692	-0.00552233
4.12737	-0.00840412	-0.00541951
4.13965	-0.00847006	-0.00531587
4.15194	-0.00853472	-0.00521143
4.16422	-0.00859809	-0.0051062
4.17651	-0.00866016	-0.0050002
4.18879	-0.00872093	-0.00489345
4.20107	-0.00878038	-0.00478596
4.21336	-0.00883851	-0.00467774
4.22564	-0.0088953	-0.00456882
4.23793	-0.00895075	-0.00445922
4.25021	-0.00900485	-0.00434893
4.26249	-0.00905759	-0.004238
4.27478	-0.00910896	-0.00412642
4.28706	-0.00915896	-0.00401422
4.29934	-0.00920758	-0.00390141
4.31163	-0.00925481	-0.00378802
4.32391	-0.00930064	-0.00367405
4.3362	-0.00934507	-0.00355953
4.34848	-0.00938809	-0.00344448
4.36076	-0.00942969	-0.0033289
4.37305	-0.00946987	-0.00321282
4.38533	-0.00950862	-0.00309625
4.39762	-0.00954594	-0.00297922
4.4099	-0.00958181	-0.00286174
4.42218	-0.00961624	-0.00274383
4.43447	-0.00964922	-0.0026255
4.44675	-0.00968074	-0.00250678
4.45903	-0.0097108	-0.00238768
4.47132	-0.0097394	-0.00226822
4.4836	-0.00976653	-0.00214841
4.49589	-0.00979218	-0.00202829
4.50817	-0.00981636	-0.00190785
4.52045	-0.00983905	-0.00178713
4.53274	-0.00986026	-0.00166614
4.54502	-0.00987998	-0.0015449
4.55731	-0.00989822	-0.00142342
4.56959	-0.00991495	-0.00130173
4.58187	-0.0099302	-0.00117985
4.59416	-0.00994394	-0.00105778
4.60644	-0.00995618	-0.000935556
4.61872	-0.00996692	-0.00081319
4.63101	-0.00997616	-0.000690702
4.64329	-0.00998389	-0.000568109
4.65558	-0.00999012	-0.000445431
4.66786	-0.00999483	-0.000322685
4.68014	-0.00999804	-0.000199891
4.69243	-0.00999974	-7.70668e-05
4.70471	-0.00999994	4.57691e-05
4.717	-0.00999862	0.000168598
4.72928	-0.00999579	0.000291402
4.74156	-0.00999146	0.000414161
4.75385	-0.00998562	0.000536859
4.76613	-0.00997827	0.000659475
4.77841	-0.00996942	0.000781991
4.7907	-0.00995906	0.00090439
4.80298	-0.0099472	0.00102665
4.81527	-0.00993384	0.00114876
4.82755	-0.00991898	0.00127069
4.83983	-0.00990262	0.00139244
4.85212	-0.00988477	0.00151397
4.8644	-0.00986543	0.00163527
4.87669	-0.0098446	0.00175633
4.88897	-0.00982228	0.00187712
4.90125	-0.00979848	0.00199763
4.91354	-0.0097732	0.00211784
4.92582	-0.00974645	0.00223772
4.9381	-0.00971823	0.00235727
4.95039	-0.00968854	0.00247647
4.96267	-0.00965739	0.00259529
4.97496	-0.00962478	0.00271372
4.98724	-0.00959072	0.00283174
4.99952	-0.00955522	0.00294933
5.01181	-0.00951827	0.00306648
5.02409	-0.00947988	0.00318316
5.03638	-0.00944007	0.00329937
5.04866	-0.00939883	0.00341508
5.06094	-0.00935617	0.00353027
5.07323	-0.0093121	0.00364493
5.08551	-0.00926662	0.00375903
5.09779	-0.00921975	0.00387258
5.11008	-0.00917148	0.00398553
5.12236	-0.00912184	0.00409789
5.13465	-0.00907081	0.00420963
5.14693	-0.00901842	0.00432073
5.15921	-0.00896466	0.00443118
5.1715	-0.00890956	0.00454096
5.18378	-0.0088531	0.00465006
5.19607	-0.00879532	0.00475845
5.20835	-0.0087362	0.00486613
5.22063	-0.00867577	0.00497307
5.23292	-0.00861403	0.00507927
5.2452	-0.00855099	0.00518469
5.25748	-0.00848666	0.00528934
5.26977	-0.00842105	0.00539318
5.28205	-0.00835416	0.00549621
5.29434	-0.00828602	0.00559842
5.30662	-0.00821663	0.00569978
5.3189	-0.00814599	0.00580027
5.33119	-0.00807413	0.0058999
5.34347	-0.00800105	0.00599863
5.35576	-0.00792676	0.00609646
5.36804	-0.00785128	0.00619336
5.38032	-0.00777461	0.00628934
5.39261	-0.00769677	0.00638436
5.40489	-0.00761776	0.00647842
5.41717	-0.00753761	0.00657151
5.42946	-0.00745632	0.0066636
5.44174	-0.00737391	0.00675468
5.45403	-0.00729038	0.00684475
5.46631	-0.00720575	0.00693379
5.47859	-0.00712004	0.00702177
5.49088	-0.00703325	0.0071087
5.50316	-0.0069454	0.00719456
5.51545	-0.0068565	0.00727933
5.52773	-0.00676656	0.007363
5.54001	-0.00667561	0.00744556
5.5523	-0.00658365	0.007527
5.56458	-0.00649069	0.0076073
5.57686	-0.00639676	0.00768646
5.58915	-0.00630186	0.00776445
5.60143	-0.00620601	0.00784127
5.61372	-0.00610922	0.00791691
5.626	-0.00601151	0.00799136
5.63828	-0.0059129	0.0080646
5.65057	-0.00581339	0.00813662
5.66285	-0.00571301	0.00820742
5.67514	-0.00561176	0.00827697
5.68742	-0.00550966	0.00834528
5.6997	-0.00540674	0.00841233
5.71199	-0.005303	0.00847811
5.72427	-0.00519846	0.00854261
5.73655	-0.00509313	0.00860582
5.74884	-0.00498704	0.00866773
5.76112	-0.00488019	0.00872833
5.77341	-0.00477261	0.00878762
5.78569	-0.0046643	0.00884558
5.79797	-0.0045553	0.00890221
5.81026	-0.0044456	0.00895749
5.82254	-0.00433524	0.00901142
5.83483	-0.00422422	0.00906399
5.84711	-0.00411256	0.0091152
5.85939	-0.00400029	0.00916503
5.87168	-0.0038874	0.00921347
5.88396	-0.00377394	0.00926053
5.89624	-0.0036599	0.00930619
5.90853	-0.00354531	0.00935044
5.92081	-0.00343019	0.00939329
5.9331	-0.00331455	0.00943471
5.94538	-0.0031984	0.00947471
5.95766	-0.00308178	0.00951329
5.96995	-0.00296469	0.00955042
5.98223	-0.00284715	0.00958612
5.99452	-0.00272919	0.00962037
6.0068	-0.00261081	0.00965317
6.01908	-0.00249204	0.00968451
6.03137	-0.00237289	0.00971439
6.04365	-0.00225338	0.00974281
6.05593	-0.00213354	0.00976975
6.06822	-0.00201337	0.00979522
6.0805	-0.0018929	0.00981921
6.09279	-0.00177214	0.00984172
6.10507	-0.00165112	0.00986275
6.11735	-0.00152984	0.00988229
6.12964	-0.00140834	0.00990033
6.14192	-0.00128662	0.00991689
6.1542	-0.00116471	0.00993194
6.16649	-0.00104262	0.0099455
6.17877	-0.000920376	0.00995756
6.19106	-0.000797993	0.00996811
6.20334	-0.000675489	0.00997716
6.21562	-0.000552884	0.0099847
6.22791	-0.000430194	0.00999074
6.24019	-0.00030744	0.00999527
6.25248	-0.00018464	0.0099983
6.26476	-6.18115e-05	0.00999981
6.27704	6.10261e-05	0.00999981
6.28933	0.000183855	0.00999831
6.30161	0.000306655	0.0099953
6.31389	0.00042941	0.00999078
6.32618	0.000552099	0.00998475
6.33846	0.000674706	0.00997721
6.35075	0.00079721	0.00996817
6.36303	0.000919594	0.00995763
6.37531	0.00104184	0.00994558
6.3876	0.00116393	0.00993203
6.39988	0.00128584	0.00991699
6.41217	0.00140756	0.00990044
6.42445	0.00152907	0.00988241
6.43673	0.00165034	0.00986288
6.44902	0.00177137	0.00984186
6.4613	0.00189213	0.00981936
6.47358	0.0020126	0.00979538
6.48587	0.00213277	0.00976992
6.49815	0.00225262	0.00974298
6.51044	0.00237213	0.00971458
6.52272	0.00249128	0.00968471
6.535	0.00261005	0.00965337
6.54729	0.00272843	0.00962059
6.55957	0.0028464	0.00958634
6.57186	0.00296394	0.00955066
6.58414	0.00308103	0.00951353
6.59642	0.00319766	0.00947497
6.60871	0.00331381	0.00943497
6.62099	0.00342945	0.00939356
6.63327	0.00354458	0.00935072
6.64556	0.00365917	0.00930648
6.65784	0.00377321	0.00926083
6.67013	0.00388668	0.00921378
6.68241	0.00399957	0.00916534
6.69469	0.00411185	0.00911552
6.70698	0.00422351	0.00906433
6.71926	0.00433453	0.00901176
6.73155	0.0044449	0.00895784
6.74383	0.0045546	0.00890257
6.75611	0.00466361	0.00884595
6.7684	0.00477192	0.00878799
6.78068	0.00487951	0.00872872
6.79296	0.00498636	0.00866812
6.80525	0.00509246	0.00860622
6.81753	0.00519779	0.00854301
6.82982	0.00530233	0.00847852
6.8421	0.00540608	0.00841275
6.85438	0.00550901	0.00834571
6.86667	0.00561111	0.00827741
6.87895	0.00571236	0.00820786
6.89124	0.00581275	0.00813708
6.90352	0.00591226	0.00806506
6.9158	0.00601089	0.00799183
6.92809	0.0061086	0.00791739
6.94037	0.00620539	0.00784176
6.95265	0.00630125	0.00776495
6.96494	0.00639616	0.00768696
6.97722	0.0064901	0.00760781
6.98951	0.00658306	0.00752752
7.00179	0.00667502	0.00744609
7.01407	0.00676599	0.00736353
7.02636	0.00685592	0.00727987
7.03864	0.00694483	0.0071951
7.05093	0.00703269	0.00710926
7.06321	0.00711948	0.00702233
7.07549	0.00720521	0.00693435
7.08778	0.00728984	0.00684532
7.10006	0.00737338	0.00675526
7.11234	0.0074558	0.00666418
7.12463	0.00753709	0.0065721
7.13691	0.00761725	0.00647902
7.1492	0.00769627	0.00638497
7.16148	0.00777411	0.00628995
7.17376	0.00785079	0.00619398
7.18605	0.00792628	0.00609708
7.19833	0.00800058	0.00599926
7.21062	0.00807367	0.00590053
7.2229	0.00814554	0.00580091
7.23518	0.00821618	0.00570042
7.24747	0.00828558	0.00559907
7.25975	0.00835373	0.00549687
7.27203	0.00842062	0.00539384
7.28432	0.00848624	0.00529
7.2966	0.00855058	0.00518536
7.30889	0.00861363	0.00507994
7.32117	0.00867538	0.00497376
7.33345	0.00873582	0.00486682
7.34574	0.00879494	0.00475914
7.35802	0.00885274	0.00465075
7.37031	0.0089092	0.00454166
7.38259	0.00896431	0.00443188
7.39487	0.00901808	0.00432144
7.40716	0.00907048	0.00421034
7.41944	0.00912151	0.00409861
7.43172	0.00917117	0.00398625
7.44401	0.00921944	0.0038733
7.45629	0.00926633	0.00375976
7.46858	0.00931181	0.00364566
7.48086	0.00935589	0.003531
7.49314	0.00939856	0.00341581
7.50543	0.00943981	0.00330011
7.51771	0.00947963	0.00318391
7.53	0.00951803	0.00306723
7.54228	0.00955498	0.00295008
7.55456	0.0095905	0.00283249
7.56685	0.00962457	0.00271448
7.57913	0.00965719	0.00259605
7.59141	0.00968835	0.00247723
7.6037	0.00971805	0.00235804
7.61598	0.00974628	0.00223849
7.62827	0.00977304	0.0021186
7.64055	0.00979832	0.0019984
7.65283	0.00982213	0.00187789
7.66512	0.00984446	0.0017571
7.6774	0.0098653	0.00163605
7.68969	0.00988465	0.00151474
7.70197	0.00990251	0.00139321
7.71425	0.00991888	0.00127147
7.72654	0.00993375	0.00114954
7.73882	0.00994712	0.00102743
7.7511	0.00995899	0.000905172
7.76339	0.00996936	0.000782774
7.77567	0.00997822	0.000660259
7.78796	0.00998558	0.000537643
7.80024	0.00999143	0.000414946
7.81252	0.00999577	0.000292187
7.82481	0.00999861	0.000169384
7.83709	0.00999993	4.65546e-05
7.84938	0.00999975	-7.62814e-05
7.86166	0.00999806	-0.000199106
7.87394	0.00999486	-0.0003219
7.88623	0.00999015	-0.000444646
7.89851	0.00998394	-0.000567325
7.91079	0.00997621	-0.000689918
7.92308	0.00996699	-0.000812407
7.93536	0.00995626	-0.000934774
7.94765	0.00994402	-0.001057
7.95993	0.00993029	-0.00117907
7.97221	0.00991506	-0.00130095
7.9845	0.00989833	-0.00142264
7.99678	0.00988011	-0.00154412
8.00907	0.00986039	-0.00166537
8.02135	0.00983919	-0.00178636
8.03363	0.00981651	-0.00190708
8.04592	0.00979234	-0.00202752
8.0582	0.0097667	-0.00214765
8.07048	0.00973958	-0.00226745
8.08277	0.00971099	-0.00238692
8.09505	0.00968094	-0.00250602
8.10734	0.00964943	-0.00262475
8.11962	0.00961646	-0.00274307
8.1319	0.00958204	-0.00286099
8.14419	0.00954617	-0.00297847
8.15647	0.00950886	-0.00309551
8.16876	0.00947012	-0.00321207
8.18104	0.00942995	-0.00332816
8.19332	0.00938836	-0.00344374
8.20561	0.00934535	-0.0035588
8.21789	0.00930093	-0.00367332
8.23017	0.00925511	-0.00378729
8.24246	0.00920789	-0.00390069
8.25474	0.00915928	-0.0040135
8.26703	0.00910929	-0.0041257
8.27931	0.00905792	-0.00423728
8.29159	0.00900519	-0.00434823
8.30388	0.0089511	-0.00445851
8.31616	0.00889566	-0.00456813
8.32845	0.00883887	-0.00467705
8.34073	0.00878076	-0.00478527
8.35301	0.00872131	-0.00489277
8.3653	0.00866056	-0.00499952
8.37758	0.00859849	-0.00510553
8.38986	0.00853513	-0.00521076
8.40215	0.00847048	-0.00531521
8.41443	0.00840455	-0.00541885
8.42672	0.00833735	-0.00552168
8.439	0.0082689	-0.00562367
8.45128	0.0081992	-0.00572482
8.46357	0.00812826	-0.0058251
8.47585	0.00805609	-0.00592451
8.48813	0.00798271	-0.00602301
8.50042	0.00790812	-0.00612062
8.5127	0.00783234	-0.00621729
8.52499	0.00775538	-0.00631303
8.53727	0.00767725	-0.00640782
8.54955	0.00759796	-0.00650164
8.56184	0.00751752	-0.00659447
8.57412	0.00743595	-0.00668632
8.58641	0.00735326	-0.00677715
8.59869	0.00726946	-0.00686696
8.61097	0.00718456	-0.00695574
8.62326	0.00709858	-0.00704347
8.63554	0.00701152	-0.00713013
8.64782	0.00692341	-0.00721572
8.66011	0.00683425	-0.00730022
8.67239	0.00674407	-0.00738361
8.68468	0.00665286	-0.0074659
8.69696	0.00656065	-0.00754705
8.70924	0.00646745	-0.00762707
8.72153	0.00637328	-0.00770594
8.73381	0.00627814	-0.00778364
8.7461	0.00618205	-0.00786017
8.75838	0.00608504	-0.00793552
8.77066	0.0059871	-0.00800966
8.78295	0.00588826	-0.0080826
8.79523	0.00578854	-0.00815432
8.80751	0.00568794	-0.00822481
8.8198	0.00558648	-0.00829406
8.83208	0.00548417	-0.00836205
8.84437	0.00538105	-0.00842879
8.85665	0.0052771	-0.00849425
8.86893	0.00517237	-0.00855843
8.88122	0.00506685	-0.00862132
8.8935	0.00496057	-0.0086829
8.90579	0.00485353	-0.00874318
8.91807	0.00474577	-0.00880214
8.93035	0.00463729	-0.00885977
8.94264	0.00452811	-0.00891607
8.95492	0.00441825	-0.00897101
8.9672	0.00430772	-0.00902461
8.97949	0.00419654	-0.00907684
8.99177	0.00408473	-0.00912771
9.00406	0.0039723	-0.00917719
9.01634	0.00385927	-0.00922529
9.02862	0.00374566	-0.009272
9.04091	0.00363149	-0.00931731
9.05319	0.00351676	-0.00936122
9.06548	0.00340151	-0.00940371
9.07776	0.00328574	-0.00944478
9.09004	0.00316948	-0.00948443
9.10233	0.00305274	-0.00952265
9.11461	0.00293554	-0.00955943
9.12689	0.00281789	-0.00959476
9.13918	0.00269982	-0.00962865
9.15146	0.00258134	-0.00966109
9.16375	0.00246248	-0.00969207
9.17603	0.00234324	-0.00972159
9.18831	0.00222365	-0.00974964
9.2006	0.00210372	-0.00977621
9.21288	0.00198347	-0.00980132
9.22517	0.00186293	-0.00982494
9.23745	0.0017421	-0.00984708
9.24973	0.00162101	-0.00986774
9.26202	0.00149968	-0.00988691
9.2743	0.00137812	-0.00990458
9.28658	0.00125635	-0.00992076
9.29887	0.0011344	-0.00993545
9.31115	0.00101227	-0.00994863
9.32344	0.000889989	-0.00996032
9.33572	0.000767573	-0.0099705
9.348	0.000645043	-0.00997917
9.36029	0.000522414	-0.00998634
9.37257	0.000399707	-0.00999201
9.38486	0.00027694	-0.00999616
9.39714	0.000154131	-0.00999881
9.40942	3.12986e-05	-0.00999995
9.42171	-9.15385e-05	-0.00999958
9.43399	-0.000214362	-0.0099977
9.44627	-0.000337153	-0.00999431
9.45856	-0.000459893	-0.00998942
9.47084	-0.000582563	-0.00998302
9.48313	-0.000705146	-0.00997511
9.49541	-0.000827623	-0.00996569
9.50769	-0.000949974	-0.00995478
9.51998	-0.00107218	-0.00994236
9.53226	-0.00119423	-0.00992843
9.54455	-0.00131609	-0.00991302
9.55683	-0.00143776	-0.0098961
9.56911	-0.00155921	-0.00987769
9.5814	-0.00168043	-0.0098578
9.59368	-0.00180139	-0.00983641
9.60596	-0.00192208	-0.00981354
9.61825	-0.00204248	-0.00978919
9.63053	-0.00216257	-0.00976336
9.64282	-0.00228234	-0.00973606
9.6551	-0.00240176	-0.00970729
9.66738	-0.00252082	-0.00967706
9.67967	-0.0026395	-0.00964537
9.69195	-0.00275778	-0.00961222
9.70424	-0.00287564	-0.00957761
9.71652	-0.00299307	-0.00954157
9.7288	-0.00311005	-0.00950408
9.74109	-0.00322656	-0.00946516
9.75337	-0.00334258	-0.00942482
9.76565	-0.0034581	-0.00938305
9.77794	-0.00357309	-0.00933986
9.79022	-0.00368755	-0.00929527
9.80251	-0.00380145	-0.00924927
9.81479	-0.00391478	-0.00920188
9.82707	-0.00402751	-0.0091531
9.83936	-0.00413964	-0.00910293
9.85164	-0.00425115	-0.0090514
9.86393	-0.00436201	-0.0089985
9.87621	-0.00447221	-0.00894424
9.88849	-0.00458174	-0.00888863
9.90078	-0.00469058	-0.00883168
9.91306	-0.00479871	-0.00877339
9.92534	-0.00490612	-0.00871379
9.93763	-0.00501278	-0.00865286
9.94991	-0.00511869	-0.00859064
9.9622	-0.00522383	-0.00852711
9.97448	-0.00532818	-0.0084623
9.98676	-0.00543172	-0.00839622
9.99905	-0.00553445	-0.00832886
10.0113	-0.00563634	-0.00826025
10.0236	-0.00573738	-0.0081904
10.0359	-0.00583755	-0.0081193
10.0482	-0.00593685	-0.00804698
10.0605	-0.00603524	-0.00797345
10.0728	-0.00613273	-0.00789872
10.085	-0.00622929	-0.00782279
10.0973	-0.00632491	-0.00774568
10.1096	-0.00641958	-0.00766741
10.1219	-0.00651328	-0.00758797
10.1342	-0.00660599	-0.0075074
10.1465	-0.00669771	-0.00742568
10.1587	-0.00678842	-0.00734285
10.171	-0.00687811	-0.00725891
10.1833	-0.00696675	-0.00717388
10.1956	-0.00705435	-0.00708776
10.2079	-0.00714088	-0.00700058
10.2202	-0.00722633	-0.00691233
10.2324	-0.00731069	-0.00682305
10.2447	-0.00739395	-0.00673273
10.257	-0.0074761	-0.0066414
10.2693	-0.00755711	-0.00654907
10.2816	-0.00763699	-0.00645575
10.2939	-0.00771571	-0.00636145
10.3061	-0.00779327	-0.0062662
10.3184	-0.00786965	-0.00617
10.3307	-0.00794485	-0.00607287
10.343	-0.00801885	-0.00597482
10.3553	-0.00809163	-0.00587587
10.3676	-0.0081632	-0.00577603
10.3798	-0.00823353	-0.00567532
10.3921	-0.00830263	-0.00557376
10.4044	-0.00837046	-0.00547136
10.4167	-0.00843704	-0.00536813
10.429	-0.00850234	-0.00526408
10.4413	-0.00856636	-0.00515925
10.4535	-0.00862909	-0.00505364
10.4658	-0.00869052	-0.00494726
10.4781	-0.00875063	-0.00484014
10.4904	-0.00880942	-0.00473229
10.5027	-0.00886689	-0.00462372
10.515	-0.00892302	-0.00451446
10.5273	-0.0089778	-0.00440451
10.5395	-0.00903122	-0.0042939
10.5518	-0.00908328	-0.00418264
10.5641	-0.00913398	-0.00407075
10.5764	-0.00918329	-0.00395825
10.5887	-0.00923122	-0.00384515
10.601	-0.00927776	-0.00373147
10.6132	-0.00932289	-0.00361723
10.6255	-0.00936662	-0.00350244
10.6378	-0.00940894	-0.00338712
10.6501	-0.00944983	-0.00327129
10.6624	-0.0094893	-0.00315497
10.6747	-0.00952734	-0.00303817
10.6869	-0.00956394	-0.00292091
10.6992	-0.0095991	-0.00280322
10.7115	-0.00963281	-0.0026851
10.7238	-0.00966506	-0.00256657
10.7361	-0.00969586	-0.00244766
10.7484	-0.00972519	-0.00232837
10.7606	-0.00975306	-0.00220874
10.7729	-0.00977946	-0.00208877
10.7852	-0.00980438	-0.00196849
10.7975	-0.00982782	-0.00184791
10.8098	-0.00984977	-0.00172706
10.8221	-0.00987025	-0.00160594
10.8343	-0.00988923	-0.00148458
10.8466	-0.00990672	-0.00136299
10.8589	-0.00992271	-0.0012412
10.8712	-0.00993721	-0.00111922
10.8835	-0.00995021	-0.000997077
10.8958	-0.00996171	-0.000874781
10.9081	-0.0099717	-0.000752352
10.9203	-0.00998019	-0.000629809
10.9326	-0.00998717	-0.000507172
10.9449	-0.00999265	-0.000384458
10.9572	-0.00999662	-0.000261686
10.9695	-0.00999908	-0.000138874
10.9818	-0.01	-1.60418e-05
10.994	-0.00999947	0.000106793
11.0063	-0.00999741	0.000229612
11.0186	-0.00999383	0.000352396
11.0309	-0.00998875	0.000475127
11.0432	-0.00998216	0.000597786
11.0555	-0.00997406	0.000720355
11.0677	-0.00996446	0.000842815
11.08	-0.00995336	0.000965149
11.0923	-0.00994075	0.00108734
11.1046	-0.00992664	0.00120936
11.1169	-0.00991104	0.0013312
11.1292	-0.00989394	0.00145284
11.1414	-0.00987535	0.00157426
11.1537	-0.00985527	0.00169545
11.166	-0.0098337	0.00181637
11.1783	-0.00981064	0.00193703
11.1906	-0.00978611	0.00205739
11.2029	-0.0097601	0.00217744
11.2151	-0.00973262	0.00229716
11.2274	-0.00970366	0.00241654
11.2397	-0.00967325	0.00253555
11.252	-0.00964137	0.00265418
11.2643	-0.00960804	0.0027724
11.2766	-0.00957326	0.00289021
11.2889	-0.00953704	0.00300759
11.3011	-0.00949938	0.00312451
11.3134	-0.00946028	0.00324096
11.3257	-0.00941975	0.00335692
11.338	-0.00937781	0.00347237
11.3503	-0.00933445	0.0035873
11.3626	-0.00928968	0.00370168
11.3748	-0.00924351	0.00381551
11.3871	-0.00919594	0.00392877
11.3994	-0.00914699	0.00404143
11.4117	-0.00909666	0.00415348
11.424	-0.00904495	0.0042649
11.4363	-0.00899188	0.00437568
11.4485	-0.00893745	0.0044858
11.4608	-0.00888168	0.00459525
11.4731	-0.00882456	0.004704
11.4854	-0.00876612	0.00481204
11.4977	-0.00870634	0.00491935
11.51	-0.00864526	0.00502593
11.5222	-0.00858287	0.00513174
11.5345	-0.00851919	0.00523678
11.5468	-0.00845422	0.00534103
11.5591	-0.00838798	0.00544447
11.5714	-0.00832047	0.00554709
11.5837	-0.0082517	0.00564888
11.5959	-0.00818169	0.00574981
11.6082	-0.00811044	0.00584988
11.6205	-0.00803797	0.00594906
11.6328	-0.00796429	0.00604734
11.6451	-0.00788941	0.00614472
11.6574	-0.00781334	0.00624116
11.6697	-0.00773608	0.00633667
11.6819	-0.00765766	0.00643121
11.6942	-0.00757809	0.00652479
11.7065	-0.00749737	0.00661738
11.7188	-0.00741552	0.00670898
11.7311	-0.00733255	0.00679956
11.7434	-0.00724847	0.00688911
11.7556	-0.0071633	0.00697763
11.7679	-0.00707705	0.00706509
11.7802	-0.00698973	0.00715149
11.7925	-0.00690136	0.00723681
11.8048	-0.00681195	0.00732104
11.8171	-0.0067215	0.00740416
11.8293	-0.00663005	0.00748616
11.8416	-0.00653759	0.00756704
11.8539	-0.00644415	0.00764677
11.8662	-0.00634973	0.00772535
11.8785	-0.00625436	0.00780276
11.8908	-0.00615804	0.007879
11.903	-0.00606079	0.00795405
11.9153	-0.00596263	0.0080279
11.9276	-0.00586357	0.00810053
11.9399	-0.00576363	0.00817195
11.9522	-0.00566281	0.00824213
11.9645	-0.00556114	0.00831106
11.9767	-0.00545863	0.00837875
11.989	-0.0053553	0.00844517
12.0013	-0.00525116	0.00851031
12.0136	-0.00514623	0.00857417
12.0259	-0.00504052	0.00863674
12.0382	-0.00493405	0.008698
12.0504	-0.00482683	0.00875795
12.0627	-0.00471889	0.00881658
12.075	-0.00461024	0.00887388
12.0873	-0.00450089	0.00892984
12.0996	-0.00439086	0.00898445
12.1119	-0.00428016	0.00903771
12.1242	-0.00416883	0.0090896
12.1364	-0.00405686	0.00914013
12.1487	-0.00394428	0.00918927
12.161	-0.00383111	0.00923703
12.1733	-0.00371735	0.00928339
12.1856	-0.00360304	0.00932835
12.1979	-0.00348818	0.0093719
12.2101	-0.0033728	0.00941404
12.2224	-0.00325691	0.00945476
12.2347	-0.00314052	0.00949406
12.247	-0.00302367	0.00953192
12.2593	-0.00290635	0.00956834
12.2716	-0.0027886	0.00960332
12.2838	-0.00267043	0.00963685
12.2961	-0.00255185	0.00966892
12.3084	-0.00243289	0.00969954
12.3207	-0.00231356	0.00972869
12.333	-0.00219389	0.00975638
12.3453	-0.00207388	0.00978259
12.3575	-0.00195356	0.00980732
12.3698	-0.00183294	0.00983058
12.3821	-0.00171205	0.00985235
12.3944	-0.0015909	0.00987264
12.4067	-0.00146951	0.00989144
12.419	-0.00134789	0.00990874
12.4312	-0.00122608	0.00992455
12.4435	-0.00110408	0.00993886
12.4558	-0.000981908	0.00995168
12.4681	-0.000859592	0.00996299
12.4804	-0.000737147	0.00997279
12.4927	-0.00061459	0.0099811
12.505	-0.00049194	0.00998789
12.5172	-0.000369217	0.00999318
12.5295	-0.000246437	0.00999696
12.5418	-0.000123621	0.00999924
12.5541	-7.85433e-07	0.01
12.5664	0.00012205	0.00999926
