0	0.000125786	0.00999921
0.0125789	0.000251552	0.00999684
0.0251579	0.000377279	0.00999288
0.0377368	0.000502946	0.00998734
0.0503158	0.000628533	0.00998023
0.0628947	0.000754021	0.00997153
0.0754737	0.000879389	0.00996126
0.0880526	0.00100462	0.00994941
0.100632	0.00112969	0.00993599
0.113211	0.00125458	0.00992099
0.125789	0.00137927	0.00990442
0.138368	0.00150375	0.00988629
0.150947	0.00162799	0.00986659
0.163526	0.00175196	0.00984534
0.176105	0.00187567	0.00982252
0.188684	0.00199907	0.00979815
0.201263	0.00212216	0.00977223
0.213842	0.00224491	0.00974476
0.226421	0.00236731	0.00971575
0.239	0.00248934	0.00968521
0.251579	0.00261097	0.00965313
0.264158	0.00273218	0.00961952
0.276737	0.00285297	0.00958439
0.289316	0.0029733	0.00954775
0.301895	0.00309316	0.00950959
0.314474	0.00321253	0.00946993
0.327053	0.0033314	0.00942877
0.339632	0.00344974	0.00938612
0.352211	0.00356753	0.00934199
0.36479	0.00368475	0.00929638
0.377368	0.0038014	0.00924929
0.389947	0.00391744	0.00920074
0.402526	0.00403286	0.00915074
0.415105	0.00414765	0.00909929
0.427684	0.00426178	0.0090464
0.440263	0.00437523	0.00899207
0.452842	0.00448799	0.00893633
0.465421	0.00460004	0.00887917
0.478	0.00471137	0.0088206
0.490579	0.00482195	0.00876064
0.503158	0.00493176	0.0086993
0.515737	0.0050408	0.00863658
0.528316	0.00514903	0.00857249
0.540895	0.00525646	0.00850704
0.553474	0.00536305	0.00844025
0.566053	0.00546879	0.00837212
0.578632	0.00557367	0.00830267
0.591211	0.00567766	0.0082319
0.60379	0.00578076	0.00815984
0.616369	0.00588294	0.00808648
0.628947	0.00598419	0.00801184
0.641526	0.0060845	0.00793593
0.654105	0.00618384	0.00785877
0.666684	0.0062822	0.00778037
0.679263	0.00637957	0.00770073
0.691842	0.00647593	0.00761987
0.704421	0.00657127	0.00753781
0.717	0.00666556	0.00745456
0.729579	0.0067588	0.00737013
0.742158	0.00685097	0.00728453
0.754737	0.00694206	0.00719778
0.767316	0.00703205	0.00710989
0.779895	0.00712093	0.00702087
0.792474	0.00720867	0.00693075
0.805053	0.00729528	0.00683952
0.817632	0.00738074	0.00674722
0.830211	0.00746502	0.00665385
0.84279	0.00754813	0.00655942
0.855369	0.00763004	0.00646396
0.867948	0.00771075	0.00636747
0.880526	0.00779023	0.00626998
0.893105	0.00786848	0.00617149
0.905684	0.00794549	0.00607203
0.918263	0.00802124	0.00597161
0.930842	0.00809572	0.00587024
0.943421	0.00816892	0.00576794
0.956	0.00824082	0.00566474
0.968579	0.00831142	0.00556063
0.981158	0.00838071	0.00545565
0.993737	0.00844867	0.0053498
1.00632	0.0085153	0.0052431
1.01889	0.00858058	0.00513558
1.03147	0.0086445	0.00502724
1.04405	0.00870705	0.00491811
1.05663	0.00876822	0.0048082
1.06921	0.00882801	0.00469753
1.08179	0.0088864	0.00458611
1.09437	0.00894338	0.00447397
1.10695	0.00899895	0.00436113
1.11953	0.0090531	0.00424759
1.13211	0.00910581	0.00413338
1.14468	0.00915708	0.00401852
1.15726	0.0092069	0.00390302
1.16984	0.00925527	0.0037869
1.18242	0.00930217	0.00367018
1.195	0.0093476	0.00355288
1.20758	0.00939155	0.00343503
1.22016	0.00943402	0.00331662
1.23274	0.00947499	0.0031977
1.24532	0.00951446	0.00307826
1.25789	0.00955243	0.00295834
1.27047	0.00958889	0.00283795
1.28305	0.00962382	0.00271711
1.29563	0.00965724	0.00259585
1.30821	0.00968913	0.00247417
1.32079	0.00971948	0.0023521
1.33337	0.0097483	0.00222966
1.34595	0.00977558	0.00210686
1.35853	0.0098013	0.00198374
1.37111	0.00982548	0.00186029
1.38368	0.0098481	0.00173656
1.39626	0.00986917	0.00161255
1.40884	0.00988867	0.00148828
1.42142	0.00990661	0.00136378
1.434	0.00992298	0.00123906
1.44658	0.00993778	0.00111415
1.45916	0.00995101	0.000989058
1.47174	0.00996266	0.000863812
1.48432	0.00997274	0.00073843
1.49689	0.00998124	0.00061293
1.50947	0.00998816	0.000487333
1.52205	0.0099935	0.00036166
1.53463	0.00999726	0.000235929
1.54721	0.00999943	0.00011016
1.55979	0.01	-1.56253e-05
1.57237	0.00999904	-0.000141409
1.58495	0.00999647	-0.000267169
1.59753	0.00999232	-0.000392888
1.61011	0.00998659	-0.000518544
1.62268	0.00997928	-0.000644119
1.63526	0.00997038	-0.000769591
1.64784	0.00995991	-0.000894942
1.66042	0.00994787	-0.00102015
1.673	0.00993425	-0.0011452
1.68558	0.00991906	-0.00127007
1.69816	0.0099023	-0.00139473
1.71074	0.00988397	-0.00151918
1.72332	0.00986408	-0.00164338
1.7359	0.00984263	-0.00176732
1.74847	0.00981962	-0.00189099
1.76105	0.00979506	-0.00201436
1.77363	0.00976894	-0.0021374
1.78621	0.00974129	-0.00226011
1.79879	0.00971209	-0.00238246
1.81137	0.00968135	-0.00250444
1.82395	0.00964908	-0.00262601
1.83653	0.00961529	-0.00274718
1.84911	0.00957997	-0.0028679
1.86168	0.00954314	-0.00298818
1.87426	0.0095048	-0.00310798
1.88684	0.00946495	-0.00322729
1.89942	0.00942361	-0.00334609
1.912	0.00938077	-0.00346436
1.92458	0.00933645	-0.00358208
1.93716	0.00929066	-0.00369923
1.94974	0.00924339	-0.0038158
1.96232	0.00919466	-0.00393177
1.9749	0.00914448	-0.00404711
1.98747	0.00909285	-0.00416181
2.00005	0.00903978	-0.00427586
2.01263	0.00898528	-0.00438923
2.02521	0.00892936	-0.0045019
2.03779	0.00887202	-0.00461386
2.05037	0.00881328	-0.00472509
2.06295	0.00875315	-0.00483558
2.07553	0.00869164	-0.0049453
2.08811	0.00862874	-0.00505423
2.10068	0.00856448	-0.00516237
2.11326	0.00849887	-0.00526969
2.12584	0.00843191	-0.00537617
2.13842	0.00836362	-0.00548181
2.151	0.00829401	-0.00558658
2.16358	0.00822308	-0.00569046
2.17616	0.00815085	-0.00579345
2.18874	0.00807733	-0.00589551
2.20132	0.00800254	-0.00599665
2.2139	0.00792647	-0.00609683
2.22647	0.00784916	-0.00619605
2.23905	0.0077706	-0.00629429
2.25163	0.00769081	-0.00639154
2.26421	0.0076098	-0.00648777
2.27679	0.00752759	-0.00658298
2.28937	0.00744419	-0.00667714
2.30195	0.00735962	-0.00677025
2.31453	0.00727387	-0.00686229
2.32711	0.00718698	-0.00695324
2.33968	0.00709895	-0.00704309
2.35226	0.0070098	-0.00713183
2.36484	0.00691953	-0.00721944
2.37742	0.00682817	-0.0073059
2.39	0.00673574	-0.00739121
2.40258	0.00664223	-0.00747535
2.41516	0.00654768	-0.00755831
2.42774	0.00645209	-0.00764007
2.44032	0.00635547	-0.00772063
2.4529	0.00625786	-0.00779996
2.46547	0.00615925	-0.00787806
2.47805	0.00605967	-0.00795491
2.49063	0.00595912	-0.0080305
2.50321	0.00585764	-0.00810482
2.51579	0.00575523	-0.00817786
2.52837	0.00565191	-0.00824961
2.54095	0.00554769	-0.00832005
2.55353	0.0054426	-0.00838917
2.56611	0.00533664	-0.00845697
2.57868	0.00522984	-0.00852343
2.59126	0.00512222	-0.00858854
2.60384	0.00501378	-0.00865229
2.61642	0.00490455	-0.00871467
2.629	0.00479454	-0.00877567
2.64158	0.00468378	-0.00883528
2.65416	0.00457227	-0.0088935
2.66674	0.00446004	-0.00895031
2.67932	0.00434711	-0.0090057
2.6919	0.00423348	-0.00905967
2.70447	0.00411919	-0.00911221
2.71705	0.00400425	-0.0091633
2.72963	0.00388867	-0.00921294
2.74221	0.00377247	-0.00926113
2.75479	0.00365568	-0.00930785
2.76737	0.00353831	-0.00935309
2.77995	0.00342039	-0.00939686
2.79253	0.00330192	-0.00943914
2.80511	0.00318292	-0.00947993
2.81768	0.00306343	-0.00951921
2.83026	0.00294345	-0.00955699
2.84284	0.002823	-0.00959326
2.85542	0.00270211	-0.00962801
2.868	0.00258079	-0.00966124
2.88058	0.00245906	-0.00969294
2.89316	0.00233694	-0.0097231
2.90574	0.00221445	-0.00975173
2.91832	0.00209161	-0.00977881
2.9309	0.00196844	-0.00980435
2.94347	0.00184496	-0.00982833
2.95605	0.00172119	-0.00985076
2.96863	0.00159714	-0.00987163
2.98121	0.00147285	-0.00989094
2.99379	0.00134831	-0.00990869
3.00637	0.00122357	-0.00992486
3.01895	0.00109863	-0.00993947
3.03153	0.000973521	-0.0099525
3.04411	0.000848255	-0.00996396
3.05668	0.000722855	-0.00997384
3.06926	0.000597341	-0.00998214
3.08184	0.000471732	-0.00998887
3.09442	0.000346048	-0.00999401
3.107	0.00022031	-0.00999757
3.11958	9.45371e-05	-0.00999955
3.13216	-3.1251e-05	-0.00999995
3.14474	-0.000157034	-0.00999877
3.15732	-0.000282792	-0.009996
3.1699	-0.000408506	-0.00999165
3.18247	-0.000534155	-0.00998572
3.19505	-0.000659719	-0.00997821
3.20763	-0.000785179	-0.00996913
3.22021	-0.000910515	-0.00995846
3.23279	-0.00103571	-0.00994622
3.24537	-0.00116073	-0.00993241
3.25795	-0.00128558	-0.00991702
3.27053	-0.00141022	-0.00990006
3.28311	-0.00153464	-0.00988154
3.29568	-0.00165881	-0.00986146
3.30826	-0.00178272	-0.00983981
3.32084	-0.00190635	-0.00981661
3.33342	-0.00202968	-0.00979185
3.346	-0.00215269	-0.00976555
3.35858	-0.00227536	-0.0097377
3.37116	-0.00239766	-0.00970831
3.38374	-0.00251959	-0.00967738
3.39632	-0.00264112	-0.00964492
3.4089	-0.00276223	-0.00961094
3.42147	-0.0028829	-0.00957543
3.43405	-0.00300312	-0.00953841
3.44663	-0.00312286	-0.00949988
3.45921	-0.00324211	-0.00945985
3.47179	-0.00336085	-0.00941832
3.48437	-0.00347905	-0.0093753
3.49695	-0.0035967	-0.00933079
3.50953	-0.00371379	-0.00928482
3.52211	-0.00383028	-0.00923737
3.53468	-0.00394617	-0.00918846
3.54726	-0.00406144	-0.00913809
3.55984	-0.00417606	-0.00908628
3.57242	-0.00429003	-0.00903303
3.585	-0.00440331	-0.00897836
3.59758	-0.0045159	-0.00892226
3.61016	-0.00462777	-0.00886475
3.62274	-0.00473891	-0.00880584
3.63532	-0.0048493	-0.00874553
3.6479	-0.00495892	-0.00868384
3.66047	-0.00506776	-0.00862078
3.67305	-0.0051758	-0.00855635
3.68563	-0.00528302	-0.00849057
3.69821	-0.0053894	-0.00842345
3.71079	-0.00549493	-0.00835499
3.72337	-0.00559959	-0.00828521
3.73595	-0.00570336	-0.00821412
3.74853	-0.00580623	-0.00814173
3.76111	-0.00590818	-0.00806805
3.77368	-0.0060092	-0.0079931
3.78626	-0.00610927	-0.00791688
3.79884	-0.00620837	-0.00783941
3.81142	-0.00630648	-0.00776069
3.824	-0.0064036	-0.00768075
3.83658	-0.00649971	-0.0075996
3.84916	-0.00659479	-0.00751724
3.86174	-0.00668882	-0.00743369
3.87432	-0.0067818	-0.00734897
3.8869	-0.0068737	-0.00726308
3.89947	-0.00696452	-0.00717605
3.91205	-0.00705423	-0.00708788
3.92463	-0.00714283	-0.00699858
3.93721	-0.0072303	-0.00690818
3.94979	-0.00731662	-0.00681669
3.96237	-0.00740179	-0.00672412
3.97495	-0.00748578	-0.00663048
3.98753	-0.00756859	-0.0065358
4.00011	-0.0076502	-0.00644008
4.01268	-0.00773061	-0.00634334
4.02526	-0.00780979	-0.0062456
4.03784	-0.00788773	-0.00614687
4.05042	-0.00796442	-0.00604717
4.063	-0.00803986	-0.00594651
4.07558	-0.00811402	-0.00584491
4.08816	-0.0081869	-0.00574239
4.10074	-0.00825848	-0.00563896
4.11332	-0.00832876	-0.00553463
4.1259	-0.00839772	-0.00542943
4.13847	-0.00846535	-0.00532337
4.15105	-0.00853164	-0.00521647
4.16363	-0.00859658	-0.00510874
4.17621	-0.00866016	-0.0050002
4.18879	-0.00872237	-0.00489088
4.20137	-0.0087832	-0.00478078
4.21395	-0.00884265	-0.00466992
4.22653	-0.00890069	-0.00455832
4.23911	-0.00895732	-0.004446
4.25168	-0.00901254	-0.00433298
4.26426	-0.00906633	-0.00421928
4.27684	-0.00911868	-0.0041049
4.28942	-0.00916959	-0.00398988
4.302	-0.00921906	-0.00387422
4.31458	-0.00926706	-0.00375796
4.32716	-0.0093136	-0.00364109
4.33974	-0.00935866	-0.00352366
4.35232	-0.00940224	-0.00340566
4.3649	-0.00944434	-0.00328712
4.37747	-0.00948494	-0.00316807
4.39005	-0.00952404	-0.00304851
4.40263	-0.00956163	-0.00292847
4.41521	-0.00959771	-0.00280797
4.42779	-0.00963227	-0.00268703
4.44037	-0.00966531	-0.00256566
4.45295	-0.00969681	-0.00244388
4.46553	-0.00972679	-0.00232171
4.47811	-0.00975522	-0.00219918
4.49068	-0.00978211	-0.0020763
4.50326	-0.00980746	-0.0019531
4.51584	-0.00983125	-0.00182958
4.52842	-0.00985348	-0.00170577
4.541	-0.00987416	-0.0015817
4.55358	-0.00989327	-0.00145737
4.56616	-0.00991082	-0.00133281
4.57874	-0.0099268	-0.00120805
4.59132	-0.00994121	-0.00108309
4.6039	-0.00995405	-0.000957956
4.61647	-0.00996531	-0.000832674
4.62905	-0.009975	-0.000707261
4.64163	-0.00998311	-0.000581735
4.65421	-0.00998963	-0.000456117
4.66679	-0.00999458	-0.000330428
4.67937	-0.00999795	-0.000204686
4.69195	-0.00999973	-7.89112e-05
4.70453	-0.00999993	4.68758e-05
4.71711	-0.00999855	0.000172655
4.72969	-0.00999559	0.000298407
4.74226	-0.00999104	0.000424112
4.75484	-0.00998492	0.00054975
4.76742	-0.00997721	0.000675301
4.78	-0.00996793	0.000800745
4.79258	-0.00995707	0.000926063
4.80516	-0.00994463	0.00105123
4.81774	-0.00993062	0.00117624
4.83032	-0.00991504	0.00130106
4.8429	-0.00989789	0.00142567
4.85547	-0.00987918	0.00155006
4.86805	-0.0098589	0.0016742
4.88063	-0.00983706	0.00179807
4.89321	-0.00981366	0.00192167
4.90579	-0.00978871	0.00204496
4.91837	-0.00976222	0.00216792
4.93095	-0.00973418	0.00229054
4.94353	-0.00970459	0.0024128
4.95611	-0.00967348	0.00253468
4.96869	-0.00964083	0.00265616
4.98126	-0.00960665	0.00277721
4.99384	-0.00957096	0.00289783
5.00642	-0.00953375	0.00301799
5.019	-0.00949504	0.00313767
5.03158	-0.00945482	0.00325685
5.04416	-0.0094131	0.00337552
5.05674	-0.0093699	0.00349366
5.06932	-0.00932521	0.00361124
5.0819	-0.00927905	0.00372825
5.09447	-0.00923142	0.00384467
5.10705	-0.00918233	0.00396048
5.11963	-0.00913179	0.00407567
5.13221	-0.0090798	0.00419021
5.14479	-0.00902637	0.00430409
5.15737	-0.00897152	0.00441729
5.16995	-0.00891524	0.00452978
5.18253	-0.00885756	0.00464157
5.19511	-0.00879848	0.00475261
5.20769	-0.008738	0.00486291
5.22026	-0.00867614	0.00497243
5.23284	-0.00861291	0.00508117
5.24542	-0.00854831	0.00518911
5.258	-0.00848236	0.00529622
5.27058	-0.00841507	0.0054025
5.28316	-0.00834645	0.00550792
5.29574	-0.00827651	0.00561247
5.30832	-0.00820526	0.00571613
5.3209	-0.00813271	0.00581889
5.33347	-0.00805887	0.00592073
5.34605	-0.00798376	0.00602163
5.35863	-0.00790738	0.00612157
5.37121	-0.00782975	0.00622055
5.38379	-0.00775089	0.00631855
5.39637	-0.0076708	0.00641554
5.40895	-0.00758949	0.00651152
5.42153	-0.00750699	0.00660647
5.43411	-0.00742329	0.00670037
5.44669	-0.00733842	0.00679322
5.45926	-0.00725239	0.00688499
5.47184	-0.00716522	0.00697567
5.48442	-0.0070769	0.00706524
5.497	-0.00698747	0.0071537
5.50958	-0.00689694	0.00724103
5.52216	-0.00680531	0.00732721
5.53474	-0.0067126	0.00741223
5.54732	-0.00661884	0.00749608
5.5599	-0.00652402	0.00757874
5.57247	-0.00642818	0.0076602
5.58505	-0.00633131	0.00774045
5.59763	-0.00623345	0.00781948
5.61021	-0.0061346	0.00789727
5.62279	-0.00603478	0.00797381
5.63537	-0.005934	0.00804908
5.64795	-0.00583228	0.00812309
5.66053	-0.00572965	0.00819581
5.67311	-0.0056261	0.00826723
5.68569	-0.00552166	0.00833734
5.69826	-0.00541636	0.00840614
5.71084	-0.00531019	0.0084736
5.72342	-0.00520318	0.00853973
5.736	-0.00509535	0.0086045
5.74858	-0.00498672	0.00866791
5.76116	-0.00487729	0.00872995
5.77374	-0.0047671	0.00879061
5.78632	-0.00465615	0.00884988
5.7989	-0.00454446	0.00890775
5.81147	-0.00443205	0.0089642
5.82405	-0.00431894	0.00901924
5.83663	-0.00420515	0.00907286
5.84921	-0.00409069	0.00912503
5.86179	-0.00397559	0.00917577
5.87437	-0.00385986	0.00922505
5.88695	-0.00374351	0.00927287
5.89953	-0.00362658	0.00931922
5.91211	-0.00350907	0.0093641
5.92469	-0.003391	0.0094075
5.93726	-0.0032724	0.00944941
5.94984	-0.00315328	0.00948983
5.96242	-0.00303366	0.00952874
5.975	-0.00291357	0.00956615
5.98758	-0.00279301	0.00960204
6.00016	-0.002672	0.00963641
6.01274	-0.00255058	0.00966926
6.02532	-0.00242875	0.00970058
6.0379	-0.00230654	0.00973036
6.05047	-0.00218396	0.0097586
6.06305	-0.00206104	0.0097853
6.07563	-0.00193779	0.00981045
6.08821	-0.00181424	0.00983405
6.10079	-0.0016904	0.00985609
6.11337	-0.00156629	0.00987658
6.12595	-0.00144193	0.0098955
6.13853	-0.00131734	0.00991285
6.15111	-0.00119255	0.00992864
6.16369	-0.00106757	0.00994285
6.17626	-0.000942413	0.00995549
6.18884	-0.000817112	0.00996656
6.20142	-0.000691682	0.00997605
6.214	-0.000566143	0.00998396
6.22658	-0.000440513	0.00999029
6.23916	-0.000314814	0.00999504
6.25174	-0.000189066	0.00999821
6.26432	-6.3287e-05	0.0099998
6.2769	6.25016e-05	0.0099998
6.28947	0.00018828	0.00999823
6.30205	0.000314029	0.00999507
6.31463	0.000439729	0.00999033
6.32721	0.000565358	0.00998401
6.33979	0.000690899	0.0099761
6.35237	0.00081633	0.00996662
6.36495	0.000941631	0.00995557
6.37753	0.00106678	0.00994294
6.39011	0.00119177	0.00992873
6.40269	0.00131656	0.00991295
6.41526	0.00144115	0.00989561
6.42784	0.00156551	0.0098767
6.44042	0.00168962	0.00985623
6.453	0.00181347	0.00983419
6.46558	0.00193702	0.0098106
6.47816	0.00206027	0.00978546
6.49074	0.0021832	0.00975877
6.50332	0.00230578	0.00973054
6.5159	0.00242799	0.00970077
6.52847	0.00254982	0.00966946
6.54105	0.00267125	0.00963662
6.55363	0.00279225	0.00960226
6.56621	0.00291281	0.00956637
6.57879	0.00303292	0.00952898
6.59137	0.00315254	0.00949007
6.60395	0.00327166	0.00944967
6.61653	0.00339026	0.00940777
6.62911	0.00350833	0.00936438
6.64169	0.00362585	0.00931951
6.65426	0.00374279	0.00927316
6.66684	0.00385913	0.00922535
6.67942	0.00397487	0.00917608
6.692	0.00408998	0.00912535
6.70458	0.00420444	0.00907319
6.71716	0.00431823	0.00901958
6.72974	0.00443135	0.00896455
6.74232	0.00454376	0.0089081
6.7549	0.00465545	0.00885024
6.76747	0.00476641	0.00879099
6.78005	0.00487661	0.00873034
6.79263	0.00498604	0.0086683
6.80521	0.00509468	0.0086049
6.81779	0.00520251	0.00854014
6.83037	0.00530952	0.00847402
6.84295	0.0054157	0.00840656
6.85553	0.00552101	0.00833778
6.86811	0.00562545	0.00826767
6.88069	0.005729	0.00819626
6.89326	0.00583165	0.00812355
6.90584	0.00593337	0.00804955
6.91842	0.00603415	0.00797428
6.931	0.00613398	0.00789775
6.94358	0.00623284	0.00781997
6.95616	0.00633071	0.00774095
6.96874	0.00642758	0.00766071
6.98132	0.00652343	0.00757925
6.9939	0.00661825	0.00749659
7.00647	0.00671202	0.00741275
7.01905	0.00680473	0.00732774
7.03163	0.00689637	0.00724157
7.04421	0.00698691	0.00715425
7.05679	0.00707635	0.0070658
7.06937	0.00716467	0.00697623
7.08195	0.00725185	0.00688556
7.09453	0.00733789	0.00679379
7.10711	0.00742277	0.00670096
7.11969	0.00750647	0.00660706
7.13226	0.00758898	0.00651212
7.14484	0.00767029	0.00641614
7.15742	0.00775039	0.00631915
7.17	0.00782927	0.00622117
7.18258	0.0079069	0.00612219
7.19516	0.00798328	0.00602225
7.20774	0.0080584	0.00592136
7.22032	0.00813225	0.00581953
7.2329	0.00820481	0.00571678
7.24547	0.00827607	0.00561312
7.25805	0.00834602	0.00550858
7.27063	0.00841465	0.00540316
7.28321	0.00848195	0.00529689
7.29579	0.0085479	0.00518978
7.30837	0.00861251	0.00508185
7.32095	0.00867575	0.00497312
7.33353	0.00873762	0.00486359
7.34611	0.0087981	0.0047533
7.35869	0.0088572	0.00464226
7.37126	0.00891489	0.00453048
7.38384	0.00897117	0.00441799
7.39642	0.00902603	0.0043048
7.409	0.00907947	0.00419092
7.42158	0.00913147	0.00407639
7.43416	0.00918202	0.0039612
7.44674	0.00923112	0.0038454
7.45932	0.00927876	0.00372898
7.4719	0.00932493	0.00361197
7.48447	0.00936962	0.00349439
7.49705	0.00941284	0.00337626
7.50963	0.00945456	0.00325759
7.52221	0.00949479	0.00313841
7.53479	0.00953352	0.00301874
7.54737	0.00957073	0.00289858
7.55995	0.00960644	0.00277797
7.57253	0.00964062	0.00265691
7.58511	0.00967328	0.00253544
7.59769	0.0097044	0.00241356
7.61026	0.009734	0.00229131
7.62284	0.00976205	0.00216869
7.63542	0.00978855	0.00204572
7.648	0.00981351	0.00192244
7.66058	0.00983692	0.00179885
7.67316	0.00985877	0.00167497
7.68574	0.00987905	0.00155083
7.69832	0.00989778	0.00142645
7.7109	0.00991494	0.00130184
7.72348	0.00993053	0.00117702
7.73605	0.00994455	0.00105201
7.74863	0.009957	0.000926845
7.76121	0.00996787	0.000801528
7.77379	0.00997716	0.000676085
7.78637	0.00998488	0.000550535
7.79895	0.00999101	0.000424897
7.81153	0.00999556	0.000299193
7.82411	0.00999854	0.000173441
7.83669	0.00999993	4.76612e-05
7.84926	0.00999974	-7.81258e-05
7.86184	0.00999796	-0.0002039
7.87442	0.00999461	-0.000329643
7.887	0.00998967	-0.000455333
7.89958	0.00998315	-0.000580951
7.91216	0.00997505	-0.000706477
7.92474	0.00996538	-0.000831892
7.93732	0.00995413	-0.000957174
7.9499	0.0099413	-0.00108231
7.96248	0.0099269	-0.00120727
7.97505	0.00991093	-0.00133204
7.98763	0.00989339	-0.00145659
8.00021	0.00987428	-0.00158092
8.01279	0.00985362	-0.001705
8.02537	0.00983139	-0.00182881
8.03795	0.00980761	-0.00195233
8.05053	0.00978228	-0.00207554
8.06311	0.00975539	-0.00219842
8.07569	0.00972697	-0.00232095
8.08826	0.00969701	-0.00244312
8.10084	0.00966551	-0.0025649
8.11342	0.00963248	-0.00268627
8.126	0.00959793	-0.00280722
8.13858	0.00956186	-0.00292772
8.15116	0.00952427	-0.00304777
8.16374	0.00948518	-0.00316732
8.17632	0.00944459	-0.00328638
8.1889	0.00940251	-0.00340492
8.20148	0.00935894	-0.00352292
8.21405	0.00931388	-0.00364036
8.22663	0.00926735	-0.00375723
8.23921	0.00921936	-0.0038735
8.25179	0.00916991	-0.00398916
8.26437	0.009119	-0.00410419
8.27695	0.00906666	-0.00421856
8.28953	0.00901288	-0.00433228
8.30211	0.00895767	-0.0044453
8.31469	0.00890104	-0.00455762
8.32726	0.00884301	-0.00466922
8.33984	0.00878358	-0.00478009
8.35242	0.00872276	-0.00489019
8.365	0.00866056	-0.00499952
8.37758	0.00859698	-0.00510806
8.39016	0.00853205	-0.0052158
8.40274	0.00846577	-0.0053227
8.41532	0.00839815	-0.00542877
8.4279	0.0083292	-0.00553398
8.44048	0.00825893	-0.00563831
8.45305	0.00818735	-0.00574175
8.46563	0.00811448	-0.00584428
8.47821	0.00804033	-0.00594588
8.49079	0.0079649	-0.00604655
8.50337	0.00788821	-0.00614625
8.51595	0.00781028	-0.00624499
8.52853	0.00773111	-0.00634274
8.54111	0.00765071	-0.00643948
8.55369	0.00756911	-0.00653521
8.56626	0.0074863	-0.0066299
8.57884	0.00740232	-0.00672354
8.59142	0.00731716	-0.00681612
8.604	0.00723084	-0.00690762
8.61658	0.00714338	-0.00699802
8.62916	0.00705479	-0.00708732
8.64174	0.00696508	-0.0071755
8.65432	0.00687427	-0.00726254
8.6669	0.00678238	-0.00734844
8.67948	0.00668941	-0.00743317
8.69205	0.00659538	-0.00751672
8.70463	0.00650031	-0.00759909
8.71721	0.00640421	-0.00768025
8.72979	0.00630709	-0.0077602
8.74237	0.00620898	-0.00783892
8.75495	0.00610989	-0.0079164
8.76753	0.00600983	-0.00799263
8.78011	0.00590882	-0.00806759
8.79269	0.00580687	-0.00814127
8.80526	0.005704	-0.00821367
8.81784	0.00560024	-0.00828477
8.83042	0.00549558	-0.00835456
8.843	0.00539006	-0.00842302
8.85558	0.00528368	-0.00849016
8.86816	0.00517647	-0.00855595
8.88074	0.00506844	-0.00862038
8.89332	0.00495961	-0.00868345
8.9059	0.00484999	-0.00874515
8.91848	0.0047396	-0.00880547
8.93105	0.00462847	-0.00886439
8.94363	0.0045166	-0.0089219
8.95621	0.00440402	-0.00897801
8.96879	0.00429074	-0.0090327
8.98137	0.00417678	-0.00908595
8.99395	0.00406216	-0.00913777
9.00653	0.0039469	-0.00918815
9.01911	0.00383101	-0.00923707
9.03169	0.00371452	-0.00928452
9.04426	0.00359744	-0.00933051
9.05684	0.00347979	-0.00937502
9.06942	0.00336159	-0.00941805
9.082	0.00324286	-0.00945959
9.09458	0.00312361	-0.00949964
9.10716	0.00300387	-0.00953817
9.11974	0.00288366	-0.0095752
9.13232	0.00276299	-0.00961072
9.1449	0.00264188	-0.00964471
9.15748	0.00252035	-0.00967718
9.17005	0.00239843	-0.00970812
9.18263	0.00227612	-0.00973752
9.19521	0.00215346	-0.00976538
9.20779	0.00203045	-0.00979169
9.22037	0.00190712	-0.00981646
9.23295	0.0017835	-0.00983967
9.24553	0.00165959	-0.00986133
9.25811	0.00153541	-0.00988142
9.27069	0.001411	-0.00989995
9.28326	0.00128636	-0.00991692
9.29584	0.00116151	-0.00993232
9.30842	0.00103649	-0.00994614
9.321	0.000911297	-0.00995839
9.33358	0.000785962	-0.00996907
9.34616	0.000660503	-0.00997816
9.35874	0.000534939	-0.00998568
9.37132	0.000409291	-0.00999162
9.3839	0.000283577	-0.00999598
9.39648	0.000157819	-0.00999875
9.40905	3.20364e-05	-0.00999995
9.42163	-9.37517e-05	-0.00999956
9.43421	-0.000219525	-0.00999759
9.44679	-0.000345263	-0.00999404
9.45937	-0.000470947	-0.0099889
9.47195	-0.000596557	-0.00998219
9.48453	-0.000722072	-0.0099739
9.49711	-0.000847472	-0.00996402
9.50969	-0.000972739	-0.00995258
9.52226	-0.00109785	-0.00993955
9.53484	-0.00122279	-0.00992496
9.54742	-0.00134754	-0.00990879
9.56	-0.00147207	-0.00989106
9.57258	-0.00159637	-0.00987176
9.58516	-0.00172041	-0.0098509
9.59774	-0.00184419	-0.00982848
9.61032	-0.00196767	-0.0098045
9.6229	-0.00209084	-0.00977898
9.63548	-0.00221368	-0.0097519
9.64805	-0.00233617	-0.00972329
9.66063	-0.00245829	-0.00969313
9.67321	-0.00258003	-0.00966144
9.68579	-0.00270135	-0.00962822
9.69837	-0.00282225	-0.00959348
9.71095	-0.0029427	-0.00955722
9.72353	-0.00306268	-0.00951945
9.73611	-0.00318218	-0.00948018
9.74869	-0.00330117	-0.0094394
9.76126	-0.00341965	-0.00939713
9.77384	-0.00353758	-0.00935337
9.78642	-0.00365495	-0.00930813
9.799	-0.00377175	-0.00926142
9.81158	-0.00388794	-0.00921325
9.82416	-0.00400353	-0.00916361
9.83674	-0.00411848	-0.00911253
9.84932	-0.00423277	-0.00906
9.8619	-0.0043464	-0.00900604
9.87448	-0.00445934	-0.00895066
9.88705	-0.00457157	-0.00889386
9.89963	-0.00468309	-0.00883565
9.91221	-0.00479385	-0.00877605
9.92479	-0.00490387	-0.00871505
9.93737	-0.0050131	-0.00865268
9.94995	-0.00512154	-0.00858894
9.96253	-0.00522918	-0.00852384
9.97511	-0.00533598	-0.00845739
9.98769	-0.00544194	-0.0083896
10.0003	-0.00554704	-0.00832048
10.0128	-0.00565126	-0.00825005
10.0254	-0.00575459	-0.00817831
10.038	-0.005857	-0.00810528
10.0506	-0.00595849	-0.00803097
10.0632	-0.00605904	-0.00795538
10.0757	-0.00615863	-0.00787854
10.0883	-0.00625724	-0.00780045
10.1009	-0.00635487	-0.00772113
10.1135	-0.00645149	-0.00764058
10.1261	-0.00654708	-0.00755883
10.1386	-0.00664164	-0.00747588
10.1512	-0.00673516	-0.00739174
10.1638	-0.0068276	-0.00730644
10.1764	-0.00691897	-0.00721998
10.1889	-0.00700924	-0.00713238
10.2015	-0.0070984	-0.00704365
10.2141	-0.00718643	-0.0069538
10.2267	-0.00727333	-0.00686286
10.2393	-0.00735908	-0.00677083
10.2518	-0.00744367	-0.00667773
10.2644	-0.00752708	-0.00658357
10.277	-0.00760929	-0.00648837
10.2896	-0.00769031	-0.00639214
10.3022	-0.0077701	-0.0062949
10.3147	-0.00784867	-0.00619667
10.3273	-0.00792599	-0.00609745
10.3399	-0.00800206	-0.00599727
10.3525	-0.00807687	-0.00589615
10.3651	-0.0081504	-0.00579409
10.3776	-0.00822263	-0.00569111
10.3902	-0.00829357	-0.00558723
10.4028	-0.00836319	-0.00548247
10.4154	-0.00843149	-0.00537684
10.4279	-0.00849846	-0.00527036
10.4405	-0.00856408	-0.00516304
10.4531	-0.00862835	-0.00505491
10.4657	-0.00869125	-0.00494598
10.4783	-0.00875277	-0.00483627
10.4908	-0.00881291	-0.00472579
10.5034	-0.00887166	-0.00461456
10.516	-0.008929	-0.0045026
10.5286	-0.00898493	-0.00438993
10.5412	-0.00903944	-0.00427657
10.5537	-0.00909252	-0.00416253
10.5663	-0.00914416	-0.00404783
10.5789	-0.00919435	-0.00393249
10.5915	-0.00924309	-0.00381653
10.6041	-0.00929037	-0.00369996
10.6166	-0.00933617	-0.00358281
10.6292	-0.0093805	-0.00346509
10.6418	-0.00942334	-0.00334683
10.6544	-0.0094647	-0.00322803
10.6669	-0.00950455	-0.00310873
10.6795	-0.0095429	-0.00298893
10.6921	-0.00957974	-0.00286866
10.7047	-0.00961507	-0.00274793
10.7173	-0.00964888	-0.00262677
10.7298	-0.00968115	-0.0025052
10.7424	-0.0097119	-0.00238322
10.755	-0.00974111	-0.00226088
10.7676	-0.00976878	-0.00213817
10.7802	-0.0097949	-0.00201512
10.7927	-0.00981947	-0.00189176
10.8053	-0.00984249	-0.0017681
10.8179	-0.00986395	-0.00164415
10.8305	-0.00988385	-0.00151995
10.8431	-0.00990219	-0.00139551
10.8556	-0.00991896	-0.00127084
10.8682	-0.00993416	-0.00114598
10.8808	-0.00994779	-0.00102093
10.8934	-0.00995984	-0.000895724
10.9059	-0.00997032	-0.000770374
10.9185	-0.00997922	-0.000644903
10.9311	-0.00998655	-0.000519329
10.9437	-0.00999229	-0.000393673
10.9563	-0.00999645	-0.000267955
10.9688	-0.00999903	-0.000142194
10.9814	-0.01	-1.64107e-05
10.994	-0.00999944	0.000109375
11.0066	-0.00999728	0.000235143
11.0192	-0.00999353	0.000360875
11.0317	-0.0099882	0.000486549
11.0443	-0.00998129	0.000612146
11.0569	-0.0099728	0.000737646
11.0695	-0.00996273	0.00086303
11.0821	-0.00995109	0.000988277
11.0946	-0.00993787	0.00111337
11.1072	-0.00992308	0.00123828
11.1198	-0.00990672	0.001363
11.1324	-0.00988879	0.0014875
11.1449	-0.0098693	0.00161177
11.1575	-0.00984824	0.00173578
11.1701	-0.00982563	0.00185952
11.1827	-0.00980146	0.00198297
11.1953	-0.00977574	0.0021061
11.2078	-0.00974848	0.00222889
11.2204	-0.00971967	0.00235134
11.233	-0.00968932	0.00247341
11.2456	-0.00965744	0.00259509
11.2582	-0.00962404	0.00271636
11.2707	-0.00958911	0.0028372
11.2833	-0.00955266	0.00295759
11.2959	-0.0095147	0.00307751
11.3085	-0.00947524	0.00319695
11.3211	-0.00943428	0.00331588
11.3336	-0.00939182	0.00343429
11.3462	-0.00934788	0.00355215
11.3588	-0.00930246	0.00366945
11.3714	-0.00925557	0.00378617
11.3839	-0.00920721	0.00390229
11.3965	-0.0091574	0.0040178
11.4091	-0.00910613	0.00413266
11.4217	-0.00905343	0.00424688
11.4343	-0.00899929	0.00436042
11.4468	-0.00894373	0.00447327
11.4594	-0.00888676	0.00458542
11.472	-0.00882838	0.00469684
11.4846	-0.0087686	0.00480751
11.4972	-0.00870743	0.00491743
11.5097	-0.00864489	0.00502656
11.5223	-0.00858098	0.00513491
11.5349	-0.00851571	0.00524243
11.5475	-0.00844909	0.00534913
11.5601	-0.00838114	0.00545499
11.5726	-0.00831186	0.00555998
11.5852	-0.00824127	0.00566409
11.5978	-0.00816937	0.0057673
11.6104	-0.00809618	0.00586961
11.6229	-0.00802171	0.00597098
11.6355	-0.00794596	0.00607141
11.6481	-0.00786897	0.00617087
11.6607	-0.00779072	0.00626937
11.6733	-0.00771125	0.00636687
11.6858	-0.00763055	0.00646336
11.6984	-0.00754865	0.00655883
11.711	-0.00746555	0.00665326
11.7236	-0.00738127	0.00674664
11.7362	-0.00729582	0.00683895
11.7487	-0.00720922	0.00693018
11.7613	-0.00712148	0.00702031
11.7739	-0.00703261	0.00710933
11.7865	-0.00694263	0.00719723
11.7991	-0.00685154	0.00728399
11.8116	-0.00675938	0.0073696
11.8242	-0.00666615	0.00745404
11.8368	-0.00657186	0.0075373
11.8494	-0.00647653	0.00761937
11.8619	-0.00638018	0.00770023
11.8745	-0.00628281	0.00777987
11.8871	-0.00618446	0.00785828
11.8997	-0.00608512	0.00793545
11.9123	-0.00598482	0.00801137
11.9248	-0.00588358	0.00808602
11.9374	-0.0057814	0.00815938
11.95	-0.00567831	0.00823146
11.9626	-0.00557432	0.00830223
11.9752	-0.00546945	0.00837169
11.9877	-0.00536371	0.00843983
12.0003	-0.00525712	0.00850663
12.0129	-0.00514971	0.00857208
12.0255	-0.00504147	0.00863618
12.0381	-0.00493244	0.00869891
12.0506	-0.00482263	0.00876027
12.0632	-0.00471206	0.00882023
12.0758	-0.00460074	0.00887881
12.0884	-0.00448869	0.00893598
12.1009	-0.00437594	0.00899173
12.1135	-0.00426249	0.00904606
12.1261	-0.00414836	0.00909896
12.1387	-0.00403358	0.00915042
12.1513	-0.00391816	0.00920044
12.1638	-0.00380212	0.00924899
12.1764	-0.00368548	0.00929609
12.189	-0.00356826	0.00934171
12.2016	-0.00345047	0.00938585
12.2142	-0.00333214	0.00942851
12.2267	-0.00321328	0.00946968
12.2393	-0.00309391	0.00950935
12.2519	-0.00297405	0.00954752
12.2645	-0.00285372	0.00958417
12.2771	-0.00273294	0.00961931
12.2896	-0.00261172	0.00965292
12.3022	-0.0024901	0.00968501
12.3148	-0.00236808	0.00971557
12.3274	-0.00224568	0.00974458
12.3399	-0.00212293	0.00977206
12.3525	-0.00199984	0.00979799
12.3651	-0.00187644	0.00982237
12.3777	-0.00175274	0.0098452
12.3903	-0.00162876	0.00986647
12.4028	-0.00150452	0.00988617
12.4154	-0.00138005	0.00990432
12.428	-0.00125536	0.00992089
12.4406	-0.00113047	0.0099359
12.4532	-0.0010054	0.00994933
12.4657	-0.000880171	0.00996119
12.4783	-0.000754804	0.00997147
12.4909	-0.000629317	0.00998018
12.5035	-0.00050373	0.0099873
12.5161	-0.000378064	0.00999285
12.5286	-0.000252338	0.00999682
12.5412	-0.000126572	0.0099992
12.5538	-7.85435e-07	0.01
12.5664	0.000125001	0.00999922
