5.55569	31.761
6.71757	35.0915
8.30169	39.176
10.5521	44.2576
13.9309	50.712
19.3099	59.1188
28.4625	70.2612
45.408	84.7051
79.6795	99.7347
146.851	92.4235
205.13	0.626108
147.664	-92.0348
80.1566	-99.8439
45.6374	-84.8583
28.5798	-70.385
19.3758	-59.2134
13.9718	-50.7846
10.5795	-44.3136
8.32046	-39.2197
6.73037	-35.1268
5.56482	-31.7906
4.69565	-29.032
4.04133	-26.7081
3.53442	-24.7139
3.12329	-22.9853
2.78168	-21.4837
2.50242	-20.173
2.27885	-19.0135
2.09504	-17.9721
1.93394	-17.0324
1.78954	-16.1882
1.666	-15.43
1.56539	-14.7407
1.48063	-14.1046
1.40195	-13.5162
1.32712	-12.9771
1.26145	-12.4847
1.20832	-12.0292
1.16328	-11.6011
1.11926	-11.1986
1.07508	-10.8249
1.03575	-10.48
1.00463	-10.1572
0.9784	-9.84965
0.951384	-9.55696
0.92282	-9.28286
0.897205	-9.02804
0.877619	-8.7875
0.861364	-8.55597
0.843638	-8.33352
0.823884	-8.12391
0.806128	-7.9281
0.793148	-7.74206
0.782629	-7.56146
0.770391	-7.38663
0.756002	-7.22115
0.743089	-7.06606
0.734151	-6.91795
0.727139	-6.77312
0.718343	-6.63206
0.707422	-6.49808
0.697665	-6.37225
0.691331	-6.25159
0.686568	-6.13285
0.680037	-6.01659
0.671465	-5.9059
0.663862	-5.8018
0.659277	-5.70162
0.65601	-5.60248
0.651027	-5.50497
0.644109	-5.41198
0.638031	-5.32445
0.634661	-5.23996
0.632421	-5.15593
0.62853	-5.07294
0.622815	-4.9937
0.617852	-4.9191
0.61535	-4.84689
0.613832	-4.77474
0.610732	-4.70324
0.605917	-4.63491
0.60179	-4.57057
0.599923	-4.50816
0.598923	-4.44552
0.596409	-4.38325
0.592283	-4.32371
0.588798	-4.26767
0.587405	-4.21319
0.586783	-4.15828
0.584711	-4.10355
0.581123	-4.05121
0.578141	-4.00196
0.577109	-3.954
0.576766	-3.90546
0.575033	-3.85696
0.571874	-3.81058
0.569293	-3.76697
0.568538	-3.72442
0.568403	-3.6812
0.566935	-3.6379
0.564122	-3.59652
0.561866	-3.55764
0.561328	-3.51963
0.56135	-3.48089
0.560091	-3.44199
0.557562	-3.40483
0.555573	-3.36996
0.555206	-3.33581
0.555346	-3.30087
0.554254	-3.26573
0.551961	-3.23218
0.550193	-3.20072
0.549963	-3.16986
0.550194	-3.13819
0.549235	-3.10628
0.547141	-3.07583
0.545559	-3.04731
0.545439	-3.0193
0.545738	-2.99045
0.544889	-2.96133
0.542963	-2.93357
0.541539	-2.9076
0.541509	-2.88205
0.541859	-2.85566
0.5411	-2.82897
0.539318	-2.80356
0.53803	-2.77982
0.538073	-2.75642
0.538461	-2.73217
0.537776	-2.70762
0.536119	-2.68427
0.534948	-2.66249
0.535051	-2.64098
0.535469	-2.61861
0.534845	-2.59595
0.533296	-2.57442
0.532228	-2.55436
0.53238	-2.53452
0.532818	-2.51383
0.532246	-2.49283
0.530793	-2.47292
0.529814	-2.45438
0.530008	-2.43602
0.530461	-2.41681
0.529931	-2.39731
0.528563	-2.37883
0.527664	-2.36165
0.527891	-2.34461
0.528354	-2.32674
0.527861	-2.30856
0.526567	-2.29137
0.525739	-2.27541
0.525995	-2.25955
0.526463	-2.24286
0.526001	-2.22588
0.524775	-2.20985
0.524009	-2.19498
0.524289	-2.18018
0.52476	-2.16457
0.524325	-2.14866
0.523158	-2.13367
0.522449	-2.11979
0.522749	-2.10595
0.523221	-2.0913
0.522808	-2.07638
0.521696	-2.06233
0.521038	-2.04934
0.521355	-2.03636
0.521825	-2.02259
0.521431	-2.00855
0.520369	-1.99536
0.519757	-1.98318
0.520088	-1.97099
0.520554	-1.95801
0.520178	-1.94478
0.519161	-1.93237
0.518591	-1.92092
0.518934	-1.90945
0.519396	-1.8972
0.519034	-1.8847
0.518057	-1.87301
0.517527	-1.86223
0.517879	-1.85141
0.518335	-1.83982
0.517986	-1.828
0.517048	-1.81696
0.516552	-1.8068
0.516913	-1.79657
0.517363	-1.7856
0.517024	-1.7744
0.516121	-1.76395
0.515658	-1.75435
0.516026	-1.74467
0.516468	-1.73426
0.516139	-1.72363
0.515268	-1.71374
0.514836	-1.70466
0.515209	-1.69548
0.515644	-1.68559
0.515323	-1.67548
0.514482	-1.6661
0.514077	-1.6575
0.514455	-1.64878
0.514883	-1.63936
0.514568	-1.62975
0.513756	-1.62083
0.513377	-1.61267
0.513759	-1.60439
0.514178	-1.59541
0.51387	-1.58624
0.513084	-1.57776
0.512729	-1.57001
0.513114	-1.56212
0.513524	-1.55355
0.513221	-1.5448
0.51246	-1.53673
0.512128	-1.52935
0.512515	-1.52184
0.512917	-1.51364
0.512619	-1.50529
0.51188	-1.49759
0.511569	-1.49056
0.511958	-1.48339
0.512352	-1.47555
0.512058	-1.46755
0.511341	-1.46021
0.51105	-1.45351
0.51144	-1.44665
0.511825	-1.43914
0.511534	-1.43148
0.510838	-1.42446
0.510565	-1.41806
0.510956	-1.4115
0.511332	-1.4043
0.511045	-1.39696
0.510368	-1.39024
0.510113	-1.38413
0.510504	-1.37784
0.510872	-1.37093
0.510587	-1.36388
0.509929	-1.35746
0.509691	-1.35161
0.510081	-1.34558
0.51044	-1.33893
0.510158	-1.33217
0.509517	-1.32601
0.509295	-1.32041
0.509685	-1.31462
0.510036	-1.30823
0.509756	-1.30172
0.509131	-1.29581
0.508924	-1.29045
0.509314	-1.28488
0.509656	-1.27873
0.509377	-1.27247
0.508768	-1.26679
0.508575	-1.26165
0.508965	-1.2563
0.509298	-1.25036
0.509021	-1.24433
0.508428	-1.23888
0.508248	-1.23394
0.508636	-1.22879
0.508962	-1.22306
0.508686	-1.21725
0.508107	-1.21201
0.50794	-1.20726
0.508327	-1.2023
0.508644	-1.19677
0.50837	-1.19117
0.507804	-1.18612
0.507649	-1.18156
0.508035	-1.17677
0.508344	-1.17143
0.508071	-1.16602
0.507519	-1.16116
0.507376	-1.15676
0.50776	-1.15214
0.508061	-1.14698
0.507789	-1.14175
0.507249	-1.13707
0.507117	-1.13284
0.5075	-1.12837
0.507793	-1.12337
0.507521	-1.11832
0.506994	-1.11381
0.506873	-1.10973
0.507254	-1.10541
0.50754	-1.10057
0.507268	-1.09568
0.506753	-1.09133
0.506642	-1.08739
0.507021	-1.08321
0.507299	-1.07852
0.507028	-1.07379
0.506524	-1.06959
0.506423	-1.06578
0.5068	-1.06174
0.507071	-1.05719
0.506801	-1.05261
0.506307	-1.04855
0.506215	-1.04487
0.506591	-1.04096
0.506854	-1.03654
0.506584	-1.0321
0.506102	-1.02817
0.506019	-1.02462
0.506392	-1.02083
0.506648	-1.01654
0.506378	-1.01223
0.505906	-1.00843
0.505832	-1.005
0.506203	-1.00132
0.506452	-0.997153
0.506183	-0.992973
0.50572	-0.989297
0.505654	-0.985974
0.506024	-0.982398
0.506265	-0.978348
0.505996	-0.974291
0.505543	-0.970731
0.505486	-0.967513
0.505853	-0.96404
0.506087	-0.9601
0.505819	-0.956159
0.505375	-0.95271
0.505325	-0.949592
0.50569	-0.946216
0.505918	-0.942381
0.505649	-0.938552
0.505214	-0.935208
0.505172	-0.932185
0.505535	-0.928902
0.505756	-0.925168
0.505487	-0.921444
0.505061	-0.918202
0.505026	-0.915269
0.505387	-0.912074
0.505601	-0.908436
0.505333	-0.904814
0.504915	-0.901668
0.504887	-0.898822
0.505245	-0.89571
0.505453	-0.892163
0.505185	-0.888639
0.504776	-0.885585
0.504754	-0.882821
0.50511	-0.87979
0.505312	-0.876331
0.505044	-0.872899
0.504643	-0.869934
0.504628	-0.867248
0.504981	-0.864293
0.505176	-0.860918
0.504908	-0.857576
0.504515	-0.854695
0.504507	-0.852084
0.504858	-0.849202
0.505047	-0.845907
0.504779	-0.84265
0.504393	-0.83985
0.504391	-0.837311
0.50474	-0.834499
0.504922	-0.831281
0.504655	-0.828106
0.504277	-0.825383
0.50428	-0.822912
0.504626	-0.820167
0.504803	-0.817023
0.504535	-0.813927
0.504165	-0.811278
0.504174	-0.808873
0.504518	-0.806191
0.504689	-0.803118
0.504421	-0.800098
0.504058	-0.79752
0.504073	-0.795177
0.504414	-0.792557
0.504579	-0.789551
0.504311	-0.786604
0.503955	-0.784094
0.503975	-0.781812
0.504314	-0.77925
0.504474	-0.776309
0.504206	-0.773432
0.503857	-0.770988
0.503882	-0.768763
0.504219	-0.766257
0.504372	-0.763379
0.504105	-0.760569
0.503762	-0.758188
0.503793	-0.756018
0.504127	-0.753566
0.504275	-0.750748
0.504007	-0.748003
0.503671	-0.745682
0.503707	-0.743565
0.504038	-0.741165
0.504181	-0.738405
0.503914	-0.735722
0.503584	-0.73346
0.503625	-0.731393
0.503954	-0.729042
0.504091	-0.726338
0.503823	-0.723715
0.5035	-0.721509
0.503545	-0.719491
0.503872	-0.717187
0.504004	-0.714537
0.503737	-0.711973
0.50342	-0.70982
0.503469	-0.707849
0.503793	-0.705591
0.50392	-0.702992
0.503653	-0.700484
0.503342	-0.698383
0.503396	-0.696456
0.503718	-0.694242
0.503839	-0.691694
0.503572	-0.689239
0.503268	-0.687189
0.503326	-0.685305
0.503645	-0.683133
0.503761	-0.680632
0.503495	-0.67823
0.503196	-0.676228
0.503258	-0.674385
0.503575	-0.672254
0.503686	-0.6698
0.50342	-0.667448
0.503126	-0.665492
0.503193	-0.663689
0.503507	-0.661597
0.503613	-0.659187
0.503347	-0.656884
0.50306	-0.654973
0.503131	-0.653208
0.503442	-0.651154
0.503543	-0.648788
0.503277	-0.646532
0.502995	-0.644664
0.50307	-0.642936
0.503379	-0.640917
0.503476	-0.638593
0.50321	-0.636382
0.502934	-0.634556
0.503012	-0.632863
0.503318	-0.630879
0.50341	-0.628596
0.503145	-0.626429
0.502874	-0.624644
0.502956	-0.622985
0.50326	-0.621034
0.503347	-0.61879
0.503081	-0.616666
0.502816	-0.614919
0.502902	-0.613293
0.503203	-0.611375
0.503286	-0.609168
0.503021	-0.607086
0.50276	-0.605377
0.50285	-0.603782
0.503148	-0.601895
0.503226	-0.599725
0.502962	-0.597682
0.502707	-0.59601
0.502799	-0.594445
0.503095	-0.592588
0.503169	-0.590454
0.502905	-0.58845
0.502655	-0.586812
0.502751	-0.585277
0.503044	-0.583449
0.503113	-0.581349
0.502849	-0.579383
0.502605	-0.577779
0.502704	-0.576272
0.502995	-0.574472
0.50306	-0.572405
0.502796	-0.570476
0.502556	-0.568905
0.502659	-0.567425
0.502947	-0.565652
0.503008	-0.563617
0.502744	-0.561723
0.502509	-0.560184
0.502615	-0.55873
0.502901	-0.556984
0.502957	-0.55498
0.502694	-0.55312
0.502464	-0.551612
0.502573	-0.550184
0.502856	-0.548462
0.502908	-0.546489
0.502645	-0.544662
0.50242	-0.543184
0.502532	-0.54178
0.502812	-0.540082
0.50286	-0.538139
0.502598	-0.536344
0.502378	-0.534895
0.502493	-0.533514
0.50277	-0.53184
0.502814	-0.529925
0.502553	-0.528162
0.502337	-0.526741
0.502454	-0.525383
0.50273	-0.523731
0.50277	-0.521844
0.502508	-0.520112
0.502297	-0.518717
0.502418	-0.517381
0.50269	-0.515752
0.502726	-0.513892
0.502465	-0.512189
0.502259	-0.510821
0.502382	-0.509506
0.502652	-0.507898
0.502684	-0.506064
0.502424	-0.50439
0.502222	-0.503047
0.502347	-0.501752
0.502615	-0.500165
0.502643	-0.498356
0.502383	-0.496711
0.502186	-0.495392
0.502314	-0.494117
0.502579	-0.49255
0.502603	-0.490766
0.502344	-0.489147
0.502151	-0.487853
0.502282	-0.486597
0.502544	-0.485048
0.502564	-0.483289
0.502306	-0.481697
0.502117	-0.480425
0.50225	-0.479188
0.50251	-0.477658
0.502527	-0.475922
0.502269	-0.474356
0.502085	-0.473107
0.50222	-0.471887
0.502477	-0.470375
0.50249	-0.468662
0.502233	-0.467121
0.502053	-0.465894
0.502191	-0.464691
0.502445	-0.463197
0.502455	-0.461505
0.502198	-0.459989
0.502022	-0.458783
0.502162	-0.457597
0.502414	-0.456119
0.50242	-0.454449
0.502164	-0.452957
0.501992	-0.451772
0.502135	-0.450601
0.502384	-0.44914
0.502386	-0.447491
0.502131	-0.446023
0.501964	-0.444857
0.502108	-0.443702
0.502355	-0.442257
0.502354	-0.440628
0.502099	-0.439182
0.501936	-0.438036
0.502082	-0.436896
0.502326	-0.435466
0.502322	-0.433858
0.502067	-0.432433
0.501908	-0.431305
0.502057	-0.43018
0.502299	-0.428765
0.502291	-0.427176
0.502037	-0.425774
0.501882	-0.424664
0.502033	-0.423552
0.502272	-0.422152
0.50226	-0.420582
0.502007	-0.4192
0.501857	-0.418108
0.502009	-0.41701
0.502246	-0.415624
0.502231	-0.414072
0.501979	-0.412711
0.501832	-0.411636
0.501986	-0.410551
0.50222	-0.409178
0.502202	-0.407645
0.501951	-0.406304
0.501808	-0.405245
0.501964	-0.404173
0.502195	-0.402813
0.502174	-0.401297
0.501923	-0.399976
0.501785	-0.398933
0.501943	-0.397873
0.502171	-0.396526
0.502147	-0.395027
0.501897	-0.393725
0.501762	-0.392698
0.501922	-0.391649
0.502148	-0.390315
0.50212	-0.388833
0.501871	-0.387549
0.50174	-0.386538
0.501902	-0.3855
0.502125	-0.384178
0.502094	-0.382712
0.501846	-0.381446
0.501719	-0.38045
0.501882	-0.379423
0.502103	-0.378113
0.502069	-0.376663
0.501822	-0.375415
0.501698	-0.374433
0.501863	-0.373417
0.502081	-0.372118
0.502044	-0.370683
0.501798	-0.369452
0.501678	-0.368484
0.501845	-0.367478
0.50206	-0.36619
0.50202	-0.364771
0.501775	-0.363557
0.501659	-0.362603
0.501827	-0.361607
0.50204	-0.360329
0.501997	-0.358925
0.501752	-0.357727
0.50164	-0.356786
0.501809	-0.355799
0.50202	-0.354532
0.501974	-0.353143
0.50173	-0.351961
0.501621	-0.351033
0.501793	-0.350055
0.502	-0.348798
0.501951	-0.347423
0.501709	-0.346257
0.501604	-0.345341
0.501776	-0.344373
0.501981	-0.343125
0.501929	-0.341764
0.501688	-0.340614
0.501586	-0.33971
0.50176	-0.338749
0.501963	-0.337512
0.501908	-0.336164
0.501667	-0.335028
0.50157	-0.334136
0.501745	-0.333184
0.501945	-0.331956
0.501887	-0.330621
0.501648	-0.329501
0.501553	-0.32862
0.50173	-0.327676
0.501927	-0.326456
0.501867	-0.325135
0.501628	-0.324028
0.501538	-0.323159
0.501716	-0.322222
0.50191	-0.321012
0.501847	-0.319703
0.501609	-0.31861
0.501522	-0.317752
0.501702	-0.316823
0.501894	-0.31562
0.501828	-0.314324
0.501591	-0.313245
0.501508	-0.312397
0.501688	-0.311475
0.501877	-0.310281
0.501809	-0.308997
0.501573	-0.307931
0.501493	-0.307093
0.501675	-0.306178
0.501861	-0.304992
0.50179	-0.30372
0.501556	-0.302667
0.501479	-0.301839
0.501662	-0.30093
0.501846	-0.299752
0.501772	-0.298491
0.501539	-0.297452
0.501466	-0.296633
0.501649	-0.295731
0.501831	-0.29456
0.501754	-0.293311
0.501522	-0.292284
0.501453	-0.291475
0.501637	-0.290579
0.501816	-0.289415
0.501737	-0.288177
0.501506	-0.287163
0.50144	-0.286362
0.501626	-0.285472
0.501802	-0.284316
0.50172	-0.283089
0.501491	-0.282086
0.501427	-0.281294
0.501614	-0.28041
0.501788	-0.279261
0.501704	-0.278044
0.501475	-0.277053
0.501416	-0.27627
0.501603	-0.275391
0.501774	-0.274248
0.501688	-0.273042
0.50146	-0.272063
0.501404	-0.271288
0.501593	-0.270414
0.501761	-0.269278
0.501672	-0.268083
0.501446	-0.267114
0.501393	-0.266347
0.501582	-0.265479
0.501748	-0.264349
0.501656	-0.263163
0.501432	-0.262206
0.501382	-0.261447
0.501572	-0.260583
0.501735	-0.259459
0.501641	-0.258284
0.501418	-0.257337
0.501371	-0.256585
0.501562	-0.255726
0.501723	-0.254609
0.501627	-0.253443
0.501404	-0.252507
0.501361	-0.251762
0.501553	-0.250907
0.501711	-0.249796
0.501612	-0.248639
0.501391	-0.247713
0.501351	-0.246976
0.501544	-0.246125
0.501699	-0.245019
0.501598	-0.243872
0.501378	-0.242957
0.501342	-0.242226
0.501535	-0.241379
0.501687	-0.240279
0.501584	-0.239141
0.501366	-0.238235
0.501332	-0.237511
0.501526	-0.236668
0.501676	-0.235573
0.501571	-0.234444
0.501354	-0.233548
0.501323	-0.23283
0.501518	-0.231991
0.501665	-0.230901
0.501558	-0.229781
0.501342	-0.228894
0.501315	-0.228183
0.50151	-0.227347
0.501654	-0.226262
0.501545	-0.225151
0.501331	-0.224273
0.501306	-0.223568
0.501502	-0.222735
0.501644	-0.221655
0.501532	-0.220552
0.501319	-0.219684
0.501298	-0.218984
0.501495	-0.218155
0.501634	-0.21708
0.50152	-0.215985
0.501309	-0.215125
0.50129	-0.214431
0.501488	-0.213605
0.501624	-0.212535
0.501508	-0.211448
0.501298	-0.210597
0.501283	-0.209908
0.50148	-0.209085
0.501614	-0.208019
0.501496	-0.20694
0.501288	-0.206098
0.501276	-0.205414
0.501474	-0.204594
0.501605	-0.203532
0.501485	-0.202461
0.501278	-0.201627
0.501269	-0.200949
0.501467	-0.200131
0.501595	-0.199073
0.501473	-0.19801
0.501268	-0.197184
0.501262	-0.19651
0.501461	-0.195695
0.501586	-0.194641
0.501462	-0.193585
0.501258	-0.192767
0.501255	-0.192098
0.501455	-0.191285
0.501578	-0.190236
0.501452	-0.189187
0.501249	-0.188377
0.501249	-0.187713
0.501449	-0.186901
0.501569	-0.185856
0.501441	-0.184815
0.50124	-0.184012
0.501243	-0.183352
0.501443	-0.182543
0.501561	-0.181501
0.501431	-0.180467
0.501232	-0.179671
0.501237	-0.179016
0.501438	-0.178208
0.501553	-0.17717
0.501421	-0.176143
0.501223	-0.175355
0.501232	-0.174703
0.501432	-0.173898
0.501545	-0.172863
0.501411	-0.171843
0.501215	-0.171062
0.501226	-0.170414
0.501427	-0.16961
0.501537	-0.168578
0.501401	-0.167565
0.501207	-0.166791
0.501221	-0.166146
0.501422	-0.165344
0.501529	-0.164316
0.501392	-0.163309
0.501199	-0.162542
0.501216	-0.161901
0.501418	-0.1611
0.501522	-0.160075
0.501383	-0.159075
0.501192	-0.158314
0.501212	-0.157676
0.501413	-0.156877
0.501515	-0.155855
0.501374	-0.154861
0.501184	-0.154106
0.501207	-0.153472
0.501409	-0.152674
0.501508	-0.151655
0.501365	-0.150667
0.501177	-0.149919
0.501203	-0.149288
0.501405	-0.14849
0.501501	-0.147474
0.501357	-0.146493
0.501171	-0.145751
0.501199	-0.145123
0.501401	-0.144326
0.501494	-0.143313
0.501348	-0.142337
0.501164	-0.141601
0.501195	-0.140976
0.501397	-0.14018
0.501488	-0.139169
0.50134	-0.1382
0.501158	-0.137469
0.501192	-0.136847
0.501393	-0.136051
0.501481	-0.135044
0.501332	-0.13408
0.501151	-0.133355
0.501188	-0.132735
0.50139	-0.13194
0.501475	-0.130935
0.501325	-0.129977
0.501145	-0.129258
0.501185	-0.12864
0.501387	-0.127845
0.501469	-0.126843
0.501317	-0.12589
0.50114	-0.125177
0.501182	-0.124561
0.501384	-0.123767
0.501464	-0.122766
0.50131	-0.121819
0.501134	-0.121111
0.501179	-0.120498
0.501381	-0.119704
0.501458	-0.118705
0.501303	-0.117764
0.501129	-0.117061
0.501176	-0.116449
0.501378	-0.115655
0.501452	-0.114659
0.501296	-0.113723
0.501124	-0.113025
0.501174	-0.112415
0.501375	-0.111621
0.501447	-0.110627
0.501289	-0.109696
0.501119	-0.109003
0.501172	-0.108395
0.501373	-0.107601
0.501442	-0.106609
0.501282	-0.105683
0.501114	-0.104995
0.501169	-0.104388
0.50137	-0.103594
0.501437	-0.102604
0.501276	-0.101682
0.501109	-0.100999
0.501167	-0.100394
0.501368	-0.0995993
0.501432	-0.0986114
0.50127	-0.0976948
0.501105	-0.0970158
0.501166	-0.0964119
0.501366	-0.095617
0.501427	-0.0946309
0.501263	-0.0937191
0.501101	-0.0930445
0.501164	-0.0924418
0.501364	-0.0916464
0.501423	-0.090662
0.501258	-0.0897548
0.501097	-0.0890845
0.501163	-0.0884828
0.501363	-0.0876869
0.501418	-0.0867041
0.501252	-0.0858015
0.501093	-0.0851354
0.501161	-0.0845346
0.501361	-0.083738
0.501414	-0.0827568
0.501246	-0.0818586
0.501089	-0.0811965
0.50116	-0.0805965
0.50136	-0.0797992
0.50141	-0.0788194
0.501241	-0.0779257
0.501086	-0.0772675
0.501159	-0.0766682
0.501358	-0.07587
0.501406	-0.0748916
0.501236	-0.0740022
0.501083	-0.0733478
0.501159	-0.072749
0.501357	-0.0719499
0.501402	-0.0709729
0.501231	-0.0700876
0.50108	-0.0694369
0.501158	-0.0688386
0.501356	-0.0680384
0.501398	-0.0670626
0.501226	-0.0661815
0.501077	-0.0655343
0.501158	-0.0649363
0.501355	-0.064135
0.501395	-0.0631604
0.501221	-0.0622834
0.501074	-0.0616396
0.501157	-0.0610418
0.501354	-0.0602393
0.501391	-0.0592658
0.501216	-0.0583927
0.501071	-0.0577523
0.501157	-0.0571545
0.501354	-0.0563507
0.501388	-0.0553783
0.501212	-0.054509
0.501069	-0.0538718
0.501157	-0.053274
0.501353	-0.0524688
0.501385	-0.0514974
0.501208	-0.0506319
0.501067	-0.0499977
0.501157	-0.0493998
0.501353	-0.0485931
0.501382	-0.0476227
0.501203	-0.0467608
0.501065	-0.0461296
0.501158	-0.0455315
0.501353	-0.0447232
0.501379	-0.0437536
0.501199	-0.0428954
0.501063	-0.042267
0.501158	-0.0416685
0.501353	-0.0408586
0.501376	-0.0398897
0.501196	-0.039035
0.501061	-0.0384094
0.501159	-0.0378103
0.501353	-0.0369987
0.501373	-0.0360306
0.501192	-0.0351793
0.50106	-0.0345563
0.50116	-0.0339567
0.501353	-0.0331433
0.501371	-0.0321758
0.501189	-0.0313278
0.501058	-0.0307074
0.501161	-0.030107
0.501353	-0.0292917
0.501368	-0.0283248
0.501185	-0.0274801
0.501057	-0.026862
0.501162	-0.0262608
0.501354	-0.0254435
0.501366	-0.0244771
0.501182	-0.0236356
0.501056	-0.0230198
0.501163	-0.0224177
0.501354	-0.0215983
0.501364	-0.0206324
0.501179	-0.019794
0.501055	-0.0191804
0.501164	-0.0185771
0.501355	-0.0177557
0.501362	-0.0167901
0.501176	-0.0159547
0.501055	-0.0153431
0.501166	-0.0147388
0.501356	-0.0139151
0.50136	-0.0129499
0.501173	-0.0121174
0.501054	-0.0115077
0.501168	-0.0109021
0.501356	-0.0100761
0.501358	-0.00911113
0.501171	-0.00828147
0.501054	-0.0076737
0.50117	-0.00706666
0.501357	-0.00623825
0.501357	-0.0052735
0.501168	-0.00444661
0.501054	-0.00384056
0.501172	-0.00323202
0.501359	-0.00240114
0.501355	-0.00143652
0.501166	-0.000612301
0.501054	-7.86496e-06
0.501174	0.000602284
0.50136	0.00143572
0.501354	0.00240027
0.501164	0.00322189
0.501054	0.00382483
0.501176	0.0044367
0.501361	0.00527276
0.501353	0.00623731
0.501162	0.00705642
0.501054	0.00765797
0.501179	0.00827167
0.501363	0.00911045
0.501351	0.0100751
0.50116	0.0108917
0.501054	0.011492
0.501181	0.0121077
0.501365	0.0129492
0.50135	0.013914
0.501158	0.0147283
0.501055	0.0153274
0.501184	0.0159451
0.501366	0.0167896
0.501349	0.0177545
0.501157	0.0185666
0.501056	0.0191646
0.501187	0.0197845
0.501368	0.0206319
0.501349	0.0215971
0.501155	0.022407
0.501057	0.0230041
0.50119	0.0236262
0.50137	0.0244767
0.501348	0.0254422
0.501154	0.02625
0.501058	0.0268463
0.501193	0.0274708
0.501373	0.0283244
0.501348	0.0292903
0.501153	0.0300961
0.501059	0.0306916
0.501197	0.0313187
0.501375	0.0321754
0.501347	0.0331418
0.501152	0.0339457
0.501061	0.0345406
0.5012	0.0351702
0.501377	0.0360303
0.501347	0.0369972
0.501151	0.0377992
0.501062	0.0383937
0.501204	0.039026
0.50138	0.0398895
0.501347	0.0408569
0.501151	0.0416572
0.501064	0.0422513
0.501208	0.0428865
0.501383	0.0437534
0.501347	0.0447215
0.50115	0.0455201
0.501066	0.0461139
0.501212	0.0467521
0.501385	0.0476225
0.501347	0.0485913
0.50115	0.0493884
0.501068	0.049982
0.501216	0.0506232
0.501388	0.0514973
0.501347	0.0524669
0.50115	0.0532624
0.501071	0.0538561
0.50122	0.0545005
0.501391	0.0553783
0.501348	0.0563487
0.50115	0.0571428
0.501073	0.0577366
0.501225	0.0583842
0.501395	0.0592658
0.501348	0.0602372
0.50115	0.06103
0.501076	0.0616239
0.501229	0.062275
0.501398	0.0631605
0.501349	0.0641328
0.50115	0.0649244
0.501079	0.0655186
0.501234	0.0661732
0.501402	0.0670627
0.50135	0.0680361
0.501151	0.0688265
0.501082	0.0694212
0.501239	0.0700795
0.501405	0.0709729
0.501351	0.0719475
0.501152	0.0727369
0.501085	0.0733321
0.501244	0.0739941
0.501409	0.0748918
0.501352	0.0758675
0.501152	0.0766559
0.501088	0.0772518
0.501249	0.0779177
0.501413	0.0788196
0.501353	0.0797966
0.501153	0.0805841
0.501092	0.0811809
0.501255	0.0818508
0.501417	0.0827569
0.501354	0.0837353
0.501155	0.0845221
0.501096	0.0851197
0.50126	0.0857937
0.501421	0.0867043
0.501356	0.0876841
0.501156	0.0884702
0.501099	0.0890689
0.501266	0.0897471
0.501425	0.0906622
0.501357	0.0916435
0.501157	0.092429
0.501104	0.0930288
0.501272	0.0937115
0.50143	0.0946312
0.501359	0.095614
0.501159	0.096399
0.501108	0.0970002
0.501278	0.0976873
0.501434	0.0986117
0.501361	0.0995962
0.501161	0.100381
0.501112	0.100983
0.501284	0.101675
0.501439	0.102604
0.501363	0.10359
0.501163	0.104375
0.501117	0.104979
0.501291	0.105675
0.501444	0.106609
0.501366	0.107597
0.501165	0.108382
0.501122	0.108987
0.501297	0.109689
0.501449	0.110628
0.501368	0.111618
0.501167	0.112402
0.501127	0.113009
0.501304	0.113716
0.501454	0.11466
0.501371	0.115652
0.50117	0.116436
0.501132	0.117045
0.501311	0.117757
0.50146	0.118706
0.501373	0.1197
0.501173	0.120484
0.501138	0.121096
0.501318	0.121812
0.501465	0.122767
0.501376	0.123763
0.501176	0.124547
0.501143	0.125161
0.501326	0.125883
0.501471	0.126843
0.501379	0.127841
0.501179	0.128626
0.501149	0.129242
0.501333	0.12997
0.501477	0.130935
0.501382	0.131936
0.501182	0.132721
0.501155	0.13334
0.501341	0.134073
0.501483	0.135044
0.501386	0.136047
0.501186	0.136833
0.501162	0.137454
0.501349	0.138193
0.501489	0.13917
0.501389	0.140175
0.501189	0.140961
0.501168	0.141585
0.501357	0.14233
0.501495	0.143313
0.501393	0.144321
0.501193	0.145108
0.501175	0.145735
0.501365	0.146486
0.501502	0.147475
0.501397	0.148485
0.501197	0.149273
0.501182	0.149903
0.501374	0.150661
0.501509	0.151655
0.501401	0.152669
0.501202	0.153458
0.501189	0.154091
0.501382	0.154855
0.501515	0.155855
0.501405	0.156872
0.501206	0.157662
0.501196	0.158298
0.501391	0.159068
0.501523	0.160075
0.50141	0.161095
0.501211	0.161886
0.501204	0.162526
0.5014	0.163303
0.50153	0.164316
0.501414	0.165339
0.501216	0.166131
0.501212	0.166775
0.50141	0.167559
0.501537	0.168579
0.501419	0.169604
0.501221	0.170398
0.50122	0.171046
0.501419	0.171837
0.501545	0.172863
0.501424	0.173892
0.501226	0.174688
0.501228	0.175339
0.501429	0.176137
0.501553	0.17717
0.501429	0.178203
0.501232	0.179
0.501237	0.179656
0.501439	0.180461
0.501561	0.181501
0.501435	0.182537
0.501238	0.183336
0.501245	0.183996
0.501449	0.184809
0.501569	0.185856
0.50144	0.186896
0.501244	0.187697
0.501255	0.188361
0.50146	0.189182
0.501577	0.190236
0.501446	0.191279
0.50125	0.192083
0.501264	0.192752
0.501471	0.19358
0.501586	0.194641
0.501452	0.195688
0.501257	0.196494
0.501273	0.197168
0.501482	0.198004
0.501595	0.199073
0.501459	0.200124
0.501264	0.200932
0.501283	0.201611
0.501493	0.202456
0.501604	0.203532
0.501465	0.204587
0.501271	0.205398
0.501293	0.206082
0.501504	0.206935
0.501613	0.208019
0.501472	0.209078
0.501278	0.209892
0.501304	0.210581
0.501516	0.211443
0.501623	0.212535
0.501479	0.213598
0.501286	0.214415
0.501315	0.21511
0.501528	0.21598
0.501633	0.21708
0.501486	0.218148
0.501294	0.218968
0.501326	0.219668
0.50154	0.220547
0.501643	0.221655
0.501493	0.222728
0.501302	0.223551
0.501337	0.224258
0.501553	0.225145
0.501653	0.226262
0.501501	0.22734
0.50131	0.228166
0.501348	0.228879
0.501566	0.229776
0.501664	0.230901
0.501509	0.231983
0.501319	0.232813
0.50136	0.233532
0.501579	0.234439
0.501675	0.235573
0.501517	0.23666
0.501328	0.237494
0.501373	0.238219
0.501592	0.239136
0.501686	0.240278
0.501526	0.241371
0.501338	0.242208
0.501385	0.242941
0.501606	0.243867
0.501697	0.245019
0.501535	0.246117
0.501347	0.246958
0.501398	0.247698
0.50162	0.248634
0.501709	0.249795
0.501544	0.250899
0.501357	0.251744
0.501411	0.252491
0.501634	0.253438
0.501721	0.254608
0.501553	0.255717
0.501368	0.256568
0.501425	0.257322
0.501649	0.258279
0.501733	0.259459
0.501563	0.260574
0.501378	0.261429
0.501439	0.262191
0.501664	0.263159
0.501745	0.264348
0.501573	0.26547
0.501389	0.266329
0.501453	0.267099
0.50168	0.268078
0.501758	0.269278
0.501583	0.270405
0.501401	0.27127
0.501468	0.272048
0.501695	0.273038
0.501772	0.274248
0.501594	0.275382
0.501412	0.276251
0.501483	0.277038
0.501711	0.27804
0.501785	0.27926
0.501605	0.2804
0.501424	0.281276
0.501498	0.282071
0.501728	0.283084
0.501799	0.284315
0.501616	0.285462
0.501437	0.286343
0.501514	0.287147
0.501745	0.288173
0.501813	0.289415
0.501628	0.290569
0.50145	0.291456
0.50153	0.292269
0.501762	0.293307
0.501828	0.294559
0.50164	0.295721
0.501463	0.296614
0.501547	0.297437
0.50178	0.298487
0.501843	0.299751
0.501652	0.30092
0.501477	0.301819
0.501564	0.302652
0.501798	0.303715
0.501858	0.304991
0.501665	0.306167
0.501491	0.307073
0.501581	0.307916
0.501816	0.308992
0.501874	0.310279
0.501678	0.311464
0.501505	0.312377
0.501599	0.313229
0.501835	0.31432
0.50189	0.315619
0.501692	0.316811
0.50152	0.317732
0.501618	0.318595
0.501854	0.319699
0.501906	0.32101
0.501706	0.322211
0.501536	0.323139
0.501637	0.324013
0.501874	0.325131
0.501923	0.326455
0.50172	0.327664
0.501551	0.3286
0.501656	0.329485
0.501894	0.330617
0.501941	0.331954
0.501735	0.333172
0.501568	0.334116
0.501676	0.335013
0.501915	0.33616
0.501959	0.33751
0.501751	0.338737
0.501585	0.339689
0.501696	0.340598
0.501937	0.34176
0.501977	0.343123
0.501766	0.34436
0.501602	0.34532
0.501717	0.346242
0.501958	0.347419
0.501996	0.348796
0.501783	0.350043
0.50162	0.351012
0.501739	0.351946
0.501981	0.353139
0.502015	0.35453
0.501799	0.355786
0.501638	0.356765
0.501761	0.357712
0.502004	0.358921
0.502035	0.360327
0.501817	0.361593
0.501657	0.362581
0.501784	0.363541
0.502027	0.364767
0.502055	0.366188
0.501835	0.367465
0.501677	0.368463
0.501807	0.369437
0.502051	0.370679
0.502076	0.372115
0.501853	0.373403
0.501697	0.374411
0.501831	0.375399
0.502076	0.376659
0.502098	0.37811
0.501872	0.379409
0.501718	0.380428
0.501856	0.38143
0.502101	0.382708
0.50212	0.384175
0.501892	0.385486
0.501739	0.386516
0.501881	0.387533
0.502127	0.388829
0.502142	0.390312
0.501912	0.391635
0.501761	0.392676
0.501907	0.393709
0.502153	0.395023
0.502166	0.396523
0.501933	0.397858
0.501784	0.398911
0.501933	0.39996
0.502181	0.401293
0.502189	0.40281
0.501954	0.404157
0.501807	0.405222
0.501961	0.406288
0.502208	0.407641
0.502214	0.409175
0.501976	0.410535
0.501832	0.411613
0.501989	0.412695
0.502237	0.414068
0.502239	0.41562
0.501999	0.416994
0.501857	0.418085
0.502018	0.419184
0.502267	0.420578
0.502265	0.422148
0.502022	0.423536
0.501882	0.42464
0.502047	0.425757
0.502297	0.427172
0.502292	0.428761
0.502047	0.430163
0.501909	0.431282
0.502078	0.432417
0.502328	0.433853
0.50232	0.435461
0.502072	0.436879
0.501936	0.438011
0.502109	0.439166
0.50236	0.440624
0.502348	0.442252
0.502098	0.443685
0.501964	0.444832
0.502141	0.446006
0.502392	0.447487
0.502377	0.449135
0.502124	0.450584
0.501993	0.451747
0.502174	0.452941
0.502426	0.454445
0.502407	0.456114
0.502152	0.457579
0.502023	0.458758
0.502208	0.459973
0.50246	0.461501
0.502438	0.463191
0.50218	0.464673
0.502054	0.465868
0.502244	0.467105
0.502496	0.468657
0.50247	0.47037
0.50221	0.471868
0.502086	0.473081
0.50228	0.474339
0.502532	0.475917
0.502502	0.477652
0.50224	0.479169
0.502119	0.4804
0.502317	0.48168
0.50257	0.483284
0.502536	0.485042
0.502271	0.486577
0.502152	0.487827
0.502355	0.489131
0.502609	0.490761
0.502571	0.492543
0.502304	0.494097
0.502187	0.495366
0.502395	0.496694
0.502648	0.498351
0.502607	0.500158
0.502337	0.501732
0.502224	0.50302
0.502435	0.504373
0.502689	0.506059
0.502644	0.507891
0.502371	0.509485
0.502261	0.510794
0.502477	0.512172
0.502731	0.513887
0.502682	0.515745
0.502407	0.51736
0.502299	0.51869
0.50252	0.520095
0.502775	0.521839
0.502721	0.523724
0.502444	0.525361
0.502339	0.526713
0.502564	0.528145
0.502819	0.52992
0.502761	0.531832
0.502482	0.533492
0.50238	0.534867
0.50261	0.536327
0.502865	0.538133
0.502803	0.540074
0.502522	0.541757
0.502423	0.543155
0.502657	0.544645
0.502913	0.546484
0.502846	0.548453
0.502562	0.55016
0.502467	0.551583
0.502706	0.553103
0.502961	0.554975
0.502891	0.556975
0.502605	0.558707
0.502512	0.560155
0.502756	0.561706
0.503012	0.563612
0.502937	0.565643
0.502648	0.567401
0.502559	0.568876
0.502808	0.570458
0.503064	0.5724
0.502985	0.574463
0.502694	0.576248
0.502608	0.57775
0.502862	0.579365
0.503118	0.581343
0.503034	0.583439
0.50274	0.585252
0.502658	0.586782
0.502917	0.588432
0.503173	0.590448
0.503085	0.592578
0.502789	0.59442
0.50271	0.595979
0.502974	0.597664
0.50323	0.599719
0.503138	0.601884
0.502839	0.603756
0.502764	0.605346
0.503033	0.607067
0.503289	0.609162
0.503192	0.611364
0.502891	0.613266
0.50282	0.614888
0.503094	0.616648
0.50335	0.618783
0.503249	0.621023
0.502946	0.622958
0.502878	0.624612
0.503158	0.626411
0.503413	0.628589
0.503307	0.630867
0.503002	0.632836
0.502938	0.634524
0.503223	0.636363
0.503479	0.638586
0.503367	0.640904
0.50306	0.642907
0.503	0.644631
0.503291	0.646512
0.503546	0.648781
0.50343	0.65114
0.50312	0.653179
0.503065	0.65494
0.503361	0.656865
0.503616	0.65918
0.503495	0.661583
0.503183	0.663659
0.503132	0.665459
0.503433	0.667428
0.503689	0.669792
0.503563	0.67224
0.503248	0.674355
0.503201	0.676194
0.503508	0.67821
0.503764	0.680625
0.503633	0.683118
0.503316	0.685274
0.503273	0.687154
0.503586	0.689219
0.503842	0.691686
0.503705	0.694227
0.503386	0.696425
0.503348	0.698348
0.503667	0.700463
0.503922	0.702984
0.503781	0.705575
0.503459	0.707816
0.503426	0.709785
0.503751	0.711952
0.504006	0.714528
0.503859	0.717171
0.503535	0.719458
0.503507	0.721473
0.503838	0.723695
0.504093	0.726329
0.50394	0.729025
0.503614	0.731359
0.503591	0.733423
0.503928	0.735701
0.504183	0.738395
0.504025	0.741147
0.503697	0.74353
0.503678	0.745645
0.504022	0.747981
0.504276	0.750738
0.504113	0.753548
0.503783	0.755982
0.503769	0.75815
0.504119	0.760547
0.504374	0.763369
0.504205	0.766238
0.503872	0.768726
0.503864	0.770949
0.504221	0.77341
0.504475	0.776299
0.5043	0.77923
0.503965	0.781774
0.503963	0.784055
0.504326	0.786581
0.50458	0.78954
0.5044	0.792537
0.504063	0.795139
0.504066	0.79748
0.504436	0.800075
0.50469	0.803106
0.504503	0.80617
0.504164	0.808834
0.504173	0.811238
0.50455	0.813904
0.504804	0.817011
0.504611	0.820145
0.50427	0.822872
0.504285	0.825342
0.50467	0.828082
0.504923	0.831268
0.504724	0.834476
0.504381	0.83727
0.504402	0.839808
0.504794	0.842626
0.505047	0.845894
0.504842	0.849178
0.504497	0.852042
0.504524	0.854652
0.504924	0.857551
0.505176	0.860905
0.504965	0.864269
0.504618	0.867205
0.504652	0.86989
0.505059	0.872874
0.505311	0.876317
0.505094	0.879764
0.504744	0.882777
0.504786	0.885541
0.505201	0.888613
0.505452	0.892149
0.505229	0.895684
0.504877	0.898776
0.504925	0.901622
0.505348	0.904787
0.5056	0.90842
0.50537	0.912046
0.505016	0.915222
0.505072	0.918155
0.505503	0.921417
0.505755	0.925152
0.505518	0.928873
0.505162	0.932137
0.505225	0.935161
0.505665	0.938524
0.505916	0.942365
0.505673	0.946186
0.505315	0.949542
0.505386	0.952662
0.505835	0.956131
0.506086	0.960083
0.505835	0.964008
0.505476	0.967462
0.505555	0.970681
0.506013	0.974262
0.506263	0.97833
0.506006	0.982366
0.505645	0.985921
0.505732	0.989246
0.506199	0.992943
0.50645	0.997134
0.506185	1.00128
0.505822	1.00495
0.505918	1.00838
0.506395	1.0122
0.506645	1.01652
0.506374	1.02079
0.506009	1.02457
0.506114	1.02812
0.506601	1.03207
0.506851	1.03652
0.506572	1.04092
0.506206	1.04482
0.50632	1.04849
0.506817	1.05258
0.507068	1.05717
0.506781	1.0617
0.506413	1.06573
0.506537	1.06953
0.507045	1.07376
0.507295	1.0785
0.507001	1.08317
0.506632	1.08733
0.506766	1.09127
0.507285	1.09565
0.507536	1.10055
0.507234	1.10537
0.506864	1.10966
0.507008	1.11375
0.507539	1.11829
0.507789	1.12335
0.507479	1.12833
0.507108	1.13277
0.507264	1.13701
0.507806	1.14171
0.508057	1.14695
0.507739	1.1521
0.507367	1.1567
0.507534	1.1611
0.508089	1.16598
0.508339	1.1714
0.508014	1.17672
0.50764	1.18149
0.507819	1.18606
0.508387	1.19113
0.508639	1.19674
0.508305	1.20225
0.507931	1.20719
0.508122	1.21195
0.508704	1.21721
0.508956	1.22303
0.508614	1.22874
0.508239	1.23387
0.508444	1.23882
0.509039	1.24429
0.509292	1.25033
0.508942	1.25624
0.508566	1.26157
0.508785	1.26672
0.509395	1.27242
0.509649	1.27869
0.50929	1.28483
0.508915	1.29037
0.509148	1.29574
0.509774	1.30167
0.510029	1.30819
0.509661	1.31456
0.509286	1.32033
0.509535	1.32593
0.510177	1.33212
0.510433	1.33889
0.510057	1.34552
0.509682	1.35152
0.509947	1.35738
0.510606	1.36383
0.510864	1.37089
0.510479	1.37778
0.510105	1.38404
0.510387	1.39016
0.511064	1.39691
0.511324	1.40425
0.51093	1.41143
0.510557	1.41797
0.510857	1.42438
0.511553	1.43142
0.511815	1.43909
0.511413	1.44657
0.511042	1.45341
0.511361	1.46012
0.512077	1.46749
0.512342	1.4755
0.511931	1.48331
0.511561	1.49046
0.511901	1.4975
0.512638	1.50523
0.512907	1.51359
0.512487	1.52176
0.51212	1.52925
0.512481	1.53664
0.513241	1.54474
0.513513	1.5535
0.513085	1.56204
0.512721	1.5699
0.513105	1.57767
0.513889	1.58618
0.514166	1.59535
0.51373	1.6043
0.513369	1.61256
0.513778	1.62073
0.514588	1.62968
0.51487	1.6393
0.514426	1.64869
0.51407	1.65738
0.514505	1.66599
0.515343	1.67541
0.515631	1.68552
0.515178	1.69539
0.514828	1.70454
0.515292	1.71363
0.516159	1.72355
0.516454	1.73419
0.515994	1.74457
0.515651	1.75422
0.516146	1.76384
0.517044	1.77431
0.517348	1.78552
0.516881	1.79646
0.516545	1.80666
0.517073	1.81684
0.518006	1.82792
0.518319	1.83974
0.517846	1.85129
0.517519	1.86209
0.518084	1.87288
0.519054	1.88461
0.519379	1.89711
0.5189	1.90932
0.518584	1.92077
0.519188	1.93223
0.520199	1.94468
0.520537	1.95792
0.520053	1.97086
0.51975	1.98302
0.520397	1.99522
0.521452	2.00845
0.521806	2.02249
0.521318	2.03622
0.521031	2.04917
0.521725	2.06218
0.522829	2.07626
0.523201	2.09119
0.522712	2.1058
0.522442	2.11961
0.523188	2.13352
0.524346	2.14855
0.524739	2.16445
0.52425	2.18003
0.524002	2.19479
0.524805	2.20968
0.526023	2.22575
0.52644	2.24274
0.525954	2.25938
0.525732	2.27521
0.526599	2.29119
0.527883	2.30842
0.528329	2.3266
0.527849	2.34443
0.527657	2.36144
0.528596	2.37864
0.529953	2.39716
0.530435	2.41667
0.529964	2.43582
0.529808	2.45415
0.530827	2.47271
0.532268	2.49267
0.53279	2.51366
0.532334	2.53431
0.532221	2.55411
0.533331	2.5742
0.534866	2.59577
0.535439	2.61844
0.535003	2.64075
0.534941	2.66222
0.536155	2.68404
0.537798	2.70743
0.538429	2.73198
0.538022	2.75617
0.538023	2.77953
0.539355	2.8033
0.541121	2.82876
0.541824	2.85544
0.541456	2.88178
0.541532	2.90729
0.543002	2.93329
0.54491	2.96109
0.5457	2.99021
0.545383	3.019
0.545551	3.04698
0.547181	3.07552
0.549256	3.10602
0.550153	3.13793
0.549904	3.16954
0.550184	3.20035
0.552002	3.23184
0.554274	3.26545
0.555302	3.30058
0.555142	3.33545
0.555563	3.36955
0.557605	3.40446
0.56011	3.44168
0.561302	3.48056
0.56126	3.51923
0.561856	3.55719
0.564166	3.59611
0.566954	3.63755
0.56835	3.68083
0.568465	3.72397
0.569281	3.76648
0.571919	3.81012
0.57505	3.85656
0.576706	3.90505
0.577029	3.9535
0.578127	4.00141
0.581169	4.05069
0.584726	4.10309
0.586717	4.15781
0.587318	4.21262
0.588781	4.26704
0.592329	4.32313
0.596421	4.38273
0.598849	4.44497
0.599827	4.50751
0.601769	4.56986
0.605963	4.63424
0.61074	4.70263
0.613747	4.77411
0.615243	4.84615
0.617826	4.91828
0.62286	4.99293
0.628533	5.07224
0.632323	5.15518
0.63454	5.23909
0.637997	5.3235
0.64415	5.41107
0.651021	5.50414
0.655894	5.6016
0.659137	5.70059
0.663817	5.80069
0.6715	5.90483
0.68002	6.01558
0.686429	6.13179
0.691167	6.25036
0.697604	6.37093
0.707447	6.49679
0.718308	6.63083
0.726968	6.77182
0.733951	6.91646
0.743003	7.06444
0.756009	7.21956
0.770327	7.3851
0.782413	7.55983
0.792898	7.74021
0.806003	7.92609
0.823859	8.12191
0.843528	8.33156
0.861079	8.55387
0.877292	8.78512
0.897015	9.02545
0.922736	9.28026
0.951196	9.55436
0.978001	9.84686
1.00417	10.154
1.03544	10.4765
1.07488	10.8214
1.11892	11.195
1.16268	11.5972
1.20763	12.0248
1.26092	12.4798
1.32669	12.972
1.40132	13.511
1.47963	14.0988
1.56423	14.7341
1.66496	15.4227
1.78855	16.1804
1.9326	17.024
2.09311	17.9627
2.27654	19.0026
2.50005	20.1606
2.77909	21.4699
3.11986	22.97
3.52965	24.6961
4.03527	26.6869
4.68841	29.0068
