-0.920255
-1.41719
0.157952
0.955139
-0.387277
0.3638
0.339194
-2.10562
0.934876
-0.436952
-0.288405
0.702313
0.657446
0.228128
1.04323
-2.5423
-0.0158
-0.0606797
-0.820456
-0.335309
2.45026
0.477452
0.0517038
0.034107
-0.386157
1.01627
-0.220664
1.3158
-0.420134
1.07184
-0.1721
0.45943
1.73743
0.0761723
-0.578573
-0.283653
0.766023
0.386444
0.075559
0.53
0.250566
-0.175766
0.649419
0.474661
1.09364
-1.04544
0.0862405
1.8904
-0.361128
0.0873909
1.81495
-1.73543
-1.23876
0.365447
-1.27108
1.28942
0.893559
-0.712956
-0.536901
0.393718
0.897489
-1.74206
-0.852629
-0.843592
1.79033
2.45381
-0.0286894
-1.26482
-0.735516
-0.582033
0.709899
2.51458
0.316615
-0.785086
-1.19893
0.234382
-1.10622
0.069571
-0.419109
-1.67891
-1.08075
0.541625
0.172305
0.625449
-0.644992
-0.204957
-0.241298
0.484226
1.92668
2.11977
2.27746
0.650311
1.18101
-0.18264
0.327789
0.962271
-2.02133
-0.571498
-0.00503525
1.29365
2.10469
-0.308469
-0.0469173
0.216321
-1.23398
2.81965
-0.512168
-0.627275
-0.940417
0.808539
-1.21093
-1.54201
-0.540313
1.75392
1.17589
0.197513
0.856374
-1.26918
-0.595997
0.678363
0.800271
1.02999
-0.349952
-0.164105
-1.88411
-0.552723
0.416745
-0.593574
-1.0125
0.995318
-0.645985
0.118973
0.648471
-0.456886
-1.36176
1.50079
1.33168
-1.46755
-0.635648
-1.2168
0.317219
0.580214
0.886757
1.7658
1.59265
0.349975
0.762672
1.73078
0.831991
-0.0877703
-0.508553
1.52891
0.167878
-2.07189
1.37726
-1.0807
1.28496
0.112519
1.2447
0.0711836
-0.376777
-0.248182
-0.0691015
-1.01228
1.3562
-0.36074
-0.769244
-0.912489
0.756881
-2.06211
-1.22219
-0.325182
0.0179211
-1.92508
1.11541
-0.918859
0.050037
-0.595653
-2.20028
-0.670192
1.15745
-1.06258
-1.19883
-0.101264
-1.68959
-0.400915
-0.281398
-0.276127
-1.85924
-0.385171
1.4748
1.13637
0.341091
-0.653249
0.90535
1.80249
0.732496
0.530595
-0.383107
-0.00775897
-0.19961
-1.21958
-0.210131
0.0219841
0.125896
0.343537
-0.329257
0.621178
-0.221563
0.0906872
0.0855074
1.3153
-0.528043
-0.799071
1.95234
-0.3363
-0.454228
1.53975
-0.549368
1.40826
-0.450108
0.253576
1.69391
1.1861
-0.460181
-0.456307
0.670607
0.359505
0.495882
-0.528579
-0.187789
-0.481193
0.196968
1.26576
-0.855201
-0.559268
1.14039
-1.88364
0.354788
-1.67004
0.150928
-0.117137
0.27948
0.541108
0.373911
-0.542577
0.583162
1.44361
-0.812232
-0.786014
-0.381497
-1.91398
0.729889
0.357006
0.0119339
-1.29808
0.0441795
-0.934433
-0.369283
-0.816002
1.49396
-0.432385
-1.03509
0.584259
1.32568
1.80482
1.47161
0.402346
-0.367241
-0.424147
0.143618
0.25189
0.208769
0.140345
-0.406944
-0.0569912
-0.435177
-0.328224
-1.30912
-0.987445
-2.21682
-0.0564971
0.168736
0.330892
2.11133
-0.528638
-0.0735082
-0.280358
0.882354
-0.721655
1.62158
0.619529
-0.172943
-0.728958
-0.435727
-0.196402
0.678214
-0.00589184
0.0129396
0.902398
1.15412
1.43911
0.0628111
1.94863
-0.860103
0.591615
0.442605
1.73581
-0.533186
0.549911
-0.448739
1.45936
-0.323718
-0.372754
-0.926184
-0.327017
0.576391
-0.411171
0.922493
-0.293635
-0.189407
0.0348584
-1.94079
0.519427
0.0243812
-0.220702
-1.55892
-1.23974
0.856301
0.420558
1.03746
0.344011
0.67791
0.32582
1.19839
0.748412
1.03498
-1.64246
-0.833069
0.307823
-1.1344
1.98598
-0.985264
-0.704749
0.503017
0.0411821
-0.934032
-0.316891
1.31343
-1.77281
0.43251
-1.43413
-0.812662
-0.284575
1.19174
-0.267611
0.704471
-1.564
-2.60294
0.281096
-1.10156
1.40182
-0.103719
0.484086
-0.764378
0.497659
0.0264506
0.532178
1.03726
0.685891
1.54975
0.695898
-0.245667
-1.09396
-0.259133
-0.649506
0.374852
0.653329
0.295652
0.141135
-2.82283
-1.50968
0.667845
1.80546
-0.40409
-0.870973
1.15779
0.666893
-1.02843
-0.437318
-0.805314
-0.322274
0.168891
-0.815395
-0.0330707
-0.734014
-0.38634
-0.585232
-0.171348
0.363641
-0.568293
-0.298162
-0.921981
-0.649805
-1.56657
-0.135169
0.921043
-0.0366748
-0.0138374
1.01054
1.47255
1.11514
-1.02273
0.35094
0.682876
0.602991
0.181354
-0.267532
0.0463064
1.49818
1.72972
0.69923
1.05894
-1.13603
-0.614751
0.658273
-0.696064
-0.534062
-0.606658
-0.0957681
-0.86402
0.059276
-0.754708
1.96483
-0.651119
1.76872
-0.217435
2.32591
0.515718
0.273632
0.5048
-0.545306
-2.14363
-2.24589
0.38168
0.207101
-1.38775
0.942404
0.660112
-0.0862291
0.670455
0.218426
0.25735
-0.641057
-1.13689
0.31541
-1.66437
0.497594
1.04636
1.78951
-1.17683
1.35321
0.0688941
-0.0344841
0.494886
-0.643713
1.08073
1.15147
-0.0483075
-0.423747
-0.821713
0.048139
0.0783271
0.896511
-0.586947
2.3175
-1.31016
-0.340806
2.07688
0.809147
-0.508892
2.35788
-0.95739
-0.0606369
-0.776262
0.533329
0.946844
2.48402
0.0918864
0.416424
-0.394799
0.574756
0.682723
-0.597651
1.46717
0.00165136
0.564606
-0.49446
0.183945
0.0502858
0.903358
1.58943
-0.676951
-0.224001
-0.0975762
-0.0614384
1.30154
0.165563
-0.221458
-0.699128
0.771134
0.663727
0.259739
-0.538756
-0.376888
-0.586381
-1.14923
-1.82259
1.74474
-0.605786
-0.505784
-0.127045
0.530749
0.414904
-1.27484
0.259878
-0.531957
1.03664
1.44269
-0.790701
-0.0842268
2.25169
-0.743304
-1.48704
-0.75611
-0.958164
-0.677974
-1.58335
-1.12085
0.0125923
-0.426845
0.665801
-0.332578
0.659268
-0.040302
0.383368
1.06011
-0.943728
1.78745
-1.50598
-1.24615
1.44116
-1.18649
-0.242829
2.25368
0.0384419
0.679881
-0.368852
0.375704
-0.796283
-0.781492
0.792714
1.20956
-0.828568
-0.485634
0.871043
0.733287
0.809972
-1.56629
0.856101
-0.734464
-0.975114
0.978202
-0.349551
1.18664
-1.06769
-0.924617
0.751
-0.0926518
-0.199907
-1.98534
0.996347
0.783955
-1.07515
1.67796
-0.573203
-0.00799453
1.20667
1.55973
0.367723
0.641362
-0.318033
-1.65429
-0.374703
-2.13551
-0.719642
-0.760772
1.18905
1.75527
-0.724355
-0.103275
1.29285
-1.51391
-0.199101
-0.0990346
0.658832
-0.19435
-0.00609819
-0.828438
0.69333
-1.55383
-0.612889
1.16114
-1.07985
-0.176089
-0.364675
0.103563
-1.4002
0.977115
0.97059
-0.231703
0.815259
-0.156252
-0.00823349
0.214223
0.985027
0.236464
0.713659
0.808898
-0.286416
-0.757486
0.710312
-1.8874
-0.000313423
1.84552
-1.87982
-0.98936
-0.831263
0.804465
-0.021309
1.09343
0.152024
0.162084
0.346462
0.446086
-1.37063
0.0511478
-0.388626
2.78566
1.30722
-0.446269
0.190434
0.568087
0.690724
1.66088
1.4994
1.25602
-0.380451
0.691745
-0.104755
-0.081797
-1.38908
-0.224857
0.0754865
0.423298
-0.230207
-0.713865
0.0186344
0.677205
0.130605
-0.123825
0.82451
-1.35896
0.756677
-0.240569
-0.389608
-0.957848
0.0557177
0.437505
-0.572491
1.06317
-0.830761
0.427818
-0.735312
1.76841
1.36744
-0.494937
0.156876
-0.567798
0.857229
0.510253
0.143152
-1.76279
0.047137
-0.234136
-1.75048
-0.30128
-0.674651
-1.00221
-0.651383
1.1491
1.41345
0.20238
0.667175
0.492979
0.401349
-0.526564
1.87092
-1.40919
-1.81568
0.323003
0.0734891
0.381413
-2.28138
-0.805487
-1.67847
-0.738212
-0.549346
0.331443
1.95101
0.82255
1.02029
1.02552
-0.0759019
0.264766
-0.735879
-0.918137
1.77883
1.21646
-0.557568
-1.88988
0.67584
0.817627
0.586272
-0.117778
-0.453476
1.52251
0.841552
-2.05999
-1.77024
-1.52774
0.510209
1.01862
0.0784873
0.633416
0.90337
0.51873
-0.522072
-0.512828
-0.938986
-1.31615
0.138854
-0.0749402
-1.11154
-0.448647
0.9236
-0.263656
0.788214
-0.591616
0.0500234
-1.30174
0.730106
0.588239
-0.517542
-0.623528
-1.76791
-3.50219
-1.28966
0.0766651
0.449207
1.0563
-2.71756
0.0608074
-0.810342
-0.622255
-0.344088
1.02318
0.52691
1.80268
0.558179
-0.87666
-0.460514
-0.382914
0.849144
0.222768
-0.530066
1.30944
0.78407
0.69159
-2.06624
0.52481
0.535043
-0.0142748
-0.466518
1.14782
1.48154
0.34926
0.668937
-0.81182
1.71635
-0.137751
-1.27491
0.698502
0.791555
-0.142931
-1.09571
-0.516028
1.16854
0.274304
2.68111
1.30031
-0.722339
1.13984
-0.391468
-0.963364
-0.605608
-1.53336
0.177337
-0.204749
-0.779366
-0.999794
-0.747609
1.10844
-0.933735
-0.0110509
-1.45101
0.934935
-0.483956
-1.05437
0.414507
0.0410174
1.31204
-0.369791
0.672754
1.11445
-0.480016
-0.803428
-0.804273
-0.209617
0.179576
0.968215
-0.670302
0.107684
1.73575
1.27683
-0.830451
0.0193995
2.01791
-0.390393
-1.06751
-0.541511
1.7895
0.934632
1.01113
0.517165
-2.59919
0.378856
1.00465
-1.19947
1.42897
-0.383525
0.579657
-0.370963
0.0583906
-0.303951
-0.0139123
1.00752
-0.0777971
-0.568396
-0.116108
1.10009
-1.01735
-0.0885453
-0.0554205
1.35632
2.27908
1.23495
0.270236
0.821841
0.302065
-0.0407263
-1.62043
1.4193
0.27931
-0.366734
-1.16134
0.403757
-0.674837
0.882743
1.19478
-0.405377
1.2935
1.35686
1.10118
0.249947
-0.940154
1.26405
0.405146
0.594227
0.00190928
-2.66575
1.3093
-0.87312
0.339452
1.1564
0.596377
1.021
-0.0227576
0.602123
0.538818
-0.612432
-0.434368
1.3165
0.790078
-0.930348
-0.605345
-1.26798
-0.397091
-0.045392
-2.47486
-0.683491
0.534945
-1.27407
-0.330596
0.641622
-0.399642
1.32461
-2.11968
-0.502505
0.65208
-1.20504
0.881701
-0.16742
0.996312
-2.09638
-2.63224
-0.259384
0.597097
0.322717
0.419272
0.491619
0.0149347
-0.864496
0.835105
-1.08673
-1.09148
0.0165444
-0.289143
0.709389
0.501217
0.169724
0.496142
0.0913578
-1.1273
0.0937675
-0.137381
1.48052
2.4771
-0.0626867
0.115103
-0.765193
2.41521
-2.5951
1.32319
-0.00472005
-0.742646
-1.85261
0.579639
0.939299
-0.373868
-2.00271
0.692744
-0.19652
-1.04595
0.395489
0.243057
-0.672126
-0.395172
1.77522
0.508931
0.815955
0.343283
1.26791
-0.151862
-1.96805
-0.778311
0.287249
0.0956005
0.664464
0.983937
-0.130048
-0.0914333
-0.394578
1.48398
0.33494
-2.13632
1.56441
-0.00543802
0.363813
-0.286316
-0.0039848
-0.358554
-0.73794
0.5565
-0.29625
0.0127729
0.182031
-1.97581
-0.160527
0.954578
0.0918515
-0.0581791
-0.111914
0.0342345
0.12481
0.653655
-0.287079
0.448154
-0.804036
1.38965
0.18753
0.397481
1.32747
-0.0129801
-0.463789
0.958761
0.0915205
0.279862
1.55362
0.699999
-1.11678
0.38326
-0.94773
-2.06663
0.780676
0.777885
0.266987
-0.0788568
1.47165
1.02742
1.14819
2.13231
0.587926
-0.63163
0.286921
-1.73986
-0.981566
0.309863
-0.505045
-1.40518
0.0738611
1.31721
-0.855726
-0.957323
-0.279791
-0.819135
-0.371762
0.507899
0.459629
0.821791
0.815487
0.242541
-1.47211
-0.0764846
-1.87499
-0.221422
-1.18741
-0.294491
0.30569
1.1333
-0.0431755
-0.871615
-0.529696
1.2035
0.0668845
1.30073
0.457353
-0.591742
-0.879708
1.07362
1.83244
-0.343551
-1.60977
-1.34276
-1.57345
-0.979645
-1.48151
-1.39728
2.01134
-1.23687
1.23167
-1.48977
-0.438238
-0.0066223
0.388721
-0.923354
-1.70543
-0.263978
1.34496
0.289839
-0.447987
-1.57017
0.978171
1.01119
1.04452
-0.31194
0.502374
-0.378536
-0.417202
-1.79883
-1.10721
0.406412
0.613297
-0.473158
-0.363201
-1.53225
0.2188
-0.893568
0.812115
-0.255643
0.846066
-1.29848
1.14121
-0.0572987
1.15213
0.123677
0.260448
-1.91348
0.120302
0.14229
1.33103
-0.953703
1.58473
-0.0862558
0.249789
0.412659
0.259161
-0.36086
-0.0529913
0.367231
0.175145
0.605887
0.82268
0.0499355
-1.22805
0.130318
0.245455
0.190385
-1.36854
-0.872634
1.60443
1.21969
0.466465
-0.911664
-1.06944
0.539583
0.818281
-0.948599
-0.241388
0.591746
1.86343
0.258777
0.128349
0.616961
0.61202
0.288874
0.0695711
-1.31623
2.68552
0.347353
-0.890327
0.739855
0.555345
-0.331974
0.245341
0.993223
0.851054
0.139443
2.69036
0.46179
2.5093
2.61533
0.515149
-0.463021
0.812458
1.09915
0.551406
2.8598
-0.132191
0.789075
0.110655
0.299703
-1.1392
0.273353
-0.515905
2.10298
0.253435
0.743831
0.121312
-0.0454675
1.65886
-0.654302
1.12182
-0.548027
0.974626
0.506624
2.72832
0.378438
0.489753
-0.407501
-0.485463
-1.04691
-1.02391
0.106644
-2.45728
0.409839
-0.446446
-2.65124
-0.441999
1.98801
0.645254
0.129206
1.10697
-0.474149
0.889198
-0.282817
1.56221
0.670986
-0.737177
-0.486035
0.257416
0.1118
0.655459
-0.546341
0.469296
2.09404
-1.77292
-0.389794
0.454738
-0.156595
1.24586
-0.694086
-1.27641
-0.428716
-1.09706
1.75682
-0.355389
0.808418
1.58984
1.4546
-0.0644679
0.767019
1.08692
0.433517
-0.430326
0.32123
0.470838
2.23525
-0.146217
-1.05286
0.577765
0.134486
1.45447
0.0645967
1.16192
0.470818
0.961925
-0.145639
-0.442139
0.190821
-0.147203
-0.434483
0.265043
1.78502
-0.922447
-0.0632131
0.459863
-2.20629
0.760682
1.04701
-1.6239
-0.799243
0.560261
1.47572
1.26011
-0.0108649
-0.491784
-0.045868
0.477311
-1.41673
-0.57263
-0.051323
1.63974
0.416927
-0.16759
-0.0110758
1.08765
-1.77794
-0.316321
1.02227
-0.039541
0.656627
-0.801528
-0.047575
-0.681606
0.328422
-0.00475696
1.67316
1.31044
-0.649296
0.229169
-1.43571
-0.995169
2.62987
-0.89418
-0.503169
-0.0962203
-1.35432
-0.244355
1.20003
0.840116
-0.267174
1.68456
-1.76928
-0.897827
1.4488
2.62942
0.809065
-0.777301
-0.318127
-1.54397
-1.50637
-1.14184
0.0674266
0.806482
1.99983
0.622949
-1.05273
-1.60903
-0.0637287
-0.479293
0.387203
-0.921573
-0.99434
2.11855
1.30486
-0.0982865
-0.34341
-2.30107
-0.749576
-1.0739
-0.236042
1.50197
-1.45348
-0.688497
-1.49027
0.675634
-1.06582
0.0862539
-3.78407
-0.599593
0.859621
-0.752757
0.675516
-1.6423
2.53917
1.12807
-0.976125
-1.22589
0.740674
-0.313533
0.119298
0.50449
-0.240052
-0.0820992
0.25167
1.21231
0.421575
-1.36182
-0.280744
-0.0936069
0.773765
-1.19809
-0.888608
-0.853556
-1.7001
-0.794064
-1.02567
-0.997936
-0.346642
-1.45108
-0.369555
-0.154365
-0.578632
-0.941712
0.251086
0.82012
-0.404139
-0.782709
0.00623933
-0.567483
0.6632
0.0613002
-0.354643
-0.345656
-0.0794165
-0.385046
-0.84679
0.112555
-2.52994
0.321743
-0.274122
1.53162
0.347113
0.494603
-1.18143
-0.195558
1.52529
1.86996
0.244124
0.390821
-0.53646
-1.66047
-0.57823
0.933275
-1.08315
1.61961
-0.608337
-0.364758
0.380192
1.24637
1.07078
-1.84737
-2.13394
-0.89043
0.850559
0.31676
-1.02096
1.51111
-1.00864
1.03842
0.357304
1.26802
-0.544923
0.218477
-0.140728
0.284092
1.20112
1.61237
-1.61778
1.00969
0.164223
0.942257
0.166035
-0.984285
0.402747
1.645
1.72707
-0.65858
0.404718
-0.140346
-0.587681
1.34231
-1.15926
-0.602688
-0.179978
0.46655
-1.53271
-0.0469934
3.15731
-0.635244
-0.441484
-0.750857
-0.319919
0.616617
1.20566
-2.23905
1.0216
0.393549
0.704772
-1.81332
0.557626
-0.100763
-0.152045
2.47762
0.751422
-0.449446
0.84597
-0.25431
-1.91713
-0.500948
-0.668329
-0.279588
0.823165
-0.628718
-0.984896
0.0329181
-1.62087
-0.348945
0.775174
1.26697
-1.01455
-0.0626867
0.311105
1.92823
0.321843
0.00461991
0.19515
1.12823
0.1806
0.585269
-0.000604678
1.24214
-1.11825
-0.524447
1.59747
0.739906
1.042
0.235201
-0.457532
0.519453
-0.311947
0.279777
0.0464375
0.444591
0.938881
0.575785
0.0519112
-1.28307
0.870014
0.254334
-2.34005
-0.111082
0.00632261
-0.234252
-0.426248
0.936696
0.555271
0.337473
0.898976
0.767108
-1.24553
0.900617
-1.01458
-0.473279
0.647905
0.202462
0.403542
1.57335
-1.44427
1.28089
1.11856
-1.44624
1.61294
0.498374
-1.93658
0.93811
1.87979
-1.51422
1.12359
-1.37057
1.10199
-1.15018
-0.742171
0.403079
-0.26009
0.348568
-1.21782
0.116326
-0.533281
-0.136612
-1.86447
-0.533325
0.711579
0.483015
1.43756
1.64631
-0.654098
0.867296
0.604039
-0.160994
0.926912
0.280551
0.629258
0.51478
0.816465
1.22909
-1.69735
-0.474186
-0.444758
-0.291376
-0.118943
0.208699
1.02914
-0.245707
0.755658
-0.300425
-0.558835
-1.03062
0.128563
-2.32654
-0.693894
0.848912
0.593111
1.33145
2.65015
-0.225863
0.447057
1.05569
1.55072
-0.729739
-0.979267
1.28784
1.73555
0.294331
0.220501
-1.50921
0.844418
0.442718
-0.99292
-1.12988
-1.39021
-0.304054
-0.238715
0.0581943
0.994092
1.71965
0.307305
-1.1504
0.821323
0.160527
0.297772
0.992568
-0.182395
0.982732
0.751214
0.112954
1.95047
-0.812874
-1.30263
-1.41854
-0.626594
-0.474947
-0.144918
-1.46699
-0.972173
-0.25236
-0.379785
-0.167474
1.00284
-0.456608
-0.693464
-0.0398646
0.535158
-0.725796
-0.0406088
0.487642
1.80251
2.63688
-1.14274
-0.619206
-0.403418
1.81721
0.196971
-2.55057
-0.0543865
-0.0429444
0.377214
-1.63777
1.09231
-0.667921
-0.451329
-0.526436
1.56827
-0.700604
-0.229946
0.0243623
-0.600061
-0.283927
-0.565495
-0.448723
0.0781921
0.29251
-0.838839
-1.01594
1.11148
-0.116737
0.26139
1.34297
0.650098
-0.989935
0.90191
0.842304
-0.52886
0.65855
-0.664042
0.649163
1.19388
-0.495608
0.822676
-2.24614
-1.2139
-0.849071
0.435811
0.50766
-0.358443
0.978133
1.45352
1.29444
0.383313
-0.727151
-1.13928
1.25375
-0.911144
0.325334
-1.12632
-0.743293
-1.16421
-1.33617
0.578909
0.0532208
1.67222
0.74615
-0.999066
-0.259643
0.195659
2.65257
0.372931
0.102331
1.14545
0.318774
-0.273552
0.0946421
0.425683
-0.0164088
0.131447
0.83595
-1.35162
2.95755
1.29076
1.34865
-0.51652
0.382201
0.837333
-0.189009
-1.77259
-0.523535
1.09939
-0.180241
0.346373
2.08499
0.355771
-0.736325
-0.150318
1.13125
0.762397
-0.773102
-0.438381
0.131977
-0.300606
-0.269358
1.19037
-0.124898
-0.131738
-0.112834
0.564114
1.1546
-0.529727
-0.172801
2.00492
0.704145
0.884798
-1.1629
1.75044
-0.301774
-1.53872
1.94056
0.129455
-1.94253
-0.412724
-1.60049
0.0849897
0.0687816
-0.498776
-0.302063
-0.527558
0.303882
1.11743
-0.102452
1.33352
0.247623
1.30158
-0.0836911
1.51617
-0.531868
-0.817219
1.06182
-0.956371
-1.12677
-1.79459
-0.470645
-0.875979
2.18791
-0.228101
-0.123905
-0.347548
1.46895
-1.17901
0.502179
0.28614
0.145253
-1.86713
-0.108279
0.747914
-0.472443
-0.206889
0.679985
1.32076
-0.255596
0.67874
-0.271383
-1.5465
0.812338
-0.0545794
-1.13699
-0.171375
0.914065
-0.823435
-1.51873
-0.0157134
0.432805
1.19224
-1.19465
1.05152
-0.562058
-0.0943081
-0.562501
0.703191
0.567747
0.928486
-1.7215
2.03693
0.531037
-0.115462
-1.14798
-0.716824
0.344346
1.49168
-0.73585
-1.74621
-0.1251
1.63873
-0.914071
0.0174308
0.117697
0.163766
0.609711
-1.3157
0.820217
-0.543607
0.0836174
0.107858
-0.849062
1.56709
-0.661207
-0.704041
0.454771
0.336517
-0.218081
-0.308431
1.77247
-0.460479
-0.457877
-0.113272
1.51751
-0.0142998
-0.613164
0.94265
1.68697
0.0895673
0.939043
0.315623
-1.43735
-0.735043
0.210045
-0.252208
-1.33209
-0.34527
-1.9602
1.23707
-1.00873
-0.938864
1.63014
1.07759
-0.00784054
-1.77404
0.733227
-1.86514
-0.595391
-0.505592
0.736405
-0.796019
0.225863
-0.809399
-1.79508
0.186099
0.107026
-0.359958
0.429076
-1.8271
0.467229
-1.08007
-0.0336449
0.1798
-0.661818
0.651043
0.744195
-1.32365
0.239065
-0.904451
-0.261045
0.484098
2.28692
1.18586
-0.539498
1.50272
2.77121
-0.432491
1.26068
-0.585098
-2.4512
-1.13598
-3.01155
0.224441
0.0671014
0.247197
-0.581367
-0.451975
0.660359
1.33366
-0.178281
0.247855
0.0503284
0.077744
-1.13257
-0.336118
1.21446
-1.14177
-0.755482
-2.01958
1.65642
1.30924
0.0824212
1.28945
0.587733
0.561255
0.338559
1.38872
1.33592
0.584083
-0.610475
0.638656
1.10743
-0.174329
0.103468
1.52171
-0.716301
0.646307
0.0934084
-0.4385
1.60059
1.57795
-0.322064
-2.26499
1.50791
-0.133644
-0.121449
-1.02817
-0.69936
-0.315878
-1.8339
0.349799
-1.70579
0.928014
0.246394
-0.47083
-2.11657
0.185024
0.489657
1.67978
1.05461
-0.509123
-0.266977
0.425252
-1.06243
-0.0860946
-0.717116
0.0727453
-0.210809
-0.441523
0.355686
0.451454
-1.31418
-0.136527
0.865739
-1.36444
1.31844
0.242367
-0.276699
-2.61298
-0.21098
1.44806
-0.102709
0.665897
0.400603
-0.527811
-0.798847
-0.910137
-0.328052
-1.19858
0.701793
-1.79988
-0.289214
-0.661502
-0.650736
-1.18851
0.210826
1.33504
1.87626
0.0331623
-1.32552
0.160422
0.286897
1.10041
-0.426662
0.547766
1.15124
-0.212988
0.908638
-1.37777
0.579995
0.917584
-1.75562
-1.54398
0.494482
-0.727956
-0.0921293
0.89644
1.9103
-1.86405
-0.554648
-0.0157701
-0.508037
-0.443321
0.805217
0.31093
-1.86984
0.839056
-1.30762
-1.53424
-1.01195
-0.371899
-2.02841
-1.0473
-0.273626
0.402141
0.0561267
0.851819
-0.217029
-0.502141
-2.02397
2.61557
2.52962
-0.852526
0.545106
-0.711908
0.212261
-0.602646
-0.482185
-0.103698
1.08361
0.052155
-0.510568
0.0676869
-0.221495
-1.26014
-0.839349
-0.686167
-0.65965
-2.61626
-0.411667
0.918027
-0.637314
-0.86487
0.223617
-1.18177
-1.38786
1.80949
0.284452
0.880874
-0.91431
0.823576
-0.703648
0.259272
0.174225
1.69226
-0.623913
-0.881125
-0.788871
0.5987
2.1256
-0.0459676
-1.39509
1.13686
0.786374
-1.42391
1.17022
0.326523
1.76507
0.964163
0.262653
-1.89478
-0.267351
-0.480928
0.760302
-1.47707
1.14893
0.516643
-1.9763
1.3534
0.0953849
0.622673
0.817681
-0.606119
1.02035
0.482192
-0.860864
-1.00299
-1.2202
1.20369
-0.690737
0.741308
-1.21265
-0.118617
1.23247
0.0776436
0.91565
-0.101225
0.148284
0.368726
-0.345692
0.0942128
1.54747
-1.02338
2.25587
-0.0177931
0.814879
-0.236487
0.779407
0.264818
0.165624
0.859888
-0.842733
1.95879
1.0811
0.594578
0.0355259
-0.90285
-1.17186
-0.198326
0.230283
-1.60463
-0.249421
-0.248906
1.15261
0.351286
-1.24759
-0.179002
-1.21381
1.22556
-2.86212
-1.1471
-0.700894
-0.118118
-0.252501
-0.923558
-1.94124
-1.35271
0.651332
0.502903
0.308299
-0.737013
0.0164134
-0.353596
0.178633
0.499163
0.978467
1.37048
1.70077
1.66055
0.349039
0.112284
-0.172943
0.20431
0.878453
0.355817
-0.51191
0.938769
-0.0744414
0.570055
-0.918727
1.0818
-0.982459
1.7534
-1.20659
-0.270657
-0.513612
1.06546
-0.976857
-2.22783
-1.36861
-0.146147
-0.0842688
-0.341315
0.612451
-0.400787
-1.10616
1.98534
0.578581
0.413075
-1.89864
-0.694056
-0.352437
1.35429
-0.411731
0.634648
0.0142961
-0.238973
1.71611
0.44173
-1.21964
-0.735192
-0.402481
0.866759
0.2227
-0.211663
0.752708
-1.70793
1.21175
0.287463
-0.317052
-1.44169
0.00522308
-0.122942
-0.499974
-0.29203
-0.344141
-1.44934
0.998232
0.669725
-0.292904
-1.27316
-1.63364
0.116747
1.12973
-0.938181
-0.255603
-1.54029
0.371464
0.595987
1.21366
0.226932
-0.640226
-0.272916
-0.541421
-0.388328
0.266834
1.91888
0.855076
-1.57916
1.62771
-0.394555
-1.40994
-1.13249
0.166894
-0.538989
-0.44491
0.599252
-0.290449
-0.0244117
1.52803
0.348933
-0.0913887
-0.181336
-1.26688
-0.366106
-0.759128
0.751119
-1.33603
1.53745
-2.05175
-1.52564
-1.42326
0.119436
1.67226
0.627879
0.998013
-0.333738
-1.17823
-1.2785
1.24563
-0.789628
-0.85892
-0.48841
-0.433574
-0.777126
-1.32834
0.366219
1.06026
-0.668648
-0.280931
-1.2339
-0.394358
-0.401831
-0.239441
-1.64958
0.51815
0.113745
0.239193
0.470708
0.152038
-0.284509
0.391279
-0.227601
-1.73132
0.790336
-1.50666
-2.28618
-0.996474
-0.499243
-0.138979
-0.283849
0.869493
-0.387281
-0.950524
0.225798
-0.527851
0.576844
1.06851
0.215129
-1.83359
0.222036
1.22798
1.50949
0.919446
0.065602
0.775175
-0.046238
0.0406661
0.106304
-0.993716
-0.345692
0.391223
-0.489287
0.584412
0.664804
1.80708
-0.204346
-0.528704
0.896905
0.00994411
-0.392347
-0.844861
0.697095
-0.662813
-1.22781
0.690077
1.13354
1.00433
-1.55432
-0.061397
0.358856
-1.70721
0.765395
-0.745408
-1.01861
0.525776
0.762808
-0.598717
0.754602
-0.19094
-0.366845
0.42492
0.534874
0.019454
-0.883542
-1.50091
0.833076
-0.385537
1.63293
-0.961037
-0.52622
0.845623
-0.922147
-1.08117
1.09403
-1.05426
-0.543644
-0.123579
-1.3448
-1.43819
0.128031
-1.02601
-0.794012
0.642711
-0.118972
1.57667
0.454483
1.0397
-0.00971112
-1.65048
0.311665
0.757947
0.686293
-0.532208
0.385308
0.0894975
-0.350789
-0.276544
0.375818
0.689991
-1.23666
-0.268153
-1.63508
0.576986
-0.314265
0.914303
0.659441
1.52851
0.797039
0.0840366
0.689361
0.671114
-0.223263
0.302916
-0.424432
-1.16042
0.610051
-0.31768
-0.301425
-2.07364
-0.176548
-1.19376
-0.778714
1.8325
1.4339
-0.623246
0.145664
-0.946888
-1.46256
-0.412089
0.87683
0.666899
0.525956
-0.393491
-0.516639
-1.05034
0.472667
-0.769491
-0.1974
-0.589295
-1.86472
1.39284
-0.817998
0.588122
-0.416945
-1.22216
1.45367
0.428724
-1.47399
0.263653
-0.0700039
-0.835536
0.558096
-0.765081
-0.440495
-0.221247
0.363029
-0.466547
-0.996724
-1.28706
0.69921
0.192718
-0.272779
-2.11477
-0.288241
0.198249
-0.935235
1.45588
0.868198
0.479083
0.71316
-0.284974
-0.305704
0.775956
0.395094
0.889334
-0.402919
-0.361593
0.957985
-0.477674
1.47519
-1.14149
3.11568
0.963282
0.0464839
0.330522
1.518
-1.29713
-0.612327
1.04171
-0.741193
-0.469517
-0.760201
-1.56426
0.213664
-0.28272
0.34185
-0.569245
-0.851388
0.591156
1.28734
0.522806
0.119037
1.50688
-1.47386
-1.28347
-0.856761
0.429534
1.52141
-1.33379
-0.692339
-0.271144
1.01016
-0.822149
1.34674
1.95336
0.357436
0.60392
1.32368
-1.24658
1.11803
-0.260104
-1.89176
1.26553
1.56709
-1.16449
1.64808
-1.0776
-1.16581
0.00587934
-0.0325174
1.02968
0.290298
-1.02862
0.265345
-0.825461
1.06991
0.522784
2.10809
0.577515
0.468187
-1.64488
-0.100767
1.11393
-0.74329
1.25813
0.453844
-1.46867
-0.533668
0.155755
0.848456
1.43319
0.138561
0.584869
0.399493
0.954119
-0.116491
0.34525
1.69435
-2.0079
0.534504
0.382896
0.14407
-0.378691
-1.29441
0.20172
0.254062
0.881476
-0.621384
0.713023
0.26038
-0.269333
-1.61704
2.12042
-2.33653
-0.664484
0.1865
0.0516394
0.763157
-0.00649082
-0.712407
0.48015
0.87668
0.827022
1.46942
0.16931
-0.560584
0.743595
-1.03126
-0.60078
-1.24647
0.231472
0.609589
-1.65616
-0.717716
0.634759
-0.300045
-0.681942
-0.216267
-1.201
0.650063
-0.613038
-1.12659
-1.29607
1.5445
0.626017
-1.0026
0.200351
-1.9444
1.92082
-0.405157
-2.89277
-0.116982
-0.030135
-0.542643
0.426364
-0.731074
-0.492804
0.423026
0.152966
0.255599
0.547065
1.58807
-0.232943
-0.562973
-0.451935
-2.04589
-0.000536223
-1.34337
1.38124
-0.216299
0.614234
0.744942
0.37819
0.141142
0.725107
-0.0808518
-2.00074
1.14073
-0.799041
1.20862
0.116611
-0.00393316
-0.433042
-0.908043
0.0118783
-0.596642
0.414319
-0.576587
0.737009
0.204933
-0.26452
0.574863
-0.793868
0.846946
0.269712
-1.56744
0.29829
-0.226992
-0.199157
0.544321
0.926044
-0.477891
-0.51878
-0.353312
-1.25143
1.09336
-1.37691
1.33813
-0.128813
0.11952
-0.174102
1.73021
0.903231
0.978524
1.08056
-2.65471
-0.778819
-0.889021
-0.483858
0.232067
0.0848656
0.0899912
-2.50655
0.296131
0.675317
0.623139
1.39207
-0.512984
-2.62087
-0.465082
-2.3274
0.699702
-2.0795
-1.46244
-0.757432
2.59032
-0.157859
0.292525
-0.42545
-1.73014
1.35738
-0.711737
-0.229543
-0.442888
-0.500052
-0.869337
1.07241
-2.29096
-0.64703
0.140376
1.20848
-1.47481
-1.0476
-0.165331
0.0228606
0.958062
-0.563085
-1.20466
-0.204201
-0.918463
2.56389
1.05282
0.0147474
1.2349
0.62808
2.37643
1.79714
0.528763
0.196898
-0.131423
0.208369
-1.15041
-0.994762
0.0979139
0.937046
-1.72584
0.812317
-1.78096
-1.32524
1.00757
0.967329
-1.5507
0.0482188
0.592788
0.134566
0.876079
0.700577
0.9406
0.151434
1.15417
0.801844
0.263875
-2.00741
-1.35774
-0.303904
-1.10022
0.6652
1.92389
-0.406782
-0.208222
1.39486
1.78859
-0.200985
-1.21945
1.26423
-0.943428
-0.25972
-0.857074
-0.208142
0.43537
-0.23211
-0.0558881
0.108561
1.08123
1.65735
1.25618
-1.98265
0.512279
0.730298
0.153606
0.355166
0.232404
-1.14843
-0.0668453
-1.78539
0.340473
-0.541009
-1.73039
0.0702537
-1.55261
-0.584322
-0.538239
-1.00907
-1.17357
-0.0737962
-1.71455
0.24596
-0.389197
-1.36781
-1.09065
-0.856839
1.10953
-0.138825
-0.879215
-1.06268
0.132436
-0.273255
0.821033
0.731239
1.41332
-0.143727
-1.44106
1.12299
0.708999
-0.731355
-0.0556978
1.45996
-1.07677
0.0644314
-0.216458
0.896566
-0.539435
-1.10693
-0.251386
0.158452
1.18359
-0.932604
-1.05836
-0.346716
-0.258071
-0.286723
0.0656635
1.52055
0.693583
-0.627313
2.03905
0.423836
0.797721
0.2104
1.55752
0.486696
-0.435685
0.611124
0.990032
2.11078
-0.133529
-1.56577
1.22544
-0.216313
0.265462
-0.205961
0.493738
-1.28789
-0.235644
-0.849329
-0.868321
-0.163718
1.17869
-0.870799
-2.53401
-0.668614
-0.688427
-0.151741
-1.4231
-0.385665
-1.75233
-1.37541
-1.84744
1.62349
0.338548
1.11264
1.75743
0.401488
1.289
1.28923
-0.013767
-0.428072
-0.370929
-1.07451
2.11391
-1.10109
-0.647471
0.321325
0.646492
-0.606992
1.14346
-0.676968
0.66566
0.386622
0.0651887
0.626857
-0.12378
-0.448354
0.331863
-2.11994
-0.593457
0.67453
1.38442
-1.33697
-0.208911
0.876375
0.755373
-0.00132425
0.532197
-0.325011
0.672391
0.486791
-0.796327
0.378468
1.15689
1.07393
0.284428
0.100407
0.550143
-2.05285
-0.151647
-1.00562
-2.31614
0.128465
0.654238
0.214509
0.456864
0.62039
0.677901
2.06921
-1.06225
2.32234
-0.868739
-0.388724
-1.08557
-0.539373
1.99528
-0.174999
1.08703
0.97308
-1.11747
-0.536628
0.344072
-1.28659
-0.139866
-0.776492
0.306148
0.317187
0.0587645
-0.953983
1.7637
-1.8594
0.486528
0.138253
-0.519861
-0.164216
-1.04051
1.58307
0.419984
-0.0162385
-0.960842
0.309081
-0.941782
-2.14832
0.976128
1.60192
-1.09543
0.0832274
-0.59392
1.15279
0.887747
-1.32427
-1.61112
-0.127831
0.0239823
-0.21538
-1.50891
0.259418
-1.13224
-0.271723
0.254564
-0.530183
0.0871187
-1.03845
-1.25346
0.412762
1.12983
0.261865
0.729544
-1.18615
-1.38117
-2.24861
-1.26421
0.554937
-0.302988
2.17535
-0.837438
-0.091257
-0.988475
0.0161434
0.802647
-0.226603
-0.526326
0.288978
-0.545176
-0.408604
-1.63521
-0.446756
1.77179
-0.903408
-0.77877
-2.53682
2.21381
0.993557
-0.832739
-0.218008
0.55011
0.199676
0.169215
-1.90225
0.945927
-0.569751
1.18843
-0.0792441
0.425305
1.15912
-0.609667
1.53003
1.64227
-0.20872
1.18726
1.3181
2.53267
-0.855561
0.323871
-0.127583
0.218433
1.47975
1.56469
-0.798627
0.264051
-1.15779
-0.235235
1.19691
-0.776409
-0.406357
1.89793
-0.24816
-0.32435
0.875863
2.13236
-0.683996
-0.173319
-1.17597
-0.188147
0.733381
0.642235
-1.26838
-0.923153
0.464237
0.613444
-1.7146
-0.412931
-0.40298
1.03207
0.572526
0.146734
0.562867
0.221673
0.672592
-0.852472
1.64269
-0.153963
0.261892
0.0653206
-1.7756
1.40716
0.709728
-0.0215857
-0.654998
1.10819
0.170915
-0.238388
0.928344
-0.111648
0.275468
-0.0333902
-0.553495
-1.23453
-0.188097
-1.22763
0.357841
-1.12939
-1.13236
0.397872
0.0579401
-0.721454
-1.53605
0.489261
0.205929
0.287516
-1.06471
-1.5005
0.371211
-0.17665
0.246058
1.13299
0.321819
0.859696
0.800497
-0.79224
0.205446
0.377682
1.64986
-1.30235
-1.05286
-2.11908
-0.735645
0.953867
-1.32056
-1.16503
2.09068
-0.939395
-1.62638
1.33274
0.907132
-0.0781097
-0.891203
1.25343
1.05404
-0.516892
0.0742243
1.91501
-0.241532
-0.419459
-0.480059
-0.435441
0.149018
-1.12288
1.11309
-0.718605
1.73573
-1.90767
-0.628718
0.385879
0.219852
-0.127988
-0.0500826
-0.698932
0.128685
0.934709
-0.495898
0.692305
-0.856307
-0.909557
0.597675
1.61423
-0.30904
-0.663028
1.47038
-2.00918
-1.43832
0.380319
2.16531
-0.228307
-0.205488
0.444941
1.25151
0.206442
0.507017
-1.48575
0.0342481
0.147484
-0.667839
-0.64947
-0.513501
2.45935
1.07369
-0.298507
1.03641
-1.23455
0.698444
-0.819321
0.160427
-0.0577592
0.758203
-0.691018
1.75292
0.853779
-0.889854
-1.70581
-0.642619
1.86347
-0.446173
-0.761884
-0.591698
0.247258
0.600042
0.0357185
0.34256
1.0634
0.808241
1.88264
0.266829
-1.88615
-0.792734
-0.00924404
1.34075
0.367211
-1.10453
-1.13339
1.56842
-0.818342
-0.89966
1.73056
-1.73934
0.675614
-0.613699
0.423699
1.19369
-0.759613
2.29165
0.0690234
0.890185
0.464319
1.05392
0.954503
0.954068
-3.59466
0.103552
-1.11122
0.15599
0.61045
-0.730579
-1.48804
0.677105
-0.0939403
0.324972
0.52693
-1.44729
-0.0356054
0.791567
0.150762
-0.685914
0.075093
0.696135
1.82855
-0.914422
-0.504603
-0.181269
-0.456914
0.00495071
-0.506379
0.422446
-0.722564
-1.00072
-0.243366
-1.12653
1.45088
0.629329
0.286119
0.71224
1.36564
1.00053
-0.173884
1.32344
-0.498399
-1.27577
-0.314654
-0.63217
1.49718
0.0633663
-0.463241
0.623723
-0.00722624
-1.16945
-1.00084
-1.23027
1.34777
1.04176
0.765949
0.707684
-0.24046
-0.506014
-0.42294
-1.0329
0.639193
-0.711259
0.354143
-0.70446
-0.368844
-1.00511
-0.0835737
-1.61108
-0.111697
-0.186261
0.620796
0.475953
-1.34056
-0.438773
-1.24061
0.979326
0.00237806
-0.36659
1.39414
-0.462953
-0.488028
0.336871
0.0359454
-0.934665
-0.282837
-1.42409
2.2172
1.57137
1.14963
-0.0821935
-1.7575
1.31217
0.22845
-0.542099
0.197396
1.21943
-0.393656
-0.56572
-1.45392
-0.889426
0.863604
-0.787365
0.190158
-1.05006
-0.824112
0.578882
-1.00637
-0.0698269
-0.845469
0.572003
0.824333
-0.095227
-0.532234
-0.0564518
-0.00514668
0.127268
-0.115803
-0.123153
-0.699705
0.617087
1.45881
0.785868
0.920522
-1.02787
0.0806577
1.26691
0.648325
0.32296
-0.0810188
-0.462778
0.94779
-0.64541
0.933012
-0.988977
1.40695
-0.051923
-0.323446
0.615421
-0.0899381
1.26112
0.308147
1.96083
-0.277332
-0.336464
0.303855
0.176105
0.613639
1.18524
-0.0485343
-0.340661
1.66414
-0.367634
-0.0466242
1.44745
-0.114441
-0.426139
0.254386
2.41032
0.904764
-0.0245557
-1.06547
1.19283
0.62239
1.17555
-2.05136
-0.237459
-1.34884
1.94138
-0.587038
-0.360027
-0.489718
-1.38127
-1.23124
0.944516
-0.607128
0.471935
-0.247094
0.0858688
-0.49798
-0.843454
-0.139058
-0.0713359
-1.60475
-0.377711
-0.519636
0.193668
0.697496
0.40047
0.0283162
0.281382
-0.606559
-0.448055
1.4061
-0.164672
-0.904305
0.877508
0.344966
-0.197861
1.92067
-0.322193
0.513469
-0.028026
-0.879295
0.510383
0.257517
-0.828327
-2.5905
-0.633779
-0.892105
0.315049
-1.26735
1.54758
-0.958504
0.0276384
-0.0356105
0.461332
0.195635
-0.510212
1.07084
-0.371426
1.15429
0.456536
-0.467076
-0.341228
1.79331
-0.290054
0.76224
0.788354
0.52011
0.911002
-0.647734
-0.141115
0.180643
-0.188163
-0.0188578
1.9329
-0.139962
-0.744112
0.899993
-1.0267
-0.805223
-0.224694
-0.98491
-2.08953
-0.33206
-0.636364
-0.807618
0.373049
0.6797
-0.669096
0.0459753
0.700765
-0.827216
-0.803421
0.203779
1.63452
0.26651
-0.604356
-0.566739
2.4667
1.32382
0.971292
-1.19278
-0.70255
2.08532
-0.301008
1.40946
0.788727
-0.539004
-1.07935
-0.0753502
0.572425
0.0466859
-1.11077
-1.30585
1.13118
0.486915
-0.899411
0.707181
0.293669
1.05309
-1.4485
1.03621
0.833641
0.608182
-0.610798
0.183856
-0.336873
1.49123
-0.418736
-0.799051
-0.138416
0.784516
-0.42028
-0.988689
-1.34138
0.703459
0.170285
-0.39658
-0.649245
-1.22997
-0.456066
0.0290097
-0.15286
0.442367
1.05935
-0.280049
0.0271316
-0.953164
-0.728277
-0.413434
0.291692
-0.901279
-0.114265
-1.25506
-0.385078
-1.64494
0.883353
-0.358508
1.29332
-1.04217
1.41944
-0.564611
-0.685443
0.223138
0.472662
0.340573
-0.86777
-0.922152
0.22455
-1.86081
-0.663614
1.97791
-0.957109
1.15162
0.431054
-0.895703
0.154218
0.110875
-1.54719
-0.0127812
1.21009
-0.548791
1.51863
-0.440657
0.213956
0.450343
0.50832
0.957806
-0.866088
-0.133087
1.52399
0.124079
0.457797
-0.421352
0.346649
0.776745
2.04797
-1.63502
-0.58517
1.8505
-0.530736
-0.552087
1.9217
0.225145
0.0836586
1.10841
0.329436
-0.0373962
-0.309092
0.329414
-2.1507
-0.200713
0.517403
-0.0166372
0.910943
0.309755
0.623154
-0.348984
-0.165818
0.149925
-1.39512
-0.790141
-1.50054
0.192336
-0.334616
-1.12132
0.0302106
-1.66222
-1.59173
1.44698
0.607856
0.102607
1.62739
1.77464
-0.309874
0.071308
0.635379
-0.606152
-0.317315
0.376501
1.2691
-0.0684158
-0.407107
-0.610071
0.071187
1.06802
-0.312039
0.149081
1.84321
0.184198
0.225381
-0.247451
0.181264
1.86523
1.34101
-0.493936
1.04124
0.484306
-0.496953
0.0251973
-1.00464
0.142749
1.13932
0.589088
0.333727
-1.22314
-0.843998
-1.06622
-0.991128
-0.365419
-1.85595
-1.17101
1.96741
-0.614491
1.11074
-0.859511
-0.320841
-0.100115
0.0389818
0.19414
-0.44349
-2.83135
0.607726
-1.33176
0.583723
-0.227196
0.556516
0.423424
-1.64687
-0.861334
-0.213527
0.656787
1.03046
-0.19321
1.75723
0.989795
1.2307
-0.153769
-2.0996
0.768819
-0.664292
-0.624028
-0.581618
1.48145
1.15025
1.66913
-0.117893
0.841326
-0.910257
-0.0261391
0.759525
0.149576
-1.1631
0.000541124
0.952233
0.710744
-2.12714
-0.050007
0.746481
0.565643
0.156873
-1.20878
-0.48221
-0.125445
-2.58253
0.432003
0.525048
0.50312
0.865228
0.368534
0.830525
-0.985776
0.536684
-1.17399
-2.03444
0.267329
-1.69157
0.319116
-0.849514
0.0931171
0.156859
0.463396
1.513
0.233944
-1.14046
1.17444
0.103954
-0.78047
0.109105
0.505279
0.143655
0.694458
-1.52492
-0.409251
0.602482
1.66867
-0.451099
1.10664
0.0119097
0.242926
-0.81694
0.705995
-0.264354
0.817491
1.42413
0.474107
0.768464
-0.275092
0.245405
0.0640491
-0.760898
0.203282
-0.890855
-0.913375
-1.05943
-1.2455
1.26669
0.321016
1.30373
0.24569
0.0113916
0.411087
0.682322
-0.528369
0.700318
-0.587292
1.58689
-0.217201
-0.49279
-0.61274
0.472627
-0.970209
0.16114
1.26924
-1.12736
-0.578587
1.52368
-0.225347
-0.428411
0.722315
2.71779
0.585476
0.604842
-0.265104
-0.0042307
-0.14123
0.0680155
-0.576948
-0.0589509
0.210288
-0.14646
1.57859
-2.12756
-0.132573
-1.9197
-1.01956
-0.660093
1.97882
-0.882586
0.662293
-0.348994
-1.36814
-0.206709
-0.306229
-0.566293
0.675281
0.927474
-1.11937
0.512919
0.491017
2.18709
1.2772
0.993851
-0.106707
0.201548
-0.47295
0.0683499
0.760243
2.31173
-0.0548397
-3.19553
0.633367
1.04624
0.11186
-1.13058
-0.645844
-0.923892
-0.11445
0.351958
0.50318
1.15831
0.350631
-2.00473
-1.48091
-0.565828
2.11887
0.527796
-2.01221
-0.549954
-1.41485
0.420183
0.761645
-0.891724
-2.53955
0.908098
-0.344436
0.26182
1.59877
-0.50881
0.0114327
-0.589527
-0.430405
-0.35151
-0.0625709
0.0748955
0.535832
-1.28851
-2.33214
0.997919
-0.759167
0.403056
0.686117
-0.686038
0.169006
-0.3634
1.14253
-0.404502
-0.984962
0.558918
0.882471
0.274331
-0.920718
-0.175172
0.590694
1.44013
0.144153
1.17756
-1.23718
-0.524776
1.08165
-0.066365
-0.995906
1.19128
3.09477e-05
-1.32214
-0.319252
-0.119064
0.971497
-0.0983813
-0.371434
-0.141991
0.890775
-1.29604
0.785076
-1.02285
-0.267967
0.809626
1.15006
0.899901
-0.270949
-1.09683
-1.08178
0.603014
0.395857
-0.0602246
0.0893903
0.755482
-0.654085
-0.475792
0.695323
1.9918
1.93951
1.11867
0.352202
-0.608207
-0.283498
0.412155
-0.943487
-0.826833
-1.26092
-0.482837
0.881864
-0.669285
0.268655
0.802155
0.229417
0.690632
-1.19445
-0.24833
0.493884
-0.293933
1.22083
-1.24396
-0.0798746
-1.49654
0.293771
0.542904
-0.687878
0.118771
-0.0320522
-1.40587
-1.66825
0.0976508
-0.904679
0.540512
-1.34811
-0.0012041
1.89779
-0.729131
-0.347355
-1.51388
0.705189
0.156894
0.664841
1.69946
-1.44877
-0.771902
1.91091
1.18293
0.307259
0.110516
-1.11844
0.213838
1.46243
-0.873194
-0.971205
-0.480149
1.30569
0.448515
0.202362
0.187076
-0.206629
2.37474
-1.97597
0.400156
-0.490038
0.514524
-1.65681
-0.724614
1.47946
-0.898786
0.030104
0.841728
-0.11673
-0.700384
0.831615
-0.608583
-1.13869
0.995825
-0.188205
-0.830981
-1.51787
0.90261
1.33855
-0.874811
0.370465
-0.248452
0.677084
0.283739
0.356376
1.20035
-0.840602
1.18818
-0.000755625
0.656623
-0.642689
1.75833
0.261896
-0.850678
-1.43582
-2.23737
-1.37373
-1.15299
0.0971219
-0.735461
-0.840707
-0.863856
0.529492
0.286668
-1.20654
-0.454067
3.11309
0.0844827
0.279138
1.04501
1.00502
1.51435
0.467135
-1.10533
-0.519977
0.960125
-2.15507
1.18812
1.81069
0.946047
1.92939
2.26208
-0.79328
0.0349895
1.36366
-0.536416
0.0534065
-0.0962844
1.76241
-0.290481
-0.231073
-0.935898
1.2849
-1.63595
0.0911193
-0.411928
0.426129
-2.02845
0.0791848
1.70337
0.450108
-2.48295
1.02474
-1.10157
-0.996742
-0.5056
1.5296
0.0889356
0.60701
1.26912
-0.179605
0.491341
0.981728
-0.261904
2.08037
-1.98908
0.69688
-0.928776
-0.0285537
-0.155581
0.0395458
-0.721555
-0.132725
0.948899
0.816229
-0.0262383
-0.0382233
-0.36098
-0.486748
1.73952
0.777189
-1.48262
-0.726622
0.832374
0.163847
0.108805
0.917146
-0.904857
0.146647
0.228953
-1.84815
2.19463
-1.342
0.756812
-1.40108
-2.08202
-1.6582
-0.214803
-0.474724
-0.372464
-0.444368
-1.08588
0.421309
-0.828923
-1.35687
-0.940849
-0.919829
-0.941633
-0.345038
0.443817
1.04676
1.53234
-0.859463
2.05275
0.137971
0.111063
0.000416678
-0.265314
1.02056
0.410368
1.90124
1.7898
1.12312
-2.07617
1.07626
-0.582621
-0.819052
0.0920043
0.541563
0.835523
1.56656
1.18721
0.957813
0.168183
-0.701967
-0.107421
0.468934
-0.948659
0.321234
0.713211
0.193046
-0.159597
0.864415
0.938075
0.696121
-0.750354
1.09335
0.458046
-0.81747
0.714984
-0.0384678
-0.455458
0.658109
-1.19147
1.20367
0.996097
0.365219
-1.55082
-0.730599
-0.721884
0.887324
-0.545739
0.191617
-0.135522
-1.1546
1.13906
-1.0138
1.10797
0.56805
-1.27949
-0.256105
-0.613355
-1.03925
-0.342632
-1.44125
1.12766
-0.870135
-0.967152
2.30221
-0.691729
0.300904
0.0834277
-1.55538
-0.0620563
-0.875473
1.44405
0.40357
-0.129127
0.197321
1.52003
-1.24619
0.635116
0.101387
0.143862
-0.529923
-0.59695
-0.441218
-0.162219
-0.638985
-0.771685
0.22975
0.182951
0.170851
-1.41168
0.607996
0.53055
-0.104167
-0.914223
-1.51526
-0.196275
-1.34075
1.17332
-0.85095
-0.72242
0.869482
0.514677
-0.405897
-0.178048
-1.61109
-0.0887361
-0.839268
-0.457157
2.09678
0.484215
-1.39726
-1.22515
0.793467
-1.37408
-1.90051
2.40155
-1.89591
1.54757
-0.348114
0.293925
-0.345279
0.333907
0.179456
1.83034
1.54831
0.349336
-0.525167
0.622945
-0.304546
-0.364688
-0.723449
-0.590123
-0.976851
-0.933805
-0.803838
-0.522427
-0.164076
1.01149
1.18574
1.36177
0.808573
-1.87073
-0.903858
-0.46989
0.434574
-1.2929
-2.06871
-0.203824
0.013626
-0.240111
-0.606697
-2.33641
-0.261634
2.03844
0.254386
-0.573387
-1.36185
-1.05817
-0.100214
-0.395638
1.03144
0.481661
0.881816
0.928524
1.77356
0.938138
0.436303
0.569091
-0.0740539
-0.357029
2.77285
-0.17534
0.469652
0.410039
-0.535182
-0.7426
-1.6407
0.161205
-0.637576
-0.805275
-2.51281
0.51808
-1.36651
0.0923465
-1.40945
0.308644
1.21644
0.0896712
-0.810902
-0.151115
0.256905
-0.844458
-0.90222
0.158391
-0.317835
-0.0603141
-0.123366
0.317213
-0.829378
-1.92824
0.270241
0.264942
-0.470306
-0.881713
-0.405774
-1.02358
-1.05159
0.681576
-0.796706
0.225053
-0.669858
-0.833359
-1.77821
-0.778191
0.611801
0.363236
-0.476733
-0.174216
-0.156232
-0.20225
0.607995
-1.15698
0.702497
1.38989
-0.416157
-0.578546
-0.567221
-0.878579
1.60298
1.40838
-0.376645
2.34469
0.106927
-0.171296
1.07398
0.776186
-0.171352
-0.353855
-0.46856
-0.523977
1.19881
0.516643
0.47366
0.954416
1.14694
-0.847094
2.1194
0.351938
0.144736
-0.902764
1.05378
-1.33764
-1.25094
1.06263
-0.519956
-0.527002
-1.55217
0.873931
-0.554351
0.398246
-0.318479
-1.78892
1.28417
-0.229823
-0.999492
-0.227681
0.105698
2.39898
-0.927105
0.229592
1.29046
-1.37337
-0.219199
0.151274
-0.740367
-2.60101
-1.5953
0.304748
0.291247
0.0251398
-1.39622
1.54025
0.428887
0.243798
0.700136
-0.31809
-0.574105
1.2129
-0.77196
0.356701
-1.03486
-1.51792
-0.19099
0.219809
0.156369
-0.172019
1.60892
0.383629
0.282551
0.283815
2.19774
1.10898
0.441303
-1.76996
-0.674568
2.01063
-1.68392
-0.781727
-2.48819
-2.22071
0.491218
-0.788638
1.01692
1.20253
-0.104646
-0.534021
-0.107096
0.705293
0.479932
-0.224338
-0.0193895
-1.22175
-0.350328
-1.72045
-0.11311
-0.466755
0.597687
0.92174
1.69173
-1.07812
0.385806
-0.340228
0.220757
-0.387588
0.141784
2.00994
1.25233
0.54936
0.266633
0.0904628
-0.308397
-0.164254
0.823816
-2.53354
-1.73038
-0.469099
0.884663
-0.558632
-0.357646
-2.95947
0.483719
-1.23572
-0.126133
1.144
1.61659
1.12695
0.540632
-1.83346
0.895418
-0.661082
0.445065
-0.131102
-1.36683
-0.738751
1.27065
-0.567688
0.634748
0.547059
-0.798878
-1.5726
0.344598
-0.213021
0.794678
0.565023
-1.17345
-1.22993
0.758189
0.580497
-0.242954
0.361448
1.36576
0.129601
-0.494607
-1.10127
-0.298524
-0.16796
-1.27761
-1.41162
-0.146102
-0.725884
-0.342875
1.31782
0.601464
-0.987124
-0.675993
0.432965
0.224192
-0.410622
1.95694
-0.612519
0.349176
0.479501
1.11297
-0.535514
-0.743568
-0.288323
-2.13365
0.392458
-1.70494
0.0471516
0.199652
-0.496803
1.4482
0.510258
0.943165
-0.626032
1.06572
1.61281
1.33423
-0.988156
0.682349
0.695178
-0.668275
-0.494075
1.78863
-0.692052
-0.229315
0.981935
-1.00615
-0.554209
0.757672
-0.0305713
0.379071
-0.186449
0.550309
0.921433
-1.08001
0.0732909
-1.60975
-1.04351
-0.803181
1.78049
-1.73857
-0.662245
1.17729
0.716391
-0.468978
1.02215
-1.21345
1.37561
-0.0193686
-0.290093
-0.286608
-1.33022
0.141785
0.313297
1.28366
0.769698
0.444998
-0.0371225
-0.0897553
0.0945212
-0.075844
-0.243363
-0.821752
-0.424112
-0.118281
-0.416973
-0.350235
-1.1627
0.371483
-0.231748
2.0328
-0.305981
-0.810901
-0.000466478
-0.826561
-0.859638
-0.399118
0.0449819
0.640382
-1.05165
2.00489
0.48246
0.237759
-0.82502
-1.70596
-0.548456
-0.483296
1.67326
-1.10426
-0.448228
2.61192
-0.388876
-1.71257
-1.31201
1.47502
0.843459
-0.530597
1.41218
-0.146016
0.183512
-0.493518
1.38996
-0.153854
-0.976572
-0.508233
-3.08619
-1.13497
-0.509319
-0.721005
-1.98403
-0.333306
-0.293171
0.288139
0.562045
-0.779663
2.78471
2.98358
0.424875
1.13896
-0.246907
-1.77298
0.690049
0.887631
0.258039
-0.632768
1.51381
-0.378019
0.0449617
-1.65122
0.365216
-2.12394
-0.279732
-0.220781
0.106433
-1.59558
-0.191991
-0.536413
-0.107305
0.0687384
-1.27895
1.38714
1.79992
0.956954
0.529176
0.714111
0.291311
0.125726
-0.479014
-0.937727
-1.14586
-1.44126
-2.00194
-0.235232
2.47088
-0.131662
-0.149302
-0.0438471
0.186774
0.183393
-0.588625
-0.227407
0.433441
-0.225589
0.490783
-0.17665
0.398116
-0.821874
-0.42991
-0.654596
0.21618
-0.898883
0.326924
0.852651
0.855907
-0.355885
0.182446
0.146007
-1.38708
-0.103003
-0.670275
-0.304061
-0.676768
-2.13752
-0.133551
0.452101
-0.49185
0.812162
1.36635
0.0657529
0.415312
-0.245363
-0.800183
0.601025
0.864825
0.625961
-1.69859
0.0509107
-0.165836
1.38815
0.943308
-0.493543
-0.480803
1.29732
-1.3275
-1.14575
-0.0931105
0.0799346
1.30503
0.480489
-1.21985
0.0497215
1.23524
1.0603
-0.414809
-1.07366
0.350996
-0.766018
-0.401628
2.2673
-0.659179
0.336769
-0.381192
0.244706
-1.13882
-0.142624
1.67794
0.18252
-1.80713
-0.119374
-0.642274
0.264624
0.0380735
1.16893
0.72946
0.555959
-0.90573
0.418621
-0.224212
2.24365
-0.50217
-0.204914
-1.49956
-1.47715
-0.383633
0.772324
-1.21657
-1.76425
-2.83701
2.48875
-2.45962
-0.0257037
-0.114205
-0.977052
-1.62163
-0.58343
0.458043
-0.419488
2.00585
0.0045762
-1.09324
0.845189
1.44668
-0.008464
-0.327588
1.36674
1.99043
-1.14017
-0.925943
-0.795496
0.139886
0.570251
0.0491925
0.020473
-0.323244
0.542673
0.165109
0.317849
0.052499
-1.22202
-0.342737
1.87713
-0.696984
-2.22782
-0.444257
-0.355524
-1.71768
0.800965
-1.95366
-0.506517
-1.32515
1.78174
2.13045
-0.793676
0.18763
-0.844875
-0.747605
0.0474345
-0.442559
-1.77486
2.19825
-0.106241
-0.131124
0.942315
1.02817
0.681754
1.14384
-0.565405
1.10653
0.102785
0.955484
-0.932422
-0.726458
-0.126889
1.66498
-0.0394368
0.190553
1.45106
-0.119226
-0.332209
0.200952
0.78983
-0.244581
-0.262425
-1.41705
-2.07622
0.352933
0.383119
-0.634205
-0.134436
0.337865
1.81831
-0.772857
0.269929
-1.28073
1.29973
0.354251
0.895667
-0.261165
0.117401
0.165819
-1.54251
1.63689
-0.127733
-0.0886298
0.722687
-0.265833
0.454244
0.62016
0.198474
1.67168
-0.5329
0.0684282
-0.932882
0.69787
2.26828
0.551745
-0.105057
-0.456789
-1.22166
1.74485
-0.0463538
-1.65518
-0.798603
0.541698
-0.836821
-1.37929
1.84059
0.129666
0.320801
1.41591
0.645643
0.0235445
-2.2235
-0.353213
2.32899
-0.312274
2.45977
-0.949691
-1.06251
1.18917
-1.56248
0.720544
-0.076295
0.366351
-0.203846
-1.3519
0.494072
1.48181
0.299036
-1.5413
0.280775
0.283456
0.830033
-0.62549
0.130441
-0.0776498
0.812571
-0.460207
-1.03274
-1.09836
-0.165894
-0.711363
2.50218
0.672857
0.878757
-0.921511
1.81713
-0.927604
-1.58824
-0.140262
1.15292
-1.60251
0.214107
0.80799
0.329995
-0.41187
0.00349719
-0.569173
0.326265
-0.690867
0.214582
-0.513066
-0.197109
0.777322
1.64476
-1.27964
0.978264
0.451429
-0.15085
-1.63402
-0.557375
-0.614922
-0.0163737
0.102144
1.58502
0.187507
-1.81245
-1.27274
-0.604789
0.180145
0.631734
-0.439033
-0.359501
0.0826283
-0.71398
0.491729
0.558643
-0.780941
0.0297947
-0.888219
1.00045
-0.0766412
0.282179
-1.48161
1.1672
0.889057
1.02118
0.456797
-2.55443
1.76694
1.52039
0.877746
-1.9765
-0.958712
0.0695151
1.08862
0.316192
-1.97008
1.17711
1.54676
1.26396
0.62626
1.06237
-1.60567
1.31857
-0.940063
-0.550289
0.66347
0.883515
1.15382
-0.447062
0.306713
1.57593
1.19057
-1.37633
-0.970617
-0.75468
1.18149
0.0404112
-0.95906
-0.354397
3.04575
-0.582053
-1.27245
-1.49012
-0.292008
-0.324415
-1.04555
0.358464
0.601654
0.084134
-1.63864
-0.306965
0.761556
0.727251
-0.639095
-0.214678
-1.81867
0.0215734
0.0675565
0.548388
2.52996
3.10683
-0.296412
-1.69386
1.20106
-0.222957
0.0692001
-0.122027
-1.06663
-0.349586
-0.74415
-0.415736
0.376095
0.252215
-0.671884
-0.20102
-1.1983
0.861496
-0.510888
0.468834
0.0439008
-0.758148
1.2689
-0.0272391
-0.815261
0.167334
0.957391
-0.617189
1.45035
-1.24467
-0.439603
0.261453
-0.374809
-0.863128
0.403144
-0.628278
-0.860205
-0.574028
-1.52017
0.0134202
0.0381179
0.723892
-0.398516
0.563228
0.522355
-1.05341
1.68031
-0.0917626
0.156183
0.124374
0.182509
0.225344
1.03002
0.725071
0.139289
-0.415597
-0.695368
0.0241115
0.992231
0.596481
0.372057
0.187796
-1.55346
0.548365
0.792443
0.530019
0.167077
0.783957
1.42425
1.00313
-0.312749
1.82696
-0.504904
-0.833952
-0.07489
-0.567352
-1.10081
-0.40747
0.512874
0.731086
2.40712
2.23026
0.209322
-1.18383
1.50433
0.632635
-0.646375
-1.20996
-1.33071
-0.319905
-0.756277
0.134717
0.988865
0.992564
1.545
0.560617
0.201232
-1.47074
-1.75978
0.536394
1.31177
-1.06662
1.39737
0.474849
0.5395
-0.0908358
-0.676601
-0.984276
-1.04448
1.12871
-0.619793
-1.89258
0.240764
0.285082
2.49158
-0.148738
-2.06758
1.41809
1.50784
-0.0215927
1.27831
-0.476067
0.00922939
-0.85904
-1.3672
0.320312
-1.66376
1.78067
-1.4663
1.72325
-0.0222651
0.848441
0.452936
1.17589
0.547158
-0.601589
-0.746789
0.0624905
1.00506
-0.878283
0.370587
1.10677
-0.416113
0.641871
0.0346255
-0.933165
2.64509
-0.741454
-0.7199
-0.809101
-1.59583
0.718278
1.28646
-0.153767
-0.929494
0.589299
2.75764
-1.13566
0.0645044
-0.0172535
0.664213
1.08485
-1.86383
0.750766
0.833753
-0.173693
-1.64269
-0.842525
0.584131
0.714332
1.40455
-0.736939
0.860854
0.27941
0.403682
0.462203
0.13115
0.832454
0.1879
-0.477551
-0.957907
-1.7998
-1.55479
0.156383
-0.985408
-0.46228
0.114447
1.83901
2.41672
-1.56917
0.0643742
-0.23789
0.587861
-1.52626
0.441843
1.13459
0.46757
-0.276143
-0.303674
-0.310736
-0.936486
-0.651361
0.0813868
-1.00739
0.279234
0.544769
-0.267844
-0.164996
-1.98587
-0.373237
1.67683
0.124318
0.502128
-0.690616
-0.342415
-0.345095
0.814505
-0.182191
0.730627
1.75704
-0.601736
-1.22513
-0.448859
0.591708
0.105675
-1.17498
0.622281
0.635666
-0.958577
-0.802688
-0.323404
-1.1208
1.0896
2.46576
0.928704
0.831154
-0.987594
1.04054
-1.88742
1.84466
0.241835
-1.28939
1.11976
-0.966894
-0.598545
-0.281882
-0.290304
-0.336742
-0.307385
1.51587
0.676156
-0.671607
-1.47338
-0.416306
0.151201
-1.0567
0.985473
0.264766
1.43988
-0.664839
0.963795
-1.19177
-2.14708
-1.65362
-1.72649
-0.634728
0.545706
1.16963
-0.332225
0.201441
1.2793
-0.435465
-0.486304
0.294265
0.745729
1.54782
1.11292
-0.0104858
0.45929
-0.0344885
-1.15261
0.682275
1.37445
-1.70621
0.436152
0.970954
-0.51326
1.15705
0.536893
-0.397205
-0.143813
-0.18434
-1.33627
0.117048
0.540162
-0.823757
1.52653
-0.371115
1.30387
0.102528
-1.51528
-0.361182
-0.38995
0.0188247
1.94757
-0.357942
1.0367
-0.376715
-0.643673
-0.39195
-0.792724
-1.83209
0.0440871
-1.27496
-0.303053
-0.367252
-0.603439
1.03334
-0.740775
1.70788
-0.437283
-0.797198
-1.53243
-0.771088
-0.485666
1.24943
-1.38567
-1.61427
0.401264
0.744382
1.76662
0.52789
-1.17952
-1.54967
0.602799
-1.12481
-0.354614
-0.838874
-0.402225
0.0130494
-0.971798
0.767367
0.608522
-1.21337
-1.31173
1.50466
0.48995
0.0165479
0.100663
0.414422
1.08572
-0.0565209
-0.939669
1.23642
-0.989788
-1.47746
-1.8369
-0.893258
1.06441
-2.76138
0.139427
0.810539
-1.72613
-0.70064
-0.483355
0.0202676
0.825081
-1.50563
0.963781
1.41592
1.66735
0.249387
-1.3021
1.88237
1.26611
-0.742913
-0.233934
-0.0963501
0.00047083
0.887169
0.448316
-1.60619
-0.922536
0.857675
-0.379209
1.29343
1.03336
-0.223319
-0.398668
-0.00711118
-0.0127822
-0.254478
0.640639
-0.247009
-2.16616
1.20485
0.437008
-1.55669
-0.160075
0.471038
-0.00927795
-1.01915
-0.526233
-0.259897
1.78994
0.289626
1.34182
1.54721
-1.50914
-1.52871
-0.0375179
0.710338
-0.547844
-0.490965
0.189179
-1.51398
-0.547425
-0.212813
-1.34398
-0.248774
-0.59463
-0.30459
1.89397
1.12514
2.04382
1.04187
-0.690729
-0.0159482
-0.34152
2.46854
0.868033
0.519617
2.63945
1.14053
1.28459
1.22659
2.18061
-0.698666
-0.886314
-0.548053
0.132909
0.565658
-0.0108615
1.82828
-0.401413
1.27992
1.40322
0.238734
0.930972
0.876929
1.55055
-0.304157
-0.27284
0.0650289
1.06815
0.963144
1.36705
-0.153224
-2.2387
-0.0113368
1.03781
1.0951
0.722386
1.23779
-1.82562
0.255507
0.707329
0.557985
-0.798324
-0.43679
-0.43156
0.656719
0.258731
1.20021
-0.731647
-1.18855
1.23318
0.291902
0.00584593
0.410306
1.24436
-0.5972
-0.994004
-0.909845
-2.0357
-1.13655
1.02481
0.999048
0.364683
1.20255
0.710821
0.251176
-0.680813
-1.16356
-0.315646
-0.709716
-0.325526
0.224942
-0.307186
-0.562606
-0.536657
-0.145183
-0.283172
-1.57162
-0.939797
0.384271
0.549615
1.32466
0.300388
0.505784
0.258784
0.861097
-0.424724
-1.72681
-1.47861
0.556147
-0.348832
-0.21018
1.21387
0.227818
-0.0663059
-1.69548
0.703802
-0.639339
-0.544557
1.49927
0.334528
0.449512
0.288877
-0.0981256
-0.706241
0.485733
1.47277
-0.266026
0.495164
-0.295397
0.104918
0.158223
1.84353
-0.532047
0.287096
-0.880581
0.136244
1.36583
0.986514
-0.278881
1.3885
0.62
0.254591
0.161156
0.707646
-0.0602846
-1.88944
1.40822
-0.110711
-0.190828
0.456518
0.443346
0.619585
-1.28465
-2.18857
-0.732415
-1.42392
0.206939
1.51947
0.300964
0.194629
-0.868475
0.921793
-0.0107053
0.177502
-2.18804
-1.03125
-0.737375
0.593759
-2.46489
0.858782
-0.137982
1.03405
-0.125883
0.567731
-0.51937
1.32367
-0.87475
-0.584107
0.9032
0.163693
0.0168305
-1.65966
1.55366
0.806509
1.14793
-1.40387
1.41251
1.22464
-0.161134
-1.01634
0.369736
-0.41429
2.10621
0.799755
0.858384
2.32961
0.215061
-0.951988
-1.90283
0.255762
0.760428
0.395102
1.01713
1.24235
-0.0653693
0.764924
1.07589
-0.233888
1.89704
0.204316
0.634856
1.32847
-1.60913
1.22878
-0.509309
-0.731096
0.0370845
-1.65831
0.308188
-0.588317
-0.472563
-0.086012
-2.13628
0.948536
0.63376
-0.525052
0.861359
-1.53969
0.0875325
1.2002
0.00989466
0.963686
-1.43408
-0.579379
1.87375
0.088937
0.962739
0.8225
-0.538649
0.073198
0.699478
-1.81143
0.931962
0.50112
-0.582616
0.732904
1.27814
-0.430494
1.54094
-0.355869
0.284167
0.874961
-1.31882
0.425761
-1.77023
0.975189
0.0182142
1.54239
0.784794
0.11863
0.479801
0.334354
-0.928731
0.391466
0.275284
1.29482
0.689361
-0.25163
-0.0165424
1.23928
-0.0549504
-1.14358
-0.565161
-0.156791
-0.678617
-1.23106
-2.32342
0.436477
-0.511113
-0.535108
0.703288
-0.531759
1.00904
1.66135
0.738034
0.156989
-0.772873
1.70271
0.626228
0.820103
0.486552
-0.262424
0.497599
0.143079
0.259804
1.27416
-0.0440327
1.8347
-0.349951
0.806231
1.49996
-0.0462626
0.813561
-0.444625
2.39958
0.18774
-1.39829
-1.07213
-0.431808
0.448076
-0.821231
-2.25823
1.3164
1.2033
1.19123
-0.434794
1.47614
1.49643
-0.65846
0.0945672
0.408101
1.68209
-1.64502
1.01431
0.0894744
0.908671
-0.807501
-0.269017
-1.30972
1.16419
0.211585
-1.20648
0.798237
0.020874
0.150905
-0.363273
0.930968
0.237134
1.02721
1.30415
0.868729
-0.799596
0.605749
0.935533
-0.0989242
2.12149
0.0409601
-1.15232
-1.45298
0.705492
-0.319652
0.75826
-1.83915
0.540923
-1.64024
-0.983353
0.961771
2.18187
-0.550404
-0.749106
-1.56116
-0.324611
-0.311988
-0.238736
1.2996
1.00033
-0.223771
-0.54827
-0.184356
0.643114
1.10351
0.255178
-0.0500225
-0.720188
0.438078
1.54879
-0.2619
0.285731
-0.701853
-0.546804
-0.906808
0.0387732
1.61302
-0.782741
-0.170229
0.162561
0.0558063
0.21962
-0.174474
-0.160095
1.15113
0.513603
0.980323
1.39573
1.70646
-0.358706
-0.656921
0.360164
-1.52127
0.0976207
0.575382
0.426986
0.209285
-0.599976
0.919742
-0.440155
0.205874
2.15642
-0.126495
0.139696
0.585533
-1.24111
0.641303
-0.479724
0.627881
-1.76471
0.0241173
-0.873428
0.868731
0.0652947
0.0142658
1.3975
-0.0355988
0.520624
1.89797
1.72062
0.775752
0.982969
-1.32799
-0.125898
1.7742
0.101311
-1.71806
-0.10048
-0.646819
0.654868
0.764817
0.0763944
-1.11054
1.22364
-0.201167
-1.05342
1.9641
1.8111
-0.0426416
-1.12751
-0.42795
0.229517
-1.25292
0.904738
-0.227561
0.983128
-0.716142
1.80412
-1.68265
1.22729
0.109309
1.5073
-1.77001
-0.340632
-1.82025
-0.411168
-0.26423
-0.516065
-0.663281
-0.719595
0.404521
-0.321345
-0.969619
-0.210543
-0.605429
0.41603
0.11502
0.866824
-1.29227
-0.0277143
-0.0594076
-1.19336
-0.187116
-3.11883
-1.51188
1.26311
0.225441
1.04818
-0.29013
0.913641
-0.488634
0.652335
2.07242
-0.852214
-0.720759
-0.292025
-0.255295
-1.08461
0.775599
-0.39201
0.395944
0.145748
-0.917403
0.341623
-1.39033
-0.240786
-1.28173
-1.97119
0.273801
-0.0165507
-0.676016
0.124028
1.20055
0.213014
-1.1134
-1.1648
0.747184
0.175882
-0.568175
-0.820263
0.31762
1.15258
-0.659855
0.105183
-0.966818
-0.733608
1.26914
-0.0931043
-0.149906
-0.0349125
0.602488
-0.0513844
-0.43698
0.732516
-1.51561
1.23013
-1.06761
0.124323
-1.2207
-2.13745
1.45452
0.482183
-0.863025
1.08441
0.71552
1.16381
0.25096
-0.515351
1.02219
1.13281
-1.57986
-1.18652
0.866197
-0.234421
-0.119677
-0.612578
-0.318108
-1.14914
2.36416
1.27341
2.10125
0.879005
0.26783
0.748139
-1.84552
-0.424093
0.860672
-1.14587
0.331274
-0.0595508
-0.261163
-0.44962
-0.618086
-0.132418
-0.574923
-1.48998
-1.17928
-0.290462
0.0780685
-1.2114
-0.212162
0.00350155
0.170856
2.71526
0.110888
0.0377189
-0.868487
0.0698494
-0.654339
2.56197
0.875651
0.938514
1.05566
-1.27983
2.02661
0.563002
0.0634791
1.09792
-0.74498
0.452407
0.227796
-0.415326
0.523293
0.396518
-0.284269
-0.112633
-0.223604
-0.00820342
0.179914
-0.378444
-0.799176
0.878759
1.53226
-1.11485
-0.417409
0.413176
0.185921
-0.526041
-0.13265
0.842815
0.223718
-0.306702
1.01576
0.786901
-0.462827
2.07743
0.111916
-0.956674
-0.420736
-0.744862
0.628262
2.00018
1.30446
0.355312
-0.294637
0.305555
0.836472
1.07839
0.261121
-0.832579
-2.00088
-1.5528
0.224758
-0.356116
-1.22215
1.95753
1.53388
-0.598332
1.26936
0.70762
-0.158519
-0.815547
0.692358
1.02965
-0.158294
0.398076
0.754903
0.0264535
-0.597881
-0.483869
-1.12802
-0.326618
1.13854
0.891058
1.1873
0.284635
-1.55964
0.517539
0.227285
1.90732
0.0792872
-0.871141
0.968549
0.959914
-1.24431
0.871138
-0.41065
-0.0935466
0.417886
-0.696705
-0.395653
-2.00698
-0.431748
-0.0431268
-0.464631
1.61011
1.34262
0.75777
0.0764365
-0.316274
0.570259
0.638246
-2.88268
0.253096
-0.579674
-1.05597
-0.367212
-0.784581
0.642423
2.34402
-0.961821
0.406883
-0.577539
1.52505
0.929236
0.532131
-0.984479
-1.41999
2.08545
-1.02524
0.274492
-0.0290691
-1.37684
-1.43173
0.550316
-1.03249
-0.0979786
-0.14389
0.596208
1.21092
0.655039
-1.02392
0.579202
0.309679
0.126035
0.881845
0.412057
0.0249215
1.04599
-1.08836
-0.187761
-1.23255
-1.15609
-0.529778
-0.327893
-0.718061
0.878667
-1.06848
0.0270938
-0.503036
1.66957
-1.33281
-1.02644
0.527012
0.672862
0.41281
-0.701006
-0.124346
-0.70901
0.809084
-0.516983
1.2479
-0.408078
-0.909396
1.60994
0.383446
1.53736
-0.363057
-1.62185
0.238035
0.750297
0.915517
1.91929
0.558256
-1.60124
-0.987438
1.0302
0.152954
-0.728599
1.42633
1.98359
-0.417151
0.290502
-0.0687763
0.597092
-0.515355
-1.69155
-2.55509
1.01128
0.994577
0.215559
-0.24291
-0.63602
0.552755
-0.156415
1.31107
0.5637
1.49739
-1.69325
0.261132
0.481238
1.0796
-0.277608
-0.481402
-0.559014
-0.622442
-0.678891
1.65966
-0.50966
1.09065
-1.74904
0.986754
-1.08352
2.29043
-0.134061
0.395269
-0.0250194
-0.640164
-1.14394
0.824039
0.399804
0.291753
0.316656
1.84538
0.640793
-0.0818504
0.564804
-0.237048
0.273485
0.448044
2.15874
0.351214
0.307356
-0.178092
0.16588
0.56116
-0.344005
-0.603418
0.0100733
-0.156972
-0.216028
1.40077
-1.9189
0.530593
2.90738
0.00363946
1.3513
-0.136179
0.280418
1.38075
-1.43373
-0.880392
-1.39096
-0.769314
0.472489
-0.175229
1.2998
-1.30713
2.2855
1.14354
-0.190195
0.628314
-0.259239
-0.422864
0.833983
0.532973
-1.36861
-1.48392
-0.492464
0.247029
-1.07967
-0.20472
1.51624
-0.42074
0.549694
-0.27445
-0.323341
-0.890482
0.726303
2.51619
2.34572
-0.00854939
-0.671744
-0.261804
-0.121935
-0.095796
0.0490776
-0.251953
-1.11876
1.87478
0.178714
0.237123
0.559853
-0.1121
0.0959165
0.662132
-0.507494
-0.159405
-1.76175
0.0752266
-0.272117
-0.124562
-1.58192
1.76888
-0.892341
-0.0719921
0.338558
-0.517743
-0.796176
0.509943
1.3062
0.784036
0.516163
-1.62643
-0.159323
-0.302065
-0.558025
-0.089158
0.418503
0.300336
0.346731
-0.493424
1.92882
0.245723
0.0726673
-0.618518
0.245977
-0.637456
-0.303673
-0.177088
-0.619299
-0.282312
-0.385247
-0.428739
1.24356
-0.390249
0.500319
-1.45908
0.928777
1.10921
-1.60821
0.702135
0.50447
0.939467
-0.581206
-1.53005
0.99497
0.557889
0.255093
1.10528
0.718128
-0.797211
-0.320915
0.556396
-0.830424
-1.10965
-0.734425
-1.5567
-1.06273
0.165375
-0.602411
0.962724
-0.359768
0.252807
-0.927022
-0.364735
0.543528
0.46742
0.525501
2.10093
0.803828
0.759843
1.952
0.782815
0.919918
0.448066
-0.727982
0.399702
-0.368628
-0.0684665
0.733074
0.265346
-0.312757
-1.69387
0.626359
-0.243424
-0.0541322
-0.128345
-1.55991
-0.196441
-2.64031
-0.101392
3.12335
-0.0595201
1.32733
-0.977041
-0.327531
-0.264248
0.385706
-0.135929
0.366169
-0.467244
0.715127
1.29154
-0.157224
-1.18247
-1.82458
0.941892
0.308838
-1.05
0.140871
0.206969
-1.20736
1.55791
1.76029
0.451245
1.35601
0.241556
-2.4922
-0.265475
-0.922349
1.60031
0.890063
-0.921527
0.972755
-1.32642
-1.08163
0.700471
-1.51243
-1.64397
0.0631922
0.151324
-0.448625
0.644257
-0.493779
-1.46872
-2.55923
1.44823
-2.15436
-1.58067
0.167817
-0.0408087
-0.046726
0.159964
1.2908
-0.407018
-0.410231
-1.28622
0.518438
1.42442
-0.0766074
0.0985221
0.285887
-0.141929
0.0700613
1.47961
0.898621
0.526825
0.495333
1.80939
-0.455912
0.345696
1.40637
1.11677
1.1866
-1.01208
-0.489848
0.390035
0.155326
-1.57706
0.0871156
-0.247165
0.349329
-1.94814
1.02344
-0.731663
-0.385078
-0.251808
0.079602
1.48083
1.14011
0.296813
0.84809
0.974457
0.82592
1.21686
0.382568
-1.3069
1.50787
0.107251
0.905746
0.447282
0.378398
-0.106989
-0.815662
0.4207
0.301664
-1.01631
-0.431531
0.900284
0.249655
-1.08589
-0.0952021
0.290826
-0.446834
-0.0586529
-0.670783
-1.61
1.65648
-1.46029
-0.794566
0.772259
1.19252
0.945064
0.431665
1.87523
-0.396296
-0.109722
-1.25576
-0.361647
1.22851
-0.513497
-0.981686
0.751721
1.21312
0.0507974
-0.377519
-1.02354
0.745552
-0.785008
1.29869
0.781998
-1.18698
0.526485
-1.2561
1.78321
0.430221
-0.0339034
-0.557079
-0.0497482
-0.377944
-0.623149
0.149611
-0.428075
-1.52541
-1.8377
0.562627
0.534701
-0.685119
-1.28352
-1.15241
1.3259
0.439704
1.33387
-0.67275
-1.13089
-0.683204
-0.42954
-0.689747
-0.634999
2.01249
0.579918
-0.813448
1.01453
2.19281
-1.32962
0.0539797
-0.128182
-0.0813956
2.1675
-0.24696
-1.04082
1.8883
-0.168325
-0.920497
-0.0538274
0.72196
-0.532738
0.552153
0.256371
-0.254964
-0.384636
1.50029
0.701228
1.81573
1.44517
-0.715058
-3.02184
-0.705045
0.0916647
1.08334
-0.0407921
-1.30354
-0.442516
-2.46782
0.0570526
0.523002
0.144829
-0.644888
-0.576728
-0.267915
0.734141
-0.232964
0.641086
-0.0758474
0.661243
1.82394
0.865162
-0.720494
0.248729
-0.565824
-1.29482
-0.449981
-0.6879
1.26084
0.468615
0.211637
0.916378
1.68554
1.03526
-0.560172
0.400803
0.396504
0.379542
-0.0812381
-0.64119
-0.0108744
0.917699
0.732068
0.175105
0.540739
-0.85865
-0.249628
-0.939467
-0.672366
0.905956
0.527322
0.0303247
2.50075
0.531207
0.120366
-1.85606
-0.0528929
1.24612
0.0973921
-1.5193
0.1848
-1.20671
0.0948613
0.286104
0.787827
-1.22761
0.407604
-0.870805
-1.10437
-0.780662
0.569262
0.69942
0.61627
0.48939
0.362304
0.189073
0.615738
-0.0255491
-0.204359
-0.428018
0.134925
0.815935
-0.423397
0.692175
-0.404331
-1.29232
-0.201796
-0.250041
1.88621
0.323361
-0.0534043
-0.556802
-0.452004
0.746744
0.844626
1.25136
0.183587
-0.620684
0.204943
-0.739039
-0.375963
-0.986286
1.33601
-1.02972
-0.336713
2.02212
0.198381
-0.519797
-0.989283
0.108517
-0.446169
-0.559848
-1.17843
0.393065
1.13412
0.286074
0.462737
-0.611034
-0.133776
-0.0427111
-0.126922
-0.163232
-0.314748
1.4618
1.46637
-0.754398
0.632548
-2.09767
1.45949
1.06278
0.0165546
0.824623
0.0466541
0.266794
0.11432
1.6807
-0.621679
0.797416
0.885415
-0.0560108
-0.00892296
-0.418795
1.36653
0.349999
-1.33689
-1.59324
-0.353958
-1.61268
0.921616
-1.36202
0.527145
0.433581
-0.310714
1.01262
-0.278458
1.23914
1.86621
-0.11818
-0.344101
-0.900592
-0.744142
-0.176569
1.55292
1.54289
1.87705
-0.060558
1.68319
0.187819
1.08218
0.873204
0.873692
0.135186
-1.07229
0.436794
-0.221904
-0.392285
-0.723178
0.920064
1.64628
-0.472304
0.840203
0.149981
1.00456
1.43796
-0.567648
-0.655035
0.335361
1.73897
0.403161
-1.20392
-0.598876
1.153
-1.58439
-1.01954
-0.0258278
1.32365
-1.35666
0.327884
-1.96747
0.942159
-0.79682
-0.0667692
0.00301937
2.22444
1.54868
-0.5289
-2.37843
0.0646476
0.965746
1.09959
-0.674668
-2.37774
0.340864
1.26198
0.0374349
-3.37747
-0.477579
-0.847411
-2.3142
-0.709076
-1.28292
1.177
-0.930909
-0.110283
0.21588
0.311058
1.50977
0.213602
0.0680439
0.771479
-0.0153484
-0.834116
-0.240253
0.135482
0.322721
0.909727
0.0126363
-1.6194
-1.88346
-1.14626
1.20764
0.602551
-0.37444
0.533162
1.72462
-0.930417
-0.604519
-0.702319
0.454044
1.78434
0.835906
1.06682
-0.598419
-1.44535
0.676822
1.6777
0.903758
-1.81718
0.0671203
1.02586
-0.273717
-0.0543563
-2.21988
0.110872
0.223777
-0.40031
1.43944
-0.668086
0.0782696
0.993877
-0.462726
0.257104
0.480359
-0.651926
0.222998
0.316828
0.96768
0.637302
-0.00851956
-1.2662
-1.91388
1.28859
-0.309143
-1.0339
1.31237
-0.174885
-0.371832
-0.940202
-0.950004
0.212275
-0.121235
-0.276169
1.52219
-0.795227
-1.36794
1.91416
0.701083
-0.467765
0.458943
-0.210934
-0.700661
-0.119018
0.286374
-0.0257956
1.0912
1.99409
0.200335
0.14301
-0.29813
-0.687731
-1.71624
-0.984835
-0.569943
0.645257
1.45159
1.22427
0.57027
0.998219
1.77828
0.78831
-0.111001
0.463845
-0.70035
0.0133372
1.43202
-1.09236
1.4885
-0.836123
1.21693
0.750606
-1.5026
0.977355
0.498
-0.635005
0.0186
2.67381
-0.958253
0.486124
-0.672478
-2.18921
-1.00134
-0.669679
0.708493
-0.959604
-2.17285
-0.358203
-1.34634
0.822874
-1.16055
-0.025087
0.244702
-0.116458
-1.43387
-0.895025
-2.61368
-0.291945
-1.99253
-1.51469
-0.623888
-1.76576
0.865453
-1.71268
0.233362
1.04986
1.77018
1.04788
0.339105
0.481838
0.337551
1.68434
0.53237
-0.311234
1.48777
-1.72983
-1.23076
0.9774
-0.0797362
-0.129534
-1.53354
-0.760904
-0.995366
0.550804
-1.92133
1.31045
0.370422
1.65932
0.957239
-0.849879
-2.13512
-0.742429
0.15836
-0.70125
1.58103
0.0592167
-1.64742
-0.159446
-0.0149874
0.878974
-2.1208
1.34019
-1.52189
-2.68993
-0.503607
0.652633
-1.1452
0.892207
-1.26691
1.14938
1.21591
0.624066
0.393305
0.705312
0.352429
1.66299
0.768546
1.9054
-0.377322
0.666863
1.2709
1.37425
0.78478
-0.728131
-0.697554
-0.904509
0.906766
-0.126759
1.82536
-0.409992
-0.245848
-0.966571
1.04525
-2.36767
1.7506
-0.697154
-0.456615
-1.02479
2.52175
0.251752
-0.392544
-1.64898
-0.392732
1.16404
1.433
0.996427
0.919083
-0.629364
-0.792386
2.36985
-2.602
1.42079
0.98461
1.01882
-1.45358
0.122042
-0.566129
0.683585
0.729094
0.139231
-0.978984
-0.577672
0.0521594
-0.836225
0.290983
0.390845
-0.374855
1.66068
-1.09555
-0.254519
2.23302
-0.0150555
-0.109929
0.263423
0.505286
0.17953
-1.15822
0.0458705
-0.967954
0.900661
0.854632
0.389221
-0.340963
0.890425
-0.0384212
1.02121
-0.837741
0.603357
-1.48901
-0.782061
0.203908
1.28453
-0.523612
0.487732
1.05723
0.18739
-0.05458
-1.5226
-0.539143
0.941079
-0.835496
1.04599
-2.2983
-0.300714
0.275488
0.0882168
-0.654773
0.550809
0.466095
-1.73552
0.908631
0.106811
0.825337
-0.989512
0.79723
-0.371374
1.35439
-0.826375
-0.846635
0.420702
1.20198
0.269904
0.420465
-0.237437
0.364373
-0.9483
-0.0352326
-0.304387
-0.582928
-1.04909
-0.490858
-1.86214
-1.69099
-0.348642
0.478796
-0.435395
0.264566
-0.355316
-0.268411
-0.195023
-1.76462
-0.0223859
0.147741
0.60031
1.00368
-0.82432
-1.43123
0.685914
-1.38236
-0.409785
-1.15287
-0.91584
0.879596
0.245267
-0.933553
-0.139667
0.444669
-0.819653
1.40719
0.0423369
-0.851266
-1.98587
0.250036
-0.00670443
-0.433472
0.385751
-0.897559
-0.359017
0.652986
0.86635
-1.78246
-1.07986
0.245565
0.0826058
-0.238652
-0.85454
0.872347
-0.0299981
-0.819231
0.557451
-0.846133
0.723705
-0.367645
-0.0134977
-0.23959
1.81995
0.274839
0.155286
-0.331502
0.882124
1.18996
0.0233732
0.60276
0.699922
1.28143
0.888327
0.652727
0.156426
0.561467
-1.00172
-1.24475
-0.335022
-1.47536
0.123512
-0.0242193
0.25292
0.23484
-1.67527
-0.437402
-0.529676
1.57455
2.26235
-0.330933
0.822945
-0.484316
-0.171593
-0.640002
-0.229184
0.159668
-0.271987
0.0676763
-1.13827
1.21232
0.0913261
-0.296559
-0.620664
-2.69763
-1.69287
0.376884
-0.935929
0.151656
1.98935
-0.0215955
1.23409
1.83515
0.577948
0.132032
0.0141279
0.975173
0.0293577
1.39932
-1.67766
-1.54941
0.136627
1.61112
-0.469724
0.823532
-2.40961
0.489623
1.17244
1.60042
1.23144
1.0339
0.379313
1.15609
-1.12905
-0.108421
0.63888
-2.25978
0.857976
0.851631
1.14851
1.03271
0.688632
-0.624365
1.16946
-2.26116
-0.963922
0.0709387
-1.23636
-0.76316
-0.204234
0.0840237
-0.620847
-1.20791
-2.09004
0.17806
0.773988
-0.903778
-0.149722
0.204398
0.40699
0.292014
-1.2053
0.275635
-0.357951
-1.23642
-0.512001
2.26534
0.250372
-0.343761
-0.207174
-0.935455
0.314403
-0.96215
-0.609256
1.22786
3.40477
0.00184869
-0.269491
0.108541
0.136458
1.32877
-1.01067
-0.308544
-0.290529
1.29304
0.1616
-1.20726
0.234985
-0.0166892
0.802845
1.38737
0.840405
0.687405
1.6331
0.176359
-1.40181
-0.268632
0.131208
-0.749697
1.0957
0.469747
0.0814833
0.945527
-0.453104
0.0487418
1.11474
-2.00745
0.336216
-1.63784
0.733291
0.516591
-0.448978
0.644333
2.37283
-0.124262
0.895373
-1.28984
-0.461577
-1.78237
0.438274
-0.408059
0.395379
0.108117
0.533158
-0.835346
-1.43317
0.552938
0.20079
0.340964
0.726105
0.429171
-0.551555
-0.503873
0.348471
0.0910238
0.310576
1.90339
-2.55517
0.650988
0.443719
0.270156
0.920974
0.519468
-0.429666
0.520849
0.0130322
0.811756
0.299063
1.73141
1.92933
0.440877
0.616678
-0.319942
-0.824043
0.0653736
0.385364
-2.07638
-1.92498
-0.541644
1.31086
1.40797
-1.45731
1.71502
-0.123084
1.532
-1.90657
0.461294
1.53962
-1.5885
0.703184
-0.261801
0.806432
0.204714
-0.916377
0.842178
-0.0507849
1.10754
0.409969
0.424205
2.07891
1.09044
1.02398
-0.478225
0.591869
-0.198206
-0.236828
1.82746
0.24226
-0.673331
-1.16321
0.0192682
-0.138078
-0.612721
-1.24042
-0.596458
1.29252
0.516331
-0.388187
-0.540008
2.23702
0.360449
-0.841746
0.816438
-0.136417
-0.374297
-0.934809
-0.287149
0.346967
-0.00613254
1.23881
-0.503839
1.15291
-0.0212744
-0.200935
-0.434185
0.248541
-1.22377
0.85116
1.09829
1.02618
-0.724754
-2.07976
-0.544674
-0.52871
-0.299175
1.60119
0.568391
-0.384846
-0.337546
-1.11362
0.653332
0.50827
-0.836999
-1.28709
0.0721027
-0.0985098
-0.251017
0.948759
1.65211
0.614455
0.845209
0.72883
2.09122
0.701299
-0.340357
0.746467
2.58475
-0.841569
0.068838
1.20016
-1.27448
1.21115
-0.604845
2.1147
1.74971
1.02741
-0.473996
-0.541549
-0.410735
0.886975
-0.21044
0.816708
2.71
-0.589264
0.487254
-0.968668
0.104062
1.47192
-0.0591633
0.758468
0.381464
0.623221
1.73674
-0.40625
-0.660533
0.371953
-1.69029
1.63378
0.0854729
1.03177
-0.720692
1.05874
1.05537
-0.272119
0.90687
1.92704
0.431426
-1.23992
0.0351259
-0.234798
-2.17009
1.26984
-0.152537
-0.363168
2.0624
-0.0766559
1.57487
-0.234197
1.16712
-0.432756
0.336499
-0.634741
-0.704157
0.811158
1.9306
-0.32474
0.476781
0.845772
-0.800746
-0.89401
1.35585
-0.733046
2.66538
1.5298
0.451131
0.710566
-0.674545
-0.112332
0.899821
-0.764413
0.500586
0.138741
-0.196015
-0.315942
0.829693
0.516871
0.463705
0.254901
0.677071
-0.605133
0.279445
2.69604
-0.0990997
0.862568
0.0592015
0.541134
-0.713051
0.802755
1.99068
-0.29055
-1.3192
1.08991
-1.43656
0.748933
0.791315
-1.56699
0.0315466
-0.647336
1.15449
0.346597
-0.256322
-0.817802
1.35511
0.0260666
-0.259166
-0.9126
-0.27752
1.01368
0.676748
0.0230661
-1.7604
-0.0284812
-0.72542
-0.311426
-1.2772
2.2825
-0.21582
-1.04585
-0.582653
0.435894
1.387
-1.17325
1.08804
-0.898842
-0.0567905
-0.908003
1.17134
0.447532
-1.21979
-0.176238
-0.959775
-0.546082
-1.45721
-0.327398
0.0523412
3.21264
-0.0956746
-0.855206
1.13171
-0.0239496
-0.180019
-0.564861
-1.92135
-0.971149
0.920757
-0.211005
0.546681
0.376965
-0.205643
1.29484
0.652031
-1.76485
0.729535
-0.541246
-0.350646
0.061222
1.3376
-1.37647
1.5077
0.0689651
0.516802
-0.267293
-0.568721
1.47974
1.73861
-0.242329
-0.679745
1.03755
1.05408
1.93873
-0.545546
0.648831
0.401505
1.40997
-0.975159
1.48703
-1.06384
1.4431
0.0840102
1.39742
-1.40863
-0.420911
-0.672366
1.82229
-0.713303
0.344394
1.15563
-0.0662151
-1.70307
-1.17303
-0.476554
-0.240413
0.176414
-1.92258
-1.35701
0.14563
2.00763
-2.27434
0.960925
-0.650729
-0.0806155
0.994228
1.62173
1.1488
1.43944
-0.605652
-0.279703
-0.873327
0.844455
-1.98209
0.184472
-0.786875
-0.286027
-1.03549
-0.867772
0.681829
0.071654
-0.980329
0.767385
-0.00938207
0.0811809
-1.48461
-1.01714
0.349809
-1.24824
-1.55952
1.12535
-0.951702
-0.927452
0.932843
-0.830759
0.696611
1.879
-1.68797
-1.47504
1.35462
-0.0650604
0.428114
0.165825
0.217017
1.50819
0.155594
0.538498
1.12547
0.216084
0.622424
0.808298
2.22086
-0.0799078
1.21757
-1.31326
1.30072
-0.207373
-1.71519
1.49907
-0.0272791
-0.209933
1.98493
-0.397926
-1.32775
0.149877
1.92489
0.0372003
-1.20756
-0.807962
-0.0136649
-1.3179
-0.501178
-0.0220521
1.14564
-0.534957
0.0545177
-0.912778
0.015405
-1.61802
-0.0425533
-0.276991
-1.06256
-0.768306
-1.256
1.44057
0.607892
1.41706
-1.14464
-1.14411
0.393761
-0.866439
1.53873
1.1641
0.925902
0.597657
1.90294
1.02866
-0.205578
0.256948
0.0346014
-1.8149
1.55635
-1.77038
-0.310609
1.18244
-0.51083
0.464334
0.265531
-1.63108
0.0371846
-0.346897
0.368128
0.649942
-2.4736
1.14231
-0.195077
-1.18129
-0.1747
-0.253254
0.348477
0.113498
-1.21621
-0.0157189
1.00969
-0.107961
-1.43913
-0.622501
-1.53798
-0.225603
1.16904
0.207458
-0.860355
0.200645
0.248701
0.983332
0.359738
0.0439791
-1.40443
1.06439
0.523544
0.244969
1.58648
-0.222662
0.332284
-0.324996
-0.896105
-1.44728
0.372747
0.273568
0.98209
0.676748
-1.04637
-0.591965
-0.910405
-0.662542
-0.00557778
-0.305295
-0.317155
1.26411
-0.833906
-1.7754
0.179271
-0.83945
-0.844349
0.509838
0.503671
0.513858
-0.356048
0.844422
1.1493
-0.507977
0.0368648
0.249267
-0.0622911
0.769527
-0.788821
-1.01467
-0.142933
-1.12598
-1.02171
0.477258
-0.711635
0.738199
-0.0497514
0.360166
0.616307
0.470826
0.274962
-1.06616
1.96487
0.0355451
-0.525741
1.01403
1.10046
0.524254
-0.511125
0.195609
0.567276
-0.267929
-1.41272
-0.189641
0.873258
0.210023
-0.672956
0.639351
-0.245571
-0.754383
0.379803
1.04414
-1.73316
-1.03169
-0.0889018
-0.210322
-0.209716
0.472133
0.888974
0.588652
0.352726
0.161355
-1.02785
-0.80877
-1.98101
1.60246
-0.748784
0.562449
-1.16607
-0.78432
-0.436192
1.17578
-0.338282
0.158936
0.540622
-0.725439
0.768914
-0.992131
-0.639424
1.19143
-1.8328
-0.623282
0.255173
-1.04498
2.99348
1.26629
-1.14426
-0.0498569
-1.58517
-0.296823
-1.20237
-0.756762
-0.815306
-0.50093
-1.15451
-1.54035
0.252572
-0.862565
-0.146978
0.739721
-1.54192
0.500978
-0.374777
0.400576
0.570532
-0.0773474
0.51736
-0.877145
-1.29786
-0.95438
-0.779005
-0.0723745
1.11932
1.07321
-0.118105
-1.08
0.152781
-0.898126
1.28818
1.05981
-0.0962727
0.534522
-1.05024
-0.334998
-0.421148
0.120058
2.12909
-1.33491
-0.995293
1.31503
0.346914
-0.397689
-0.600038
0.152066
1.11008
-1.65651
0.720434
2.36145
-2.17685
-1.20248
0.452629
-1.66696
-1.4079
-0.22568
-0.0806396
-0.0481973
-0.694379
0.000348354
0.768274
-0.122814
-0.587288
-0.589967
0.352534
-1.2967
0.755827
1.34292
-0.520696
1.7195
-0.281572
-0.471625
0.777672
-2.08249
1.53551
0.0663812
-0.28542
0.396868
0.888614
-1.15562
0.993036
-1.90597
0.408247
1.93951
-1.12025
-1.21765
0.36071
0.700035
0.200508
-0.26737
0.831159
0.617734
-0.115347
1.46637
-1.36008
-0.129281
-1.26063
0.699583
-0.0437443
2.08951
-0.566006
-0.416654
1.09691
0.722413
-0.527212
0.389567
-0.0166768
-0.203154
-0.347529
-1.0439
-1.50084
-1.5691
1.73975
0.415801
-0.968446
0.143379
0.260322
0.665064
-0.907634
-2.39733
0.0813864
0.0854179
0.0932748
-1.98518
1.03662
0.0609293
-2.53465
0.571807
0.759389
1.50675
-0.147855
-1.21153
-0.57499
0.31503
-0.696608
0.0777822
1.37275
0.674174
-0.138749
-0.376721
-1.27207
0.209468
0.545879
2.30263
1.99267
-1.65096
-0.0818837
-0.628039
0.098856
-0.325609
-1.12981
-0.45749
0.114932
0.724341
-0.346409
-2.01367
1.43248
0.231254
-0.429357
1.00161
1.7983
0.18496
2.01819
-0.402156
-1.75163
0.849617
0.531239
1.09762
-0.486366
2.30669
0.230993
1.05183
0.00126456
0.744294
-0.309024
-0.165629
-0.921756
0.694889
-1.16825
-2.81703
-2.56608
-0.0770862
0.96324
-0.379702
1.84284
0.740713
-1.77018
-0.209095
-1.32268
-1.01402
-1.73699
0.420889
-0.292579
0.462713
-0.173595
-0.467375
-0.231698
-1.45519
-1.01229
0.187008
0.559748
-1.083
0.905141
0.3946
1.58714
0.383488
-1.99247
0.31006
-2.0476
-0.935071
-1.05543
0.818988
1.46046
-0.340219
-1.43022
-0.799976
0.157783
0.0760566
1.65041
-0.361019
0.0299485
-0.905278
1.25423
-0.0106395
-1.16071
0.165199
-1.25218
-0.424357
-0.665797
-0.567437
1.24497
-1.44563
-0.292881
-0.464038
0.727193
-0.142867
-0.788439
0.873824
0.172172
1.08568
0.63678
-0.202287
1.21117
-0.0631044
-1.16522
0.208983
-0.347718
-1.34949
-0.0459559
-0.980447
1.22988
0.314374
0.788525
0.715909
1.41545
-1.55212
-1.33568
0.00535315
-0.37413
-1.41299
-2.12547
-0.650025
0.80635
1.17944
-0.731752
0.171337
1.12161
-0.434409
-0.415822
-0.482233
-0.213547
1.74984
-1.23852
-0.529594
-1.39217
-0.698883
-2.23862
-0.0955921
-0.0800083
0.522201
-0.0160113
-0.232431
0.132758
-0.958233
-1.43796
0.577063
1.0169
-0.613671
-0.138242
0.788442
1.96961
0.998144
-0.161112
-0.435543
-2.07567
-0.194616
0.0569364
0.215815
-0.45643
1.16654
-0.38766
0.272308
-0.502517
-0.935799
-0.533363
-0.511421
-2.29612
0.177009
0.0796534
0.108821
-0.801273
1.30579
-1.11119
0.383537
0.086974
-0.154421
-0.823705
-0.735795
0.910753
-0.426239
-1.02209
-0.97135
-1.02181
-1.88558
0.0200963
-1.71056
-0.997434
0.523499
0.474433
-0.927036
1.36483
-0.430744
2.14998
-0.255226
1.20009
0.635142
-1.19755
-2.11641
-0.0439674
-0.0139757
-0.396308
0.599597
-0.503781
0.72837
1.14634
1.67038
0.0303405
0.245277
-0.98919
-0.485944
-0.647065
0.928263
-1.08842
-0.541284
0.765744
0.0231257
0.268958
0.24022
1.61939
-0.467914
2.24019
-1.39684
0.195921
-1.51068
1.06466
-1.27923
0.561117
1.17748
1.1084
-0.76404
-1.47498
0.782347
0.549482
-0.0135874
-0.375201
0.319619
0.869009
2.43042
-1.48855
0.288076
-2.3108
1.13826
-1.41034
-0.19842
0.279083
-1.14776
-0.594861
-0.584383
1.96876
2.05397
-0.616831
1.75101
0.429458
0.338191
1.60928
-0.579947
0.472083
-0.535015
0.13548
-0.455682
0.253476
-0.572232
-0.472173
-0.224144
0.587701
-1.08192
-0.789079
-0.409475
-0.124382
0.449103
0.776278
-0.430616
0.0547866
-0.037734
-1.83407
1.62548
-0.813372
0.52551
0.153765
-0.937674
0.922847
-0.397057
-0.0567384
-0.685474
-1.67543
0.859189
-0.0664671
0.246227
1.16464
-1.05138
0.448013
0.320935
-0.993559
0.27939
0.621939
-0.14417
0.992696
-0.115436
-0.412982
0.0705152
0.439979
0.619761
-1.77387
-1.47604
0.423929
0.591127
0.428578
0.220949
0.237582
0.838751
1.06651
-0.262131
-0.651403
0.685758
0.118929
-0.625451
-0.179781
-0.874714
0.148973
-1.42902
1.06526
-1.2202
-0.834143
-1.30349
-0.291314
-1.01639
1.30865
-1.20342
0.330075
1.19106
-1.85173
0.290274
-1.90128
-0.324647
0.642186
-0.426034
-1.00551
-0.106821
1.42069
0.15227
-1.72506
-1.78349
-0.777668
0.636229
-0.31346
1.31438
0.904318
1.45214
-1.59345
1.15849
-2.61635
0.142263
-1.09353
-0.488137
-1.71528
0.236234
-0.944026
-0.271555
1.22938
-0.940737
0.28838
-2.05791
-0.279246
0.284538
-0.782262
1.32862
-0.997906
2.87
2.00225
-1.31362
1.8589
-0.0968741
1.52173
0.327665
1.03416
-0.71338
-0.833443
-1.04346
-1.01363
-0.134315
1.48591
-0.233583
-0.423955
1.08523
-2.91945
0.2473
-0.790978
-0.421743
-0.716873
1.22718
0.402038
-0.251915
-0.0677197
-3.06626
0.276053
1.11487
1.51817
-0.259925
-0.189207
-0.440258
0.170673
-0.414136
-2.2685
-0.0690774
-3.18294
1.22715
-1.27223
-1.02946
-1.6256
1.13689
-0.168971
1.2853
-0.608281
2.74354
-0.83541
-1.08828
-0.71965
-0.570446
0.27196
1.30721
-1.17001
-1.7391
0.171449
-0.850887
-0.282109
-0.90786
0.0413679
1.22516
1.15518
-1.46021
-0.0436742
-0.744657
0.472607
-2.22471
0.0558871
-0.786777
-1.23725
-0.447495
-0.726349
-0.642265
-0.285375
-0.508618
-1.56882
1.92067
0.330735
0.949169
-0.743149
0.0393711
0.783248
-1.40435
-0.00904612
0.483233
0.208934
1.03907
-0.811988
0.970283
-1.27238
-0.165618
-0.82109
1.58624
1.83847
-0.125656
0.506978
-1.83753
-0.877595
-0.666174
-0.388426
-0.713226
1.41185
0.465547
-0.348298
-0.581284
0.395913
-0.0587596
0.550248
0.125651
1.55189
-1.77276
0.931832
-1.0321
0.74812
0.429542
-1.22183
0.296477
-0.499999
-1.28718
0.800109
1.36025
1.36236
-0.0469304
0.252183
0.985841
-0.608947
-0.19515
-0.153944
-0.0128142
1.0283
-0.645327
0.369393
-1.35384
0.667309
-2.20603
0.559392
-0.877819
0.800957
0.648332
-0.279235
0.0904662
1.26565
-0.414977
-0.133758
-0.86608
-0.02411
-0.315334
0.282565
1.73436
0.244193
-0.798796
-0.628581
-1.32724
-1.01123
0.170481
0.384531
-0.49363
-0.733662
0.693103
-1.2093
0.840766
-1.10962
-0.433036
0.0944853
0.736317
0.357086
-1.13742
0.108189
-0.955784
-0.000955758
0.461907
-0.545995
0.322825
0.670271
0.332057
1.11671
0.505023
-0.838047
0.21716
0.111034
0.447744
-0.23476
1.1126
1.43406
0.290291
-2.05168
-0.357759
-0.467526
1.55025
-0.0361524
0.0524215
-0.452116
-0.406867
0.0387261
0.81119
0.337084
1.63239
0.413396
1.96133
-0.449199
-0.668984
0.137914
-0.257288
-0.200134
-0.0542469
-0.155238
-0.436402
-0.248985
-0.545898
1.33782
-1.18584
0.207454
0.490887
0.0392111
1.16364
-0.676094
-0.694261
-0.896277
-0.948088
0.925734
-1.26227
0.0586847
0.639051
-3.46075
-1.27147
0.756197
1.09528
0.303191
2.24344
-0.890114
-0.496009
-0.875738
-1.49573
0.493415
0.426376
0.937033
-0.291977
0.423337
0.811481
-1.07587
0.493891
-0.104329
-1.0022
-0.528561
-1.73412
-0.357935
-1.52644
-2.03855
-1.88264
0.079484
0.46534
-0.915838
2.33385
-0.374043
0.643564
0.748877
0.990399
-1.93656
1.84771
0.19089
0.0871239
-0.758011
1.74655
-0.634356
-1.75261
0.428058
0.0249775
0.383023
-0.123904
0.666316
-1.13724
-0.261039
0.416512
-0.932885
-0.173452
0.90942
-0.223325
-0.934805
-0.328121
0.255648
-2.06146
-0.624464
-1.31084
-0.0176132
0.207257
-0.151594
-1.10639
-0.675944
0.836859
-0.621475
0.589044
0.240342
0.772358
-0.583437
-0.586928
-0.914607
-0.362141
-0.563528
-0.623229
-0.472599
1.00761
-6.59818e-05
-1.97926
-2.06663
0.0170588
0.589446
-1.21776
-0.610488
0.916265
0.519035
1.25585
-0.624743
1.30272
-1.03532
1.06613
-0.522213
1.84557
1.56774
1.19922
0.330163
1.56848
1.20732
-1.19787
1.70294
1.69615
-0.023152
0.903907
-0.138431
-0.308589
0.890779
-0.127795
2.32853
2.59602
-1.07979
-0.38525
0.849956
2.17499
-0.378358
-0.480031
0.284122
0.333595
-0.664212
0.23929
0.535103
-0.534109
-0.127056
0.253093
0.280488
-0.172897
1.84179
2.15941
2.37044
-0.47298
1.16576
0.0660787
0.472729
0.327003
-1.6871
0.877829
-1.7081
0.581878
0.920649
0.00938818
-1.01648
-0.778282
-0.0980768
0.0470917
-1.04892
-0.470015
-0.450406
-0.238438
0.385045
-0.273319
0.694812
0.82364
0.146879
0.146748
0.726109
-1.63735
0.588047
2.38844
-0.564629
-2.79669
-2.27087
-0.116534
-1.13398
-0.0356026
-1.38265
-1.27388
0.0168141
0.110594
0.34365
1.95366
0.0173755
-0.280296
-0.703932
1.94882
0.28036
1.47828
-0.121268
-0.62807
0.0763553
0.285294
1.29019
-1.31771
1.26457
-0.0694138
-1.2375
0.512474
1.051
1.38205
1.66768
-0.162883
0.654843
-0.583769
0.465969
-2.15357
0.0412957
1.23248
-0.282719
-1.89771
0.847609
-0.0838194
-1.73823
1.20469
-0.783414
-1.71691
0.592362
1.78913
-0.0105132
0.512999
0.559404
0.560834
0.0502145
0.421789
-0.0604512
-0.538291
0.455048
0.22643
-0.668598
-0.385965
1.10909
-0.963334
2.49885
0.858081
0.258292
0.992666
1.32696
-0.604867
-0.395553
0.71759
-0.261473
1.23229
-1.41061
0.174176
-0.297302
0.58006
0.856005
-1.49342
-1.53678
-0.292675
-0.565063
1.59675
0.428124
-0.954817
-0.205017
-0.770713
-0.036138
1.6154
1.29103
0.914613
-2.22491
-0.140596
-1.27308
0.668868
0.182019
-1.22388
0.838262
-0.922936
-0.281923
0.636799
-1.18508
-0.985828
-0.214223
-1.4922
1.71727
-0.542441
0.88957
0.202606
-1.19609
-3.22895
-0.229274
-0.971819
-2.33662
0.00260759
0.129628
-0.0169527
-0.945509
-0.684469
-0.715412
-0.210806
0.50142
1.06914
-1.1786
0.27512
0.338772
-0.341439
0.00602353
0.000785805
-0.270909
-2.36336
-0.481529
-1.63208
-0.953815
-1.20802
0.217429
-1.35951
1.29982
-1.56293
-1.48492
0.376698
0.261676
1.55607
-1.67687
1.92551
-0.435534
1.12832
0.755304
2.05157
1.36513
0.0862162
-1.2231e-05
0.527141
1.19077
0.157306
-0.640452
0.952015
0.50059
-0.784238
0.413235
-0.783704
-1.29926
0.938895
0.445056
0.148558
-0.204027
0.379109
0.00723051
-1.15194
-0.575937
1.08364
-1.73624
-0.912657
1.4
0.103272
0.885673
1.76445
-0.624001
0.988933
-1.02315
-1.12763
-0.480694
-0.909001
0.543733
-0.722035
-1.51333
-0.377185
1.36598
0.558332
-1.5526
-0.309075
-1.36217
-0.21373
1.19343
-0.363887
0.100638
-0.648345
0.864507
-0.811755
0.1942
1.68659
-0.6855
0.569583
-1.618
-0.935786
0.159488
0.143393
-0.225293
0.493003
-0.774457
0.702878
1.69797
-0.0234939
0.0189293
-0.440887
1.88822
-1.29039
-0.977272
-1.04343
0.892641
0.479214
1.39294
2.69277
0.108808
-0.0133591
-1.1679
-0.0550217
-0.289486
-0.270035
-0.678376
-0.888696
-0.143959
-1.60988
-0.975073
-0.855771
0.428094
0.748839
0.605702
0.114059
-0.311268
1.42493
0.848181
-1.09545
-1.56837
-0.781538
1.36007
1.36003
-0.0613594
-0.225779
0.125461
-0.995712
-0.285838
0.405688
-1.57738
2.00923
-0.797125
-0.243659
-0.0765032
-1.29233
0.973288
0.821604
-0.838512
-1.12657
0.000874403
-0.0307889
-1.10024
-0.54177
1.05706
-1.0558
1.35657
0.598102
0.538105
0.309925
1.37017
0.628745
-0.415048
-0.929083
0.337874
0.461253
0.527688
0.321036
0.21713
1.20916
1.28935
-0.11413
0.798866
-1.91016
-0.0633716
-0.053478
0.126372
-0.64807
-0.397357
-1.55769
0.956891
0.215434
-1.72175
-0.260553
-0.537373
-1.68778
0.304909
0.853565
0.359951
-0.680442
1.0055
-0.787772
-1.43067
-0.629251
-0.190577
-0.440933
0.859569
-0.407298
-2.0278
0.959037
0.943986
-0.699186
-2.49878
-0.610894
0.317582
0.848478
-0.590093
0.772126
0.163776
-0.52232
-0.815804
1.61484
2.21621
-0.699351
-0.833074
1.28595
0.0357297
-0.68521
-0.08938
1.11077
1.19747
1.52858
-1.77023
0.262869
0.241814
0.471618
-1.09552
0.734811
0.767526
-0.18584
0.781167
1.2306
-0.494581
0.0614916
-1.09446
-0.651394
-2.1101
-2.46103
-0.0898041
0.843521
-0.15639
-1.53465
-0.844606
-0.0778065
1.13984
-0.436809
-0.390294
-0.739861
0.882415
1.03714
1.03199
-0.0734749
-0.938865
0.526819
0.733323
1.80395
-1.7302
0.198713
0.668458
1.74505
0.621578
-0.211881
0.0590043
0.231235
0.241078
1.291
-0.216386
-0.935981
0.365931
1.58353
0.180797
-2.19498
-0.625877
-0.582254
-0.0253689
0.426492
0.852769
-1.4026
-1.1262
-0.580463
-1.13907
1.14226
-0.387233
0.216306
0.341777
0.0504642
1.88118
1.44817
0.56034
1.74144
0.46975
-0.163845
-0.360476
0.12078
-0.447517
0.557583
-0.594623
-0.11403
0.556865
0.722053
-0.850634
2.07973
-0.688903
0.439754
0.0374596
-1.97987
-0.79468
0.643501
0.255254
0.814211
-0.0416636
1.72926
-0.241074
0.572711
0.525397
-1.45053
-0.276619
-0.226725
-0.877038
-0.921881
-1.04166
0.406735
-0.846818
1.00853
0.309558
0.437522
-0.585566
-0.670683
-0.0354508
-0.726416
-0.532084
1.81162
0.624227
-1.01595
0.387009
-0.182688
-2.95053
0.438039
-0.384881
-0.429518
0.635837
-0.860701
0.160002
1.32952
-1.64806
-0.102217
1.26378
1.21527
-0.0265777
-1.15523
0.697469
-0.0144262
0.420833
1.19008
-0.45816
-0.292959
1.45686
0.435494
-0.357694
-2.35662
-1.91615
1.24842
-1.27312
0.891214
0.92492
-0.214392
1.73849
0.487987
0.129321
-0.573012
1.6154
-0.132606
1.61589
2.16428
-0.879547
-0.412853
-0.688847
0.651492
-2.47727
-0.0869726
2.3861
0.258339
-0.109542
-0.315959
0.895998
-0.670078
0.841512
0.88218
0.76014
0.0519002
0.729608
1.44861
-0.726454
1.40326
-1.39737
1.96261
-0.362547
0.882612
0.690696
-0.250531
-1.08023
0.864278
-0.395309
-0.706587
-0.322943
-0.111182
-0.732945
-1.17304
0.849108
0.725412
-2.03694
-1.9403
0.77278
-0.0784976
0.0335293
-0.155188
-0.593769
-0.127738
0.453905
0.0591364
1.07872
0.188993
1.43044
-2.89101
-1.08912
-0.700468
-0.630205
0.469614
-0.323749
-1.23416
-1.42024
0.471374
-0.68212
-2.74977
1.55317
-0.302367
0.878832
0.0320699
-0.711113
-0.25194
1.39294
1.59611
0.652472
-0.605464
0.576106
-0.976408
-0.0285924
-1.46509
-1.81424
-0.69741
0.482515
-0.437169
-2.5076
-1.05589
0.603663
-1.7317
0.18976
-0.856739
0.22447
-1.01288
-0.132076
1.48067
0.235858
0.37401
0.168676
1.69252
-2.03401
0.476251
1.213
-0.656852
-2.6497
0.492276
-0.0563386
-1.32192
-0.0339942
-0.0582305
-1.80505
-1.33226
2.02073
1.00612
-0.389894
0.82367
-0.407141
-0.254353
0.490842
1.1521
0.629085
-0.69096
0.0884673
0.937727
-0.34312
-0.0435231
0.280247
0.942405
1.26789
-0.116276
-0.418762
-0.856553
0.834356
-1.02006
0.42636
-0.93463
0.919613
-2.92213
-0.0856917
-1.56991
0.233942
-0.186865
-0.61868
-0.273622
0.513906
0.672842
-1.02144
-0.349687
2.33985
-1.19944
-0.652205
-0.228817
1.65703
-1.08793
-2.67255
-1.06971
-0.149185
-1.5071
-0.322576
-0.861247
0.82323
-1.38464
0.802768
2.66951
2.74299
-0.625711
0.375652
0.240057
-0.795995
0.337005
0.231355
1.09169
-0.275633
1.30874
0.172321
-0.833305
0.20674
0.143558
0.504501
1.01027
0.447581
0.496415
-1.90017
1.73136
2.15116
-0.558059
0.974702
-1.01598
1.57063
-0.93791
-0.71759
0.514403
-0.845922
0.665505
0.254831
1.30255
0.619401
-1.02733
-2.08476
1.09929
-0.0395347
0.26752
0.986788
-0.531443
-0.0325873
0.0253479
1.64206
-0.941014
0.570268
1.52702
0.221363
1.0844
0.816456
0.71268
-1.93881
-1.00578
-0.0349495
-0.294207
1.25199
0.898612
-0.634629
0.442167
1.21658
0.154556
-0.347843
0.0604045
-2.66978
-1.20449
-0.553472
-0.526403
0.913107
-0.635507
0.307571
0.979528
1.15305
-1.69384
-0.362473
0.155041
-0.208135
-1.51471
-1.49538
-0.282804
-1.16755
1.22729
1.41297
0.665591
1.35536
0.838794
0.563979
-0.845977
0.37747
-0.569002
0.190432
-0.688435
0.0357719
-0.632772
-0.312445
0.434908
0.498978
-1.08566
-0.194782
-0.0689475
1.12475
-1.56418
0.340184
-0.484457
1.74503
-1.8225
0.0262147
0.467987
1.77456
-1.1579
-0.366402
-0.589751
-1.2547
0.267638
-0.647827
0.990044
0.189714
0.0441219
-0.667244
1.03674
0.0819621
0.0372843
1.6246
0.425759
-2.3917
-1.95375
0.0358827
-0.223808
0.47003
0.529238
-0.300502
0.851215
1.39512
0.654326
0.377022
0.475015
-2.28876
0.45952
-0.213754
0.834979
-0.644392
0.498862
0.747294
-0.418937
-0.990993
1.21713
0.453393
-1.40205
-0.772749
0.13052
0.703445
-0.263964
1.22479
-0.743604
-0.41784
-0.273387
-0.747798
0.263502
-0.443571
0.871064
-0.0524112
1.84547
1.39218
0.25094
-0.00504318
0.213559
0.173394
-0.00520309
0.375962
0.188796
-0.915269
0.53745
2.66947
-0.998917
-1.23457
-0.993658
-0.140214
-1.77825
0.917652
0.0584179
1.40324
-0.451805
0.455268
-0.709861
-1.59122
-0.0146672
0.527975
0.842634
-1.86922
-1.74167
1.41041
2.02894
0.324931
-0.759164
0.793126
-2.30362
-0.321246
0.54742
0.17097
-0.296762
-0.597073
0.709119
0.572719
-0.160359
0.118913
2.184
-0.427947
0.363379
0.483854
-0.629991
-1.215
0.595812
-1.19009
-0.995641
0.0191199
0.236447
1.43471
-0.34806
-0.903537
-1.01647
0.307842
1.09522
-1.9664
-0.195845
-0.106449
-0.200546
-0.0607522
0.914359
-0.0581696
-0.589864
0.594578
-0.28982
0.893589
0.881577
0.0824411
-1.0053
-0.016903
0.1027
-0.598935
0.810821
-2.30408
0.804595
-0.777797
1.26807
0.0723474
-0.320343
-0.0815177
-0.76204
-1.18924
-1.67012
-0.601059
0.34079
-1.20381
-0.216725
2.06298
1.04381
2.19521
1.5891
-0.789309
0.929833
-0.0308972
0.527816
-0.674135
0.0342684
0.734133
-0.884907
-0.23073
0.851745
1.52088
-1.4863
-0.483562
-0.558495
0.544198
0.316857
1.64895
2.10185
-0.132326
-1.63058
-1.49629
0.434155
-0.402555
0.638525
0.257496
-0.422018
1.87415
-0.352429
0.354981
-0.955006
2.0352
0.279359
-0.0599981
1.24634
0.857968
-1.37301
0.718864
-1.51613
1.50426
0.391873
0.548314
-0.509214
-0.0198043
-0.202005
-0.165534
-0.0560302
-2.65992
0.236661
0.0244492
0.464673
-1.73275
1.13257
2.05077
0.289628
0.270455
0.19549
0.334697
0.221057
0.427995
0.360887
-0.651172
0.593444
0.150947
-0.178921
-0.796453
0.532989
-0.946326
-0.759542
-0.511242
-0.2158
0.794446
2.11592
-0.163958
0.706748
-0.857047
0.387726
-2.21327
-0.0886523
-0.7453
0.405187
2.0954
-1.83262
-0.184569
-1.1379
0.461781
-0.215811
-1.36603
0.413627
2.35673
0.406387
1.82318
-0.326776
1.09557
0.44485
0.301971
-0.122797
-0.648569
-0.113441
-2.43813
-0.889862
0.646287
-1.07503
3.23095
-0.583155
-0.328961
0.275875
-1.12763
-2.66279
1.25512
0.687432
0.192141
1.54817
1.11665
0.443533
-1.15898
1.79282
-0.625451
0.608084
1.61227
0.0366685
-0.608701
0.360709
-2.14231
-1.75592
0.118381
0.261636
0.556762
0.840844
-0.623074
1.71062
0.0448806
1.09489
1.26106
-0.812489
-0.356431
0.787103
-1.4336
-1.1275
-0.689114
-0.647578
0.236904
1.17053
-1.08151
-1.11812
-0.309293
-2.04824
-0.702594
2.13518
0.573594
-2.19191
0.863253
0.609212
0.282262
-0.169375
0.865761
1.13478
1.73772
2.23839
1.19519
-0.615745
-0.627697
-1.23845
-0.787159
-0.0932157
-0.496233
0.675551
1.03958
-1.09388
0.803059
-0.0073176
0.944818
0.879051
1.31133
0.32173
0.585794
-0.853153
-0.678535
-0.0682551
0.342768
-0.152844
0.391944
1.80902
0.0240172
1.17363
0.106812
0.248718
-0.732515
0.643955
0.752794
0.412834
0.833904
-1.12297
1.38175
-0.344964
-0.583219
0.656669
-0.355576
0.250584
0.77933
-0.438018
-1.58235
1.19936
-0.308967
-1.09784
1.68173
0.709824
0.343606
1.73088
0.0827253
1.55953
-0.12553
-0.0158453
0.671771
0.549988
-0.203804
-2.01873
-0.475238
-0.14584
0.380338
0.22786
0.900486
1.27198
0.294505
-0.949059
0.429137
-0.518366
0.225378
-0.787839
0.458973
0.591323
-2.28412
0.362669
1.42356
1.58677
-1.7814
1.19083
-1.61402
-1.36735
-0.982452
0.11374
0.602107
-1.62794
0.270033
-0.750185
-0.69202
-2.00664
0.284488
1.1806
-1.13011
0.945523
-0.1056
-1.44556
0.784208
0.595675
-0.0571538
-1.91065
-1.76604
0.263914
