-1.09082
0.391898
-1.20517
-0.229309
1.55873
-1.34533
1.6737
-0.715812
0.795814
1.49129
0.371708
-0.982595
0.629076
1.33193
0.908832
-0.159798
1.3392
-0.362313
-0.444564
0.949721
-0.743205
-0.977123
-1.04299
0.119105
1.02747
0.541666
0.7588
1.5705
1.71244
-1.6847
0.185995
0.576275
1.01122
-1.11797
-1.72151
1.62555
-1.05057
-1.20056
-0.603494
0.561736
-0.832085
0.599198
-0.201534
0.92043
-0.312409
-1.38986
-0.0899178
1.05239
-1.30828
-1.71746
-0.443842
-0.359921
1.3784
-1.25446
1.19931
1.08947
1.31018
0.46772
-1.10769
0.437879
1.31803
0.569442
-0.536115
-1.01153
1.54229
0.436541
1.24361
-1.55727
0.0902542
-0.111745
-1.51924
0.441017
-0.889372
-1.52591
-1.59173
1.6425
-1.10908
-1.68689
0.0540095
-1.02182
0.909315
-0.314046
-1.06313
0.965973
-1.01598
0.879138
-0.650399
0.513896
1.00867
-0.562094
1.23726
-0.368896
0.600143
-1.25136
-0.182765
1.57539
0.846385
-0.059596
1.7241
0.842763
-0.580816
-1.20666
1.045
0.0862893
1.09033
-0.309947
-0.348457
0.166312
1.09685
-0.407227
0.621039
-0.12363
-1.11055
-0.637418
1.6455
-1.07595
-0.307302
0.330367
0.624426
1.13069
-0.699278
1.18362
-0.0714391
0.633434
-0.0853826
0.470914
1.21893
-0.971738
0.248227
0.546402
-1.1724
-1.65552
-0.686447
-1.13864
1.42757
-0.388498
0.685367
-0.451436
0.329872
0.807657
0.170351
-1.69642
-1.27205
0.0154174
-1.12022
0.784356
1.19637
0.265184
-1.23935
-0.419003
-1.47895
1.72893
-0.0712043
-1.68228
1.65765
-0.163427
-0.939575
0.343732
1.39355
0.67313
0.568577
1.02935
1.15774
0.0755398
-0.253731
0.83237
-1.41761
-1.00287
0.573013
-1.66032
0.723407
-1.08674
-0.435845
-0.490882
-0.0955955
1.56369
-1.01299
-1.21343
0.258406
-0.433708
0.218743
-1.0308
1.42071
-0.945841
-0.0722764
-1.17781
0.271692
-0.786829
-1.39212
0.285803
0.961902
-1.36094
0.865637
-0.237656
-1.28795
1.08784
-0.0838228
-1.63919
-0.482533
0.116563
1.3408
-1.27342
-0.717589
-1.64359
0.569944
-0.530657
0.714086
-1.57891
1.26251
1.2095
-0.62609
-1.11535
-1.59726
1.05766
1.43481
1.13776
-0.832278
0.240617
0.343252
-0.601835
1.02607
0.0825838
0.636774
0.298873
-0.735638
-1.62204
0.696092
1.43626
0.634466
-0.340889
-0.416194
-0.867832
-0.913427
0.676818
1.14526
-0.834966
0.23936
-1.17643
-0.381453
-0.294315
-0.204342
0.947559
0.370681
1.37278
-1.05106
-1.67908
-0.696156
1.41391
0.464888
1.03355
1.20537
-1.37186
-0.544732
-0.473875
0.788572
0.346396
-0.74521
0.13894
-0.865871
-0.575004
0.810031
-1.07214
1.53408
-1.70324
-1.17424
0.356948
-0.513578
1.17563
-0.393756
-0.889642
-1.14736
-0.5978
-0.0717258
-0.512336
-0.454163
0.255849
1.46088
-0.438331
-0.366786
0.140265
0.817982
1.61672
1.49366
0.657735
1.70362
-0.0138451
-0.691495
-0.789212
0.337108
1.5667
-0.477621
0.880792
0.781238
1.00567
-1.17327
0.763898
1.39657
0.95691
1.0753
0.187214
1.59284
-0.521052
-1.28005
-0.188925
1.02035
-0.0983751
1.0317
-0.73553
-0.268448
-1.45353
0.85948
0.240069
0.329259
0.387241
-1.62369
1.24117
-1.17707
-0.767422
1.5493
1.29805
0.695792
-0.475631
-0.195251
-1.14434
-0.00259064
-0.259035
-0.0705601
0.771609
-1.06327
1.6931
0.608122
-0.49827
0.289027
-0.125767
-1.49387
1.04969
0.24121
-0.329589
-1.23562
-0.00116971
0.352171
-0.457359
-0.189704
-1.4163
0.0276513
0.615284
-0.934406
0.525856
-1.08911
1.34579
-1.6508
1.10148
0.611138
0.0788221
-0.703996
0.750868
0.182161
-1.54274
-0.202894
1.09887
-0.665477
-0.578541
0.148052
-1.48065
-1.40837
0.0868242
-0.784464
-0.211895
-0.307469
-1.21709
1.23883
1.04143
0.565355
-0.087138
1.31592
-1.61427
0.711554
-0.137561
0.300598
-1.05287
0.901782
-0.716071
-0.0564922
0.0853324
-0.637614
1.52874
-0.264469
-0.0742555
1.18874
-1.36958
0.718707
-0.615143
1.38912
-0.772066
0.120148
-1.28919
1.30551
0.649034
0.772016
-0.773419
0.955354
-0.301612
0.621822
1.01997
-1.43416
0.510212
-1.53594
1.62204
0.42365
-0.745717
-0.979377
1.32353
1.05289
-0.85894
1.22298
1.0372
0.482523
-0.550587
0.260441
1.60493
-0.906704
0.313867
-0.774056
-0.890984
-0.482442
-0.402849
1.2084
-0.351307
1.69291
-0.744628
0.431575
0.256727
-1.24491
-0.398912
1.29854
0.00765175
1.70751
0.572828
-1.19933
0.608923
-1.69318
1.63544
0.673334
0.0722517
0.705936
0.651936
-0.814108
0.577442
1.19174
0.663629
-0.514887
-0.690434
-1.2855
0.223682
-0.905334
0.172889
0.956926
-0.436943
-0.495476
-1.69232
-0.591724
0.598764
-1.64806
-0.334627
1.06546
-1.31243
-0.906754
-0.771497
0.505375
-0.984372
-0.0487033
0.358906
-1.02471
0.76999
1.59304
-1.09086
-0.429512
-0.21495
-0.110168
-0.765668
1.44255
-1.20176
-0.248293
0.226272
-0.136806
0.0195684
1.54724
1.67372
0.113718
-0.95924
1.27281
0.8795
0.983661
0.724454
-0.235792
-0.3098
1.3305
-0.520418
-0.287411
0.503526
-0.447817
-0.782969
1.69929
-0.270402
-0.895165
0.958208
0.809416
1.18002
-1.08189
-0.0668366
-0.980268
1.61065
-0.104873
1.34632
-0.046828
-1.21872
1.11428
0.597369
1.68896
-0.370629
-1.03329
0.46351
-0.529709
1.40476
-0.499947
-0.791101
-0.8221
1.62236
0.319342
-0.483383
1.48958
0.664956
0.905916
1.71232
1.38005
-1.32441
-1.58501
-0.118635
-0.705523
1.06901
-0.672573
-1.14647
0.953176
0.0835451
1.69036
0.827584
0.965504
0.356024
-0.864831
-1.58673
0.613048
-0.876061
-0.173079
1.01159
-1.14749
1.27331
-1.46617
0.753678
-1.5599
0.0704621
1.52185
-1.55629
1.30076
0.172034
1.22895
-1.03408
0.492627
-0.44812
-1.17712
0.7653
0.838066
0.742603
0.903392
0.534785
1.15636
1.44756
-0.00815156
-0.709782
-0.133289
0.724033
-0.36417
-0.930329
-1.27139
0.711704
0.876905
-0.518202
-1.71338
1.14907
0.295621
-1.0142
1.65292
1.71205
0.944452
-1.20436
1.00764
-1.00999
-0.702807
-0.148355
0.794045
-1.36119
-0.170548
-1.30473
0.526705
-1.27399
1.38865
0.986137
0.0655764
-0.401112
0.647789
1.66671
-0.942285
0.868251
-0.877968
-0.972043
-0.565728
-0.978306
-0.850788
-0.172156
-0.41551
0.7187
1.54485
0.715443
0.434937
0.688541
-0.564444
1.0734
-1.48793
1.55825
0.324494
1.34709
1.42754
0.950044
-1.04183
0.158373
0.746367
0.648514
0.766274
-1.55599
1.62744
0.166699
0.261302
-0.0937151
0.223666
0.675663
0.284124
1.19594
-1.49379
1.01148
1.26904
1.53983
1.3819
-0.217036
-0.603916
-1.3453
0.47635
-0.773911
-1.1387
-0.687507
0.513938
-0.563273
1.7124
1.0691
1.46865
1.20016
-0.00495142
0.278755
-1.26347
-1.55923
0.228204
-1.54617
-1.47142
1.70906
1.65061
-0.156135
-0.653795
0.658932
-0.215986
-1.28687
-0.635201
-0.625259
-0.983914
1.04235
1.17396
-1.0357
-1.67831
0.648897
0.389231
0.447974
-0.881848
0.825104
-1.42763
1.28485
-0.811439
0.970743
0.373273
-1.12302
1.09786
-0.116786
0.395068
-0.1865
0.716387
-0.840201
1.04787
-0.131844
1.29084
0.0726087
-1.36035
1.09336
-0.557749
-0.523397
-1.10357
1.50512
-1.22675
1.04424
0.427375
1.65736
-1.43942
0.115922
-0.663508
-0.235558
-0.229661
0.207755
-1.03912
0.35298
1.53125
0.984805
-0.474079
1.30582
-1.38308
1.31069
-0.634553
-0.11662
-1.48784
-0.450536
0.231633
1.70086
0.148309
1.05886
1.24423
-1.40356
-1.03352
-0.813748
0.449016
-0.694948
1.33707
-0.170032
-1.24621
-1.19247
0.127589
-0.436058
0.0560274
0.700634
1.02474
1.66318
1.66524
-1.46337
-0.473201
0.226456
-0.793439
-0.372807
-0.226773
-0.625756
1.08337
-0.665344
-0.808925
-1.24166
1.2117
-1.23386
1.63642
0.167555
1.32351
-0.112576
0.74755
-0.66365
-1.10952
-0.776306
1.22926
1.58348
-0.806744
-0.870736
0.510822
1.26684
1.66956
-0.857709
1.00082
-0.433302
-0.41385
1.08686
-0.356487
0.736969
0.111544
-0.0902002
0.608402
-1.17839
-0.749695
-1.25135
1.06274
1.43675
-0.678855
0.875779
0.709074
-1.57094
-0.039181
-1.14013
0.0593648
0.560121
-0.281568
0.209522
1.02005
0.0336256
-1.32868
-0.311613
-1.17931
1.55596
1.50556
-1.01388
1.32689
-0.927657
0.83278
-1.15669
0.796418
-1.47013
-0.666902
-0.750093
0.594512
0.383267
1.34039
-0.796199
-0.63049
1.07883
1.44774
0.187525
-1.51748
1.48427
0.333005
-0.215165
1.02861
0.344949
-0.831814
-0.367107
-0.815302
-0.466205
-0.305203
0.265006
0.667439
-0.303009
0.655262
1.57861
1.562
0.410954
0.731991
1.33862
-0.720417
0.123399
0.898117
1.72317
0.100789
-0.78766
0.619555
-0.480993
-0.921606
-0.395066
1.34429
-1.19629
1.24788
0.410963
0.75236
0.103672
0.149933
-0.507806
0.852851
0.410394
1.06791
-1.16138
1.58609
-1.15975
0.919959
-1.15356
1.00514
0.395952
0.215527
1.2582
0.747631
1.14754
-0.985758
-1.1816
-0.490773
-0.122185
0.363606
-1.12784
-1.3517
-0.89857
1.63133
-0.876884
0.887144
1.07593
0.173966
0.00677011
0.11014
-1.50197
0.723299
-0.0792222
1.52906
1.29918
-0.51976
-0.476989
0.962704
0.102206
-1.59265
-0.943107
-1.71411
1.11851
1.30426
-0.951395
1.05673
1.55522
-0.915791
-0.574339
0.98575
-0.156895
-1.70992
1.16122
0.450648
-0.261137
-0.00160402
-1.10291
0.862548
1.72288
1.30641
-0.3743
1.16072
1.72401
0.93429
-0.265582
-1.29271
0.833693
-0.878612
0.114142
-0.95743
-1.13341
0.953304
1.67614
0.928064
-0.673044
1.27297
0.868086
0.58931
-0.0794017
-0.687136
0.782226
0.660027
1.46489
-0.519731
0.149954
-1.29446
1.02623
0.182089
-1.35771
0.310028
0.672936
0.558089
0.363476
1.27884
-0.506416
1.14973
-1.32485
-1.26251
-0.560453
0.7318
-0.0798292
1.12559
0.597022
-0.34804
0.903971
-0.0727585
-1.39382
0.471547
0.295736
-0.416926
1.53609
1.55837
-0.469946
0.49751
-0.278137
1.48923
0.318419
-0.501925
-0.572064
-0.254802
-1.21854
1.08635
-1.59868
-0.67354
0.557522
0.324813
-0.127145
1.05075
0.0880993
-1.06376
0.629075
-0.807027
-0.750953
-0.498689
-1.39591
0.685524
-0.744297
-1.42701
1.13998
-1.0155
-0.429787
0.535657
0.77234
-0.988901
0.568947
-1.39371
1.40334
0.529263
-1.26895
-0.852874
-0.176443
-0.392372
-1.2828
-0.579924
-0.571366
-1.32995
-0.00847295
0.76621
-1.58538
-1.06516
-0.998872
-1.39176
1.6632
0.750279
0.774322
-0.601651
0.997259
-0.692413
1.64416
-0.0982504
-0.333679
0.269785
-0.957021
0.816925
-0.423948
0.212414
-1.25127
-0.238966
0.231653
-1.21623
-0.644133
1.40236
1.33158
1.53495
-0.25951
1.54192
-1.63248
0.192363
-1.68778
-0.915228
0.672238
-1.22362
0.40521
-1.48274
0.59067
1.53661
-0.0343043
-1.50389
-0.621541
-0.961853
1.29488
0.199324
-0.679049
1.53593
-0.320076
-1.1284
-0.0457199
0.892604
-0.644294
-0.385066
0.513221
1.07542
-0.454505
-0.328471
-1.2448
-0.580352
1.10521
-0.233234
0.730938
-1.18457
-1.12998
-0.274877
-1.48215
1.22577
1.25873
-1.51715
-0.468943
0.680149
-1.12787
-1.565
-0.841577
-1.13467
-1.57135
-1.71683
0.499887
-0.145913
-0.920493
0.23658
-0.955282
0.698321
-0.218205
-1.57097
-0.477427
1.15016
0.825649
0.160804
-0.219113
-0.546505
1.71069
0.0619425
1.72346
-0.137628
-0.0723006
-0.115395
0.522995
0.0980059
-0.36954
-0.646264
0.614077
1.34109
-0.168911
-0.0553277
-0.0926469
0.80902
-0.373144
0.0528351
0.263473
1.71746
0.876339
-0.671676
-0.132397
-0.840061
-1.26312
-0.53567
0.485267
-1.47914
-1.24288
-0.6562
0.933803
0.987851
-1.64773
-1.09041
0.649936
-0.509856
-1.07053
-1.57148
-1.50085
-1.70872
1.05316
0.284894
0.710739
1.47486
-0.65258
1.69564
0.777859
1.61759
-1.5698
1.22697
-0.390862
-1.65377
0.886679
0.56776
-0.62957
-0.701108
0.475748
-1.69204
1.41996
0.0945445
-1.39548
1.04758
1.53425
0.961446
0.900278
1.03047
-0.213096
1.29821
-0.451087
-0.772961
1.34877
1.23452
-0.0381509
0.439802
0.406046
-0.0604666
0.916473
-1.68702
-1.23813
0.253465
1.23958
0.291222
-0.652632
-0.645067
1.38962
-0.510374
-1.00852
-0.245286
1.05295
0.985815
-1.38454
-1.0869
0.58669
0.75032
-0.760661
-1.58431
1.17028
0.545013
1.32148
0.629342
0.206396
-0.853797
1.69609
1.03319
0.229703
-0.210749
-0.664246
0.712079
0.0140838
-0.00202626
0.197157
-1.24844
-0.768835
-1.21239
1.60995
1.2909
1.00667
-0.592604
1.33088
-0.0450014
0.567005
-0.145067
1.03381
0.144816
1.63737
0.0117542
0.0361793
0.0496969
0.504095
0.0996265
0.638204
-1.42983
1.00862
1.19778
-0.355882
-1.54661
0.311504
-0.882349
0.429509
0.981667
0.338965
0.969011
0.167184
-0.466145
-1.6842
1.35269
-1.6707
-1.34713
0.156685
-1.59303
1.22651
-1.72282
-1.67751
-1.1386
0.378272
-0.661617
0.565898
0.76273
0.744293
0.39851
1.25799
-0.767473
-1.36661
0.328327
1.27226
1.59909
-1.50285
-0.874278
-1.14681
-0.0837351
-1.67998
-0.550941
-0.804563
-1.47193
-0.888438
-0.0763868
0.641083
0.286999
0.502137
-0.409781
0.0770922
0.174283
-0.712261
0.937736
-1.42658
0.173401
0.584245
-1.5373
-0.372572
-0.220517
0.432492
-0.811663
-0.636464
0.332367
1.68246
-1.44527
-0.439513
0.749996
0.840487
0.763798
1.52444
0.212236
0.121913
-0.434403
-0.314515
1.31367
0.826824
0.53325
-0.946995
1.07929
1.14913
-1.02298
0.634801
1.07088
-0.83263
-0.0270592
-0.408621
-0.399411
-0.7274
1.33325
0.668268
-1.16033
-1.42612
0.697255
0.956628
-1.51446
0.409122
-1.70887
1.47059
0.769075
-1.65705
-0.174644
0.271428
-1.24641
-1.30481
-1.67064
0.0306849
0.7961
1.41578
-0.687677
1.05544
1.19267
1.11967
1.52526
0.975885
-0.355595
1.62977
-0.197018
1.34665
-0.363821
-1.53496
0.607794
-0.633338
-1.11518
-1.29481
-1.49659
-0.518433
1.71031
0.480825
-0.385558
1.07842
0.779203
1.04084
-1.46033
1.11695
-0.443854
0.123982
-1.39556
1.57745
-1.61146
0.229224
-1.63287
-1.33239
0.355563
-0.354067
0.342962
1.51163
0.936408
0.98702
-1.10443
-1.35683
-0.640445
1.09906
-0.141402
-0.287934
-1.23976
1.09521
-0.769694
0.148844
1.47002
-1.33777
-1.27564
0.487867
1.49119
-0.255795
-0.02456
0.460681
1.2412
1.32245
-1.142
1.59656
0.638101
1.69119
-1.26499
1.20158
0.838351
1.5631
-1.07654
-1.6715
-1.0875
1.26491
-0.00853432
0.561993
0.462406
-0.849034
-0.0967439
-0.487397
-0.902763
-1.31408
0.31325
-0.181331
-0.58014
0.186152
-1.6988
-1.50884
-0.364359
-0.628656
-0.0445302
0.489794
0.79539
0.8359
-0.3674
-0.445349
-1.48441
1.58018
0.801874
-0.0241429
1.35115
0.166679
1.32944
-0.281096
-0.327409
-0.946088
-0.605583
0.0267217
1.4491
-0.28317
-1.54419
-1.34427
-0.928781
-0.391781
-0.064779
0.941016
-1.31014
0.297047
-1.36996
1.06008
1.52768
-0.773713
-0.838194
0.218528
0.876094
0.287546
-0.788956
0.576829
0.22018
0.75814
-1.37347
-0.955887
-1.19016
-0.154489
-0.748571
-1.21868
-0.406842
-0.218702
1.23222
-1.33694
1.47476
1.58264
0.082265
1.13648
-0.888404
0.953881
-0.234393
-0.968861
-1.02773
1.37484
-0.669514
1.37104
0.89156
-1.24608
-0.177872
1.57257
0.765622
1.68886
-0.209323
-0.406046
-0.228609
0.66133
1.09575
1.07114
0.781192
-0.788247
-0.361492
-1.26202
-0.249899
-0.0559462
1.64897
-0.718196
0.569816
-1.01063
-1.71668
-0.847829
1.32476
-1.16812
-0.0282179
-0.433289
-0.605979
-0.117761
1.64945
-0.118643
1.6361
-0.172039
1.68874
-0.166926
0.317166
-1.28527
-0.223312
-0.443936
0.428475
1.69509
0.665404
-1.646
-1.68825
0.994434
-0.240619
-1.62245
-0.706613
1.56781
0.863088
-1.14773
0.405878
-1.54248
0.76927
1.58738
-0.0459553
-0.811879
-0.935325
1.5233
0.310685
0.645048
1.1668
0.835999
1.40277
-0.553154
1.27209
1.46065
-0.854925
1.69946
-0.0600838
1.67202
0.947351
-1.3436
-0.113571
-0.337463
-0.930711
1.29703
-1.57851
0.0677412
1.25561
0.142472
-0.940807
-1.30728
-0.951691
-0.390479
-0.490827
0.0819427
-1.60439
0.964141
1.67419
0.0215036
-0.195694
-1.47847
1.35937
0.0788465
0.841374
1.24781
1.09646
1.61717
-0.829971
-0.341631
-0.219373
-0.266602
-0.06083
-0.116257
0.0503216
1.06615
0.67714
-0.780454
0.524712
-0.724773
0.193429
1.51662
-0.625695
-0.855484
0.273022
-0.525414
1.20607
-0.429951
-1.28303
-0.45448
-1.56918
0.507333
1.13558
1.23927
0.402799
-0.823145
1.62212
1.12228
1.53723
-1.09804
-0.722041
-1.33237
1.7047
-1.44902
1.44862
1.09169
0.253379
-1.59229
0.0902843
-1.49169
0.203217
-0.350552
1.06905
-0.657093
0.137585
0.513416
1.36513
-1.47195
-0.383206
1.09369
-1.39039
-0.237163
-1.57207
0.442673
-0.0805917
1.6532
-1.46879
-1.38914
-0.0297736
-1.69643
0.765223
-0.672961
-0.681572
-0.651065
-0.741777
1.19314
-1.16974
-0.789851
-1.24597
-0.154828
-1.24908
-1.41583
-0.366023
1.42815
1.56854
-1.43274
0.642215
-0.814009
-1.47177
1.5223
1.08504
-1.4015
0.363175
-0.379977
-1.33018
0.743226
-0.833598
-0.477102
1.41702
-0.302607
-1.52219
1.53838
0.556982
0.913659
0.910967
-0.0221523
-1.35058
-1.0661
1.46544
0.122684
0.920214
1.10242
1.63098
1.11378
0.404725
-1.15087
1.64642
-0.846077
0.913788
-0.41977
0.333285
-0.804295
1.07058
0.97533
-0.165997
1.14238
-1.5113
1.29258
1.23969
1.70365
-0.627474
0.490118
0.189605
-0.993881
0.580296
-1.21504
0.552551
-0.474186
0.65375
-1.23821
0.371605
0.920272
-1.60199
1.16373
0.542379
0.545829
-1.5849
-1.72119
0.123971
1.32406
-0.535152
-1.4722
-0.0560438
-1.02309
1.28572
0.338014
-0.826951
1.51468
-0.232665
-1.24618
-1.22099
0.741084
-1.41343
-1.46405
-1.32783
1.69441
-0.794672
-1.65286
-1.35543
-1.22602
-1.65426
-1.69586
-0.897623
-0.231294
-1.2573
-1.71058
1.59593
-0.895993
-1.49805
-0.403257
-1.66144
1.65597
-0.844929
-0.357011
-1.39821
-1.48953
-0.611028
-1.62554
-0.553896
1.12127
-1.6238
1.72235
0.953701
-0.292781
1.28771
-0.000634783
-0.053709
0.432621
0.12104
1.19412
0.887639
0.251619
0.802277
1.4555
-0.563968
-0.0303618
-0.979337
-0.761921
1.14147
0.791317
-0.686269
0.940986
1.08295
-1.14188
0.912057
0.0582418
-1.38545
1.66895
0.205145
-1.42282
-0.596949
1.27496
-0.956223
-1.29677
-0.291928
0.587552
1.28343
0.42626
-1.49329
1.69933
0.688369
0.919852
-1.64829
-1.1842
-0.40025
0.054616
-0.507275
-0.767995
1.00101
-0.609478
-1.72315
0.0414191
1.29815
-0.350841
1.00183
-1.0126
-0.289952
1.36687
1.32764
-0.486273
-0.178472
1.24979
0.0745709
-0.454506
-0.652566
1.71104
-1.10848
0.0963176
0.178558
-0.581342
0.154695
-1.20483
1.13894
-0.516025
0.0763077
-0.128232
1.10351
-0.549576
-1.2985
0.948369
1.02907
1.60397
0.835384
0.458459
-0.632076
1.38864
-0.574985
-1.04367
1.13941
1.12866
-0.241856
-0.110035
-1.10535
1.49328
0.607734
-1.10455
-1.19161
1.54676
-1.60141
0.196063
0.293667
-1.27583
-1.00917
-0.410501
0.146594
-1.11632
-0.767849
-0.984774
-1.00629
-1.25736
1.70409
0.232787
0.147117
-0.3179
0.74569
1.15991
-0.719296
1.43987
-0.0608324
1.32438
-1.02172
1.1497
1.49819
-0.205889
0.542044
1.56841
1.37073
0.682773
0.189601
-1.39952
-1.62154
0.0575956
-1.33914
0.920156
-0.889165
1.37482
-0.344695
-1.46646
-0.923164
0.574149
1.72097
1.51596
-0.213663
-1.20461
1.54287
-1.09485
-0.223109
-0.630975
1.59024
0.856884
1.3407
-1.59039
1.42602
1.22052
1.61717
-0.649652
-0.581583
1.11202
-1.21803
0.214674
1.58762
-0.173776
-0.450786
1.51677
0.759766
1.66347
-0.705601
1.24165
1.01817
-1.24454
0.778243
-0.220633
0.320077
-0.334363
1.19176
0.693825
-0.252078
1.29325
0.446558
-0.179168
-0.373685
-0.120199
0.382556
-0.471019
-1.24654
0.282186
0.672034
0.144573
0.945784
1.39274
-0.695417
-0.0385829
1.66261
1.61438
-0.836492
1.65517
1.47745
1.04358
0.30769
-1.3936
0.395628
1.0027
0.702776
-1.56838
-0.501936
-0.995714
0.133753
-0.766112
1.39536
-0.117317
-1.06419
-0.571842
1.00487
-0.365333
1.6069
0.701342
1.59237
-0.2887
-1.25949
-1.59273
-0.638281
0.603552
-1.31887
0.0433113
0.0107358
-1.43493
1.09815
0.24133
-1.19867
1.01229
-1.62598
0.676812
-1.1171
-1.11875
1.59761
0.727837
-1.54101
0.702907
-0.905597
-1.04805
-1.22872
-0.948324
0.468924
1.61749
-0.863431
-1.07458
-0.30626
0.335016
1.14136
-1.33745
0.821497
0.869646
-0.896828
-0.880189
-0.376352
0.0599076
1.68984
-1.03606
1.68493
-1.4189
0.0702893
-0.954009
1.34531
0.428297
-1.4239
0.865537
-0.86135
-1.5733
-1.34964
0.268277
-0.0498723
0.355156
-1.27368
1.01627
-0.722114
-0.562676
0.472562
-0.73956
0.815622
1.35851
0.578514
-0.652341
0.876893
-1.16331
0.375958
0.0665022
1.44954
0.359405
0.238822
1.27383
-1.08057
-0.898313
1.61469
-1.52682
1.42662
-1.28046
0.0212941
-1.06441
-0.892027
-0.910565
0.735412
-0.547901
-1.46377
-0.294207
0.599522
-1.06802
-1.29569
0.774779
-0.548502
-0.400571
-1.71714
1.12082
0.568469
0.175209
1.22302
0.385814
-1.2396
-0.988898
0.99455
-0.391859
0.0229501
-0.286706
-1.13686
1.12006
-1.37462
1.1698
1.0374
1.47899
-1.40464
-0.936488
-0.907242
1.07578
0.747172
1.36775
0.00693998
-1.29186
-0.18546
-1.13902
0.585393
1.40869
-0.0417459
1.64397
-1.00356
-0.184815
1.45209
-0.725394
-0.989464
-0.856196
0.75494
-0.473175
-1.64886
0.0891389
-0.224752
1.22681
-0.915145
1.5435
1.53008
1.26922
0.13844
1.07092
0.525972
0.845699
1.50965
0.486313
-0.966397
1.47439
1.20882
0.423105
0.590642
-1.5737
1.01516
-0.121715
-0.932371
1.23656
1.05324
-1.0854
-1.28455
-1.28661
0.529832
-0.468247
0.0521865
0.346986
-0.185788
1.5688
0.397493
-0.618035
0.29202
-1.32349
0.482179
1.57186
1.71836
0.894814
0.0833222
-0.951941
-1.25795
-1.52173
1.29791
-1.29399
1.68266
-0.341704
-0.633317
-0.466134
1.43609
1.46759
0.6755
-1.35793
0.398546
1.17934
0.357335
0.585516
-1.38835
-0.729027
-0.483512
0.150601
-1.0025
-0.59261
0.248165
1.69046
-0.771162
-0.959021
0.997579
1.22584
1.33048
1.44344
-0.26014
-0.295377
0.618982
0.509947
-1.2767
-0.271572
1.10579
-1.34372
0.145131
-0.0969249
0.257062
-1.52569
-0.508805
-1.34439
-1.34805
-1.10817
1.31605
-0.780352
-0.649982
-0.0457796
0.191453
0.437481
-1.19531
1.54024
-1.36994
1.47503
1.02211
0.976013
0.311367
0.492947
0.532159
-0.111966
-0.606905
1.35445
-1.15823
0.0926701
-1.03075
-1.1197
-0.704793
-1.01745
-1.54303
-1.66802
0.439813
1.0449
0.551863
-0.705173
-1.31494
0.793464
1.39683
-0.483833
0.315941
0.102737
-1.59622
-0.0221974
0.205084
-0.970334
1.72669
1.40804
0.6784
0.00834304
-0.136666
-1.59019
-0.543951
-0.908027
-0.700711
1.50612
0.547272
-0.937018
0.611407
-1.33261
-1.18444
-1.26585
0.918388
-1.57882
1.31755
-0.216013
0.131351
-0.244898
-0.0495669
1.38675
-0.269313
-0.405893
-0.743235
-0.156519
-1.14299
-1.62947
0.634124
-1.04502
0.812955
0.241371
-1.42773
0.812047
-0.73475
-1.16267
1.40409
-0.782613
-0.366696
-1.14582
-1.55419
1.23822
-0.410575
1.36174
0.579098
1.03888
1.67088
-1.72478
1.13564
0.794162
1.26936
1.41779
0.657998
-0.615552
-0.585231
1.01514
0.665178
-0.616519
-1.5233
1.01385
-0.399117
-0.192679
1.13937
-1.34814
0.757929
-0.601485
0.756679
-0.00735486
0.0473594
1.10683
-0.706894
-0.484088
-0.81682
-1.30128
-1.1306
-0.168876
-0.433029
0.732723
1.21443
-0.465034
-0.893631
-0.0855977
0.166225
0.565302
-1.2644
0.135785
1.4034
1.47822
0.114073
1.44492
-1.29308
-1.16508
0.0919937
-0.136793
-1.10937
-0.724622
-1.31555
-0.707198
0.151339
-1.1188
0.401467
0.318046
-0.326341
1.38628
0.191622
-0.935911
-0.429374
-0.274801
-0.801172
0.247053
0.790091
1.00521
-1.65648
-1.04613
1.36598
1.15738
-0.931965
0.524347
0.444774
0.221574
-1.60044
1.11261
-0.903739
0.0517196
0.621465
1.17343
-1.72599
1.63856
-0.596518
-1.62233
1.04606
1.28035
-1.60239
0.608847
1.66973
-0.522992
-1.44309
1.05317
0.926798
-0.198215
1.47671
-1.40461
-0.705315
-0.166486
-0.95586
-0.62997
0.5193
-0.0129536
0.0467645
0.190324
0.585264
1.63466
-0.996861
-0.745711
0.20072
0.0567711
1.26174
1.61848
0.0428835
-0.882137
-1.16141
-0.370964
1.68702
1.25316
-0.241411
-0.634441
-0.149661
-1.49662
-1.49844
-0.723905
0.323704
0.849909
0.909243
-0.6291
1.33453
0.296004
-0.272065
-1.66205
-1.03718
-0.251014
0.36969
-1.06995
0.100695
-1.57772
0.84005
-1.57692
-1.48446
1.61433
0.266252
-1.47542
-0.334283
0.257046
0.0426025
0.553633
1.33843
1.63755
1.64975
-0.836146
1.50301
-0.6901
1.48001
0.181266
-0.842982
1.45633
-0.598446
0.647438
0.358402
-0.389411
-0.129133
0.589322
-0.823147
0.397539
0.629635
0.063843
1.65181
1.32936
0.214002
-1.20031
-0.716003
0.793476
0.769994
-0.77401
0.19075
1.70114
0.570485
0.333819
0.947867
-0.713144
1.31278
-0.0340932
-1.35694
0.930392
-1.60503
0.476099
1.3889
0.0193445
-1.27955
-0.696224
-0.377477
1.42412
0.114048
-1.36286
-1.33022
0.248617
0.363675
1.45639
-0.292871
0.0739961
1.10897
-1.39432
0.0028289
0.99627
-0.939001
-1.43614
-0.00779436
0.735184
-0.919687
-1.00793
-0.0488267
-0.910183
0.484579
0.199245
-1.03451
1.40758
0.573497
1.30099
-0.436236
0.00137239
0.485745
-0.284119
-0.264844
-0.619392
-1.57773
-0.418416
0.297425
-1.2888
-0.159937
-1.38067
-0.834076
0.611776
-0.0916994
1.44132
-0.52455
1.69281
1.70928
0.371192
-0.902237
1.65371
-0.698149
-0.398943
0.652936
0.808546
-0.1154
-1.0894
0.864231
-0.864499
1.73157
-1.11126
1.60918
1.41879
1.69491
0.326671
-0.250883
0.548786
1.09705
-0.610872
-1.08622
0.613044
1.16028
-0.309382
-1.07445
0.934433
1.41087
1.45513
-1.20905
-0.537939
1.39094
-0.976681
0.41224
0.174072
-1.39634
1.65764
0.897131
1.60879
-1.05333
1.64669
0.276954
0.279077
0.0294969
0.753989
0.156308
-1.50898
0.458471
-0.997921
-1.25198
-0.831793
-1.18058
0.475547
0.542233
-1.72402
1.5431
-0.677421
-0.171352
-0.455783
1.55805
-1.72345
-0.0043865
-0.560424
-0.51936
1.27504
0.505208
1.63824
-0.952726
-0.348849
-0.105994
-0.694762
0.13468
0.919013
0.951815
-1.5668
-1.58463
-1.11691
1.10711
-0.830825
-1.63112
-0.603154
1.69556
0.337219
-0.688156
-0.457688
-0.155609
-1.44525
1.34196
1.18648
1.59081
-1.53123
0.945249
0.482811
1.00464
-1.04622
-1.51543
-0.0358453
-1.1445
0.534548
-1.71433
0.739647
-1.01272
0.0827239
-1.5655
0.886706
-0.423362
0.749342
-1.5327
0.698167
0.133249
-1.72173
-0.735582
0.499109
0.613054
-0.396735
-0.171501
-0.20936
1.3191
1.55768
-0.582155
1.44378
0.991897
-0.859314
-1.08365
1.50728
-0.879503
-1.63453
-0.998034
-0.324359
-1.2117
-0.0995289
1.49796
-0.0435089
1.68658
-1.39561
-0.0672606
0.768502
-1.49106
-1.45549
1.59595
0.767344
-1.07669
-1.66479
-0.438946
0.792956
1.30098
-1.06173
-1.07004
-0.969563
-0.753286
1.56706
0.78632
-0.828936
0.886624
-1.13448
-0.496987
1.02564
-1.41042
0.336171
-1.11912
1.47896
-1.30643
0.153499
0.715843
-1.65397
0.720086
0.333384
0.646526
-1.27123
0.193639
-1.11654
1.59128
0.450606
0.270669
1.58155
-0.186974
0.164775
1.00858
-0.22871
-1.62689
-0.00606206
1.48663
-1.49754
1.56325
0.453501
0.700145
0.651832
-1.3101
0.359871
-1.60023
-1.37527
-1.43426
0.478939
-1.25824
0.0486622
0.541289
-0.718401
0.518742
0.632468
1.13881
-1.5033
-1.27975
-0.23797
-1.35378
-0.35632
0.0799607
-0.471931
-0.063205
0.756746
1.61292
-1.72035
-0.0468045
-0.905896
-0.88121
-0.546563
-0.608599
-0.75917
1.48093
-1.08243
1.43233
-0.32017
0.777415
-1.41829
1.37942
0.297113
-0.843216
0.131748
1.04562
-0.694168
0.957398
1.59193
-0.27269
1.13264
1.7265
1.11717
1.43958
-0.447324
-0.534481
-0.291751
1.49237
-1.14089
-1.41162
0.0114083
-0.730656
0.218935
1.45239
0.8105
1.21856
-0.150295
-0.12109
1.10488
-0.69631
0.344017
0.00673022
-1.63324
1.16746
0.432793
-0.92771
0.817582
-1.02765
0.606276
-0.748288
-0.324373
-0.159255
1.67055
1.259
-0.067672
1.51472
1.02229
0.197258
0.469105
-1.28914
1.66174
-0.0245299
-0.607483
1.10344
1.0156
-1.20077
0.424416
0.505902
1.1902
1.33096
-0.800029
-1.58183
0.126244
1.60887
-0.475675
1.46879
-0.214171
1.20663
0.279751
1.24999
-0.852775
-1.14793
0.0419983
-1.20706
-0.462123
1.7221
-0.00536333
1.2465
-0.0503832
-0.912742
0.814926
-0.178636
-1.04515
0.379167
-0.417576
1.12416
-1.0187
-0.295899
0.205223
1.52391
-1.19679
-0.574152
-0.694701
-0.508156
0.340412
-1.39485
-0.511535
-0.948398
-0.974047
-0.687657
0.702114
-1.08454
1.2025
1.61559
1.44643
-1.15
-0.447849
-0.908105
1.62269
-1.23813
-0.283809
-1.11184
1.59591
0.76992
-0.891084
-0.254347
1.48449
1.47641
-0.871058
-0.262509
-1.36618
0.371548
-1.32266
-0.883462
1.0357
0.910616
0.109346
-0.642395
-0.847614
-0.876807
-1.5058
1.11639
-0.579054
-0.248337
-0.362929
-0.780181
-1.1945
1.29251
-1.51015
-1.33243
-0.436828
-0.918083
-1.36032
1.39329
-1.665
-0.329716
-1.56425
-0.660015
1.17097
0.456696
-1.27945
-1.42208
-0.587188
0.293767
-1.32692
-1.05444
-0.511793
1.47621
1.34221
-0.516527
-0.458657
-0.824287
1.1204
-0.460571
-0.666703
-0.142866
-1.15605
1.00031
-0.900671
0.190246
-0.784406
0.0343829
-1.6107
1.52637
-0.422062
-1.32684
-1.54748
0.755841
0.48393
-1.35702
-0.729263
1.11919
-1.19393
-0.306906
1.66327
0.553563
-0.071693
-0.275722
1.28121
-1.19573
0.0264812
-0.578138
0.922326
-0.629956
0.376408
-0.740753
-0.828119
0.762441
1.22124
-0.615619
0.282701
0.721456
0.490616
1.08076
0.908213
1.69203
-1.65828
-0.584634
-0.352178
-1.70584
-0.461694
0.572009
-0.428322
1.01859
1.68612
1.2112
1.72462
1.61648
-0.0564073
1.48668
-0.665679
1.66223
1.42715
-0.661024
0.714756
1.40748
-1.01444
1.24624
1.01282
1.6881
-1.09698
-0.280341
-1.59479
-0.563158
1.52715
-1.04656
1.46128
0.312896
1.64659
-1.25417
0.391108
-0.23495
0.10114
1.58266
-1.0616
1.43255
-1.27731
0.334341
1.27755
-1.09652
-0.27553
0.0261174
-1.39935
1.39291
0.0692349
-1.4189
-0.584527
-0.230516
-1.47138
1.62617
-0.963028
1.09894
-1.68563
1.57546
1.27224
0.450511
-0.937503
-0.756822
1.40836
-0.375332
-1.33332
0.758233
0.972284
-1.52641
-1.45379
1.19308
1.3472
-1.66279
1.14717
-1.35422
1.02783
0.395563
0.743455
0.413245
-0.964923
0.590152
0.546296
-0.677994
0.884188
-0.601659
1.28472
-0.157135
-0.189425
1.66291
1.02963
-0.281145
1.27533
-1.46093
0.663411
-1.45766
1.67779
0.624216
-0.352723
-0.551683
0.232821
-0.180117
-1.12049
-0.58215
-1.57495
0.679296
1.58665
-0.484735
-0.979857
-1.40403
-1.60049
1.2153
0.645707
0.187972
-0.0966736
1.5901
-0.628118
-1.28057
-1.39567
-0.068184
0.416785
-1.22644
0.149129
-0.618568
-0.172011
1.06269
-1.18683
-1.28367
0.0478083
-1.7037
-0.594951
1.3213
-1.65148
-0.180133
-0.337817
0.776797
-1.02572
-0.415732
-0.191746
-0.718644
1.20698
-1.55196
-0.578763
0.790332
0.32011
-0.193772
-0.586006
-0.699103
0.0365892
-1.48311
0.0228115
1.61182
1.3675
0.311293
0.801255
-0.353184
0.579634
-0.473172
-0.580455
1.51586
-1.02699
-0.835713
0.735296
-1.36754
0.801431
0.503737
-0.121221
-0.0611506
0.202238
-1.28384
0.0973302
0.572648
-1.19274
0.181104
1.20664
0.263638
-0.211996
1.63309
0.704675
-0.520896
1.53127
-1.09861
0.790326
0.1234
-0.66764
0.308252
0.0829803
0.122469
-1.49461
1.64608
-0.277434
-0.442594
-0.334491
0.0449773
1.59374
1.63631
-1.22752
0.870898
0.680915
0.382745
-0.10677
-0.0661514
-1.1118
-0.980974
0.0979559
-1.49434
-1.09536
0.375689
1.45971
-1.49545
1.37931
0.641174
0.538862
1.62284
-1.46011
0.017227
-0.734026
-0.190477
0.0460047
0.126749
0.534178
0.609944
0.241938
0.188791
-1.2608
0.0301615
-0.339917
-1.68591
0.708827
0.227371
1.67148
0.558908
-1.6356
-0.0388289
-0.223726
-1.35164
-0.389832
-0.424411
0.173286
0.597038
0.464821
0.718336
0.526098
-0.768572
0.197652
-0.062934
-1.27355
-0.487536
-0.0850163
-0.618332
0.192916
-1.21927
-1.12963
-0.968964
0.177492
0.739021
-1.22861
0.550554
-1.53534
0.520163
-1.06368
-0.580555
-0.228633
-1.02983
-1.06817
1.10873
0.351427
0.776602
0.144127
1.49724
-0.173165
0.685384
-0.403332
-0.860729
0.0407491
-0.681297
-0.411118
1.70499
-0.266006
-0.404729
-0.565401
1.38713
0.30113
1.46345
0.913489
-1.71836
-1.33398
-1.50049
-0.0519703
1.42226
-1.37805
0.0109963
-1.57658
-0.899441
0.839562
0.627494
-0.692514
-0.564721
-0.844012
0.432246
-0.139417
-1.71354
-1.44191
1.56164
1.04301
0.0497217
-0.296722
1.28372
1.24936
-0.54327
-0.0956503
-1.44496
0.599384
1.70735
-0.643222
-1.43654
-1.2496
0.0666293
0.382152
-1.05301
-0.331636
1.62482
-0.716149
-0.194974
-0.0820747
-1.42156
-1.55457
0.115711
-1.44496
0.544783
-1.23038
-0.388176
0.903674
-1.5289
0.860132
0.159503
0.555067
-0.497897
-1.40112
-0.899433
1.50886
-0.388673
-1.41879
1.24702
-1.58615
-0.167619
1.09445
-1.01481
1.2645
-0.0322838
1.5254
-0.818637
0.945747
0.464084
-1.2586
-1.66615
0.0584055
-1.68728
1.64711
-1.16146
0.893864
-1.576
-0.677125
-1.03733
0.0550196
-1.6459
-1.68854
-1.47413
-1.50053
0.748988
0.238443
-1.09969
-1.25262
-1.02147
1.32844
-0.222062
-1.06309
-0.767679
-1.12786
-0.370167
-0.442496
0.649795
0.204951
0.377437
0.14961
-1.03304
0.812564
-1.31144
0.0281137
-0.224252
-0.385097
-1.55888
-0.376632
0.558572
-0.322357
-0.596544
1.19484
1.23114
-0.29407
0.996235
-0.813275
-1.16422
0.486322
0.915873
-0.863167
0.426415
-0.21626
-0.124611
-0.743663
1.44151
-1.33856
0.180005
-0.331721
1.28873
-1.14841
-1.40034
0.945322
-0.663499
0.986973
-1.4728
-1.181
-0.492405
-0.2943
-0.749875
1.12369
-1.2039
-0.300638
0.751326
0.891319
0.550157
-0.216628
-0.48186
-0.56111
-1.53366
-1.33986
-0.133932
-1.29385
-1.32121
-0.0334527
-0.368241
1.13183
-0.884036
-0.876261
-0.760409
-0.262604
1.7192
1.25197
0.861524
-1.5795
0.756809
-0.475068
-0.41546
0.806977
0.395194
0.0429294
0.0203752
1.65993
-0.651765
0.12822
-0.452164
-1.41748
0.296737
-1.08969
-0.171709
-0.343614
-1.32925
-0.143505
-0.416843
-0.0953519
-0.0578354
-0.791077
-0.236584
-1.69214
-0.48692
0.977132
-0.877117
-1.2996
-0.241615
-0.265013
-1.29006
0.747006
-0.244264
1.407
1.39312
1.58268
-0.923089
1.56939
-0.49522
1.62494
1.10255
-1.57506
0.705602
-1.22321
0.120988
0.603135
-0.499636
1.61102
0.342338
-1.4575
-0.605275
-1.63648
0.97017
-0.238871
0.651546
-1.72434
1.64628
0.640319
-1.20876
0.183959
-1.50262
-0.701051
-0.846866
-1.08432
0.225964
1.48352
-1.18201
-1.2527
1.52758
1.24421
1.00563
-0.861984
0.551288
1.26167
1.08662
0.215503
1.62208
0.164618
-0.956738
1.49986
-0.252085
0.76971
0.18095
-0.850439
-1.10977
0.673168
-1.02131
0.16419
-0.323714
0.64493
0.0785582
0.267534
0.233643
-0.808851
0.250325
-0.941246
1.27745
-0.222792
-0.172053
-0.767485
0.653505
-0.27564
0.868428
-1.03153
-1.31988
0.879291
0.198651
0.249667
1.66906
-0.457595
-0.21763
-0.446792
-1.69054
0.629033
-0.975147
-0.756154
-0.242937
0.0313144
1.21392
1.30874
-1.44474
-0.982735
0.220608
-1.57785
-0.483521
-1.67554
-1.7058
1.4454
-0.119061
1.51872
-0.317058
-0.258151
1.6327
1.26036
-1.47713
-0.19677
0.189161
-0.665467
-0.215374
0.718504
1.69383
-1.0106
-0.46884
-0.324131
-0.971644
1.0355
-1.38172
-1.51643
-0.435212
-1.28465
-1.1618
-0.955319
-1.61384
0.0107368
-0.140469
-0.670452
-0.628645
1.06054
0.672405
0.82774
-0.923492
0.821483
-0.572866
0.356108
0.379994
-0.303115
0.237353
-0.555915
0.0155774
-1.63507
-0.845455
0.887708
-0.991578
-1.46356
-1.30439
-1.27505
0.222902
0.958544
-0.925522
1.5701
0.936222
0.63432
-0.510672
1.62578
-0.208124
-0.893045
-0.205963
-0.300452
-1.28543
-1.0811
0.719151
-1.04321
1.53133
0.019174
-1.37273
1.05235
-1.06494
-0.0108035
-0.414405
-1.27541
0.306361
-0.974866
-0.0854796
1.51868
0.676116
-0.529741
0.959783
1.65354
-1.46076
-0.198805
-1.37887
-0.413042
0.51159
-0.357094
0.421225
-0.881972
-1.59965
0.823316
-0.43828
-1.33645
-1.61742
-1.55047
-1.31976
1.136
1.34507
-0.638209
-1.50084
-0.971184
-1.4038
0.764428
-1.44273
0.273272
-1.48802
-0.041138
0.557559
-1.57766
0.278555
1.57249
0.0035745
-1.44884
-0.644278
1.40955
-0.00132939
0.72116
1.5731
1.54407
0.38187
1.03632
-0.581217
-1.54443
-1.49834
-0.411524
-0.141366
-0.317474
1.53356
1.25421
0.713038
1.09472
-1.0371
0.0198547
1.68267
-0.791537
0.275295
0.638649
1.26177
0.00159096
1.63716
-0.798447
0.12962
-0.810659
-1.70071
0.82365
1.42157
-0.811257
1.18917
1.61715
-1.3159
0.115721
0.950949
0.557846
-0.426937
-0.6848
0.555445
-0.678613
-0.0954586
-0.730111
-1.39031
-1.27516
1.65313
-1.5124
-0.64163
0.85763
0.25221
-0.829531
1.0863
-1.57855
1.49625
1.5627
1.02456
0.644765
-0.924395
-1.11218
0.0813157
-0.332568
0.449898
0.941488
0.459624
0.0544674
1.12051
-0.537906
-0.975984
0.364121
0.39675
-0.279233
0.477579
-0.196326
0.966674
0.636096
-1.11921
0.549321
0.879758
0.567259
-1.25383
-0.727506
0.699326
-0.654576
-0.752044
1.39105
-0.27019
0.289923
-0.924397
-0.617205
0.0252353
-1.42631
0.295554
0.656193
-1.055
1.48305
1.21656
-1.10351
-0.0791642
-0.19063
1.07526
1.60212
-1.43495
-0.487562
0.754492
1.05984
-1.15687
-1.71188
-1.4388
0.471719
0.560827
-1.27079
0.262839
-0.821805
0.567013
0.74648
0.0262309
-1.64491
0.992493
0.870606
-1.59566
-0.265632
0.0353573
1.46126
-1.38506
-0.88377
0.440613
1.54739
1.52082
1.42166
-0.138475
-0.201422
-0.111024
-0.538297
-0.0860492
-1.45979
-1.20931
0.153342
1.57444
-0.840393
-0.980073
1.41876
0.762388
0.732995
-0.211686
0.903564
0.817291
-1.43955
0.354551
-0.606343
0.458868
0.316896
-1.25529
-0.299986
-0.338528
-0.880765
1.68391
1.15422
1.34031
-0.995014
-1.51631
1.0427
1.26834
-1.39582
0.670976
0.723575
0.480061
0.589702
-0.057671
-0.095127
1.21774
-1.32936
-1.62634
-0.605306
-1.66556
1.7308
-0.320144
-0.987237
0.579231
-0.551995
0.396569
-0.970258
-1.55894
-0.135491
0.98247
-1.61223
-1.13366
-1.17266
-1.58006
1.17675
-1.31328
-0.470755
-0.615425
0.773956
-1.09924
-0.899002
0.828996
1.17577
-1.21684
1.05759
-0.386952
1.14724
1.03649
1.20204
0.187328
1.37459
0.758428
-0.250815
-0.740073
-0.269146
-0.33702
1.58642
-1.57224
0.259664
0.110481
0.226616
-0.854584
0.345904
-1.73119
-0.542949
-1.07125
-1.40514
0.0253252
1.65268
-0.759602
0.171432
0.592927
1.53855
1.21209
1.69251
-0.037768
-0.0864632
1.15627
-1.29624
-1.69935
0.753541
-0.258306
0.321475
0.65638
-1.54299
-0.537542
-0.105439
1.5742
-0.847933
0.844894
0.864631
-0.468239
1.10588
-1.14279
0.129762
-0.400209
1.55924
-1.27038
-0.996073
1.04915
-1.69672
1.5578
-1.53085
0.530471
-0.551873
0.321736
0.696401
0.125451
-0.944198
-1.13825
0.0119965
-1.13159
-0.932375
1.13506
1.15361
0.803642
-0.835869
1.56811
-0.211475
-0.285431
0.700168
0.0829145
-1.39959
1.21968
0.851877
-1.25562
-1.0303
-0.144304
1.67743
-1.49921
-1.35253
1.70707
-1.379
-1.3895
-0.572465
1.06155
1.23732
0.985853
-0.865131
-1.5841
-1.55165
-1.70213
0.55967
-0.677891
1.27894
-0.577037
-0.286942
-0.585953
1.52908
0.539729
0.287389
-0.357893
-0.576138
0.635732
1.35842
1.34927
-0.954879
-0.449883
0.265373
0.586482
1.62919
0.77611
1.52936
-1.02535
1.56085
0.328645
-0.212716
1.38076
0.675909
-1.5883
-0.0414962
1.42654
0.166202
1.72922
1.41981
0.466219
0.369394
0.866121
-1.13393
1.30114
-0.537409
1.5902
0.455808
0.554524
0.502462
0.538609
0.936669
-0.145429
-0.203101
-1.3921
1.02353
1.15397
-1.19981
-1.44082
-0.0219545
-1.11878
-0.458407
0.710839
0.571182
-0.982896
-1.32429
-1.16628
-1.54348
-1.2413
1.64478
0.225108
1.58132
-0.318665
-1.00588
0.552966
0.195465
1.1135
0.216791
-0.31818
1.44944
-0.305167
-0.121902
-0.269444
0.77737
-0.461034
0.609653
0.471037
0.888361
0.621103
1.20851
0.622161
1.58449
1.45043
0.73117
1.66499
0.798238
0.763708
1.09181
0.88272
1.57135
-0.793268
-0.938929
-0.0955662
-1.18189
-1.30529
0.480905
-1.72896
0.733953
1.29963
1.14586
0.0205913
-1.70225
1.57467
0.61053
1.72914
-0.264643
0.345805
1.20125
-1.35982
-0.205294
1.3679
0.114611
-1.22383
-0.738686
0.537816
1.23745
0.706656
-0.791418
1.19236
-1.14847
1.3959
0.652551
1.35646
-1.16982
0.742249
1.12424
0.717844
0.781765
0.539748
1.17485
-0.0705509
0.829675
0.630475
-1.65107
1.32423
-1.65505
-1.34499
1.11874
-1.68733
-1.03522
0.806814
1.26046
0.190759
0.316277
-0.0390422
0.370085
0.979573
0.294424
1.25181
1.06551
-1.36595
-0.785077
0.979056
0.139361
1.59485
-0.882199
0.430788
1.46679
1.19165
1.03683
0.179177
0.463674
-1.34816
-0.726801
-0.0485208
-0.196597
0.918529
0.0267594
-0.145245
-0.676933
-0.27745
-0.484296
-0.529941
1.25534
-0.108284
-0.787612
-0.457857
0.111676
-1.64502
0.327816
-1.27216
-1.72911
0.92535
-0.374306
-1.43171
-0.862616
-0.464178
-0.717152
-0.867086
-0.373816
-1.64116
0.758908
-1.41944
1.68997
-0.805861
0.723112
1.23039
1.39248
1.414
-0.992916
-1.02177
-0.115433
-1.16197
-1.55388
0.633726
-0.694068
-1.45032
-1.64054
0.104956
-0.540656
-0.200728
0.713532
-1.31525
1.0965
1.51801
1.72174
-1.17879
1.41051
-0.739449
-0.78381
-1.19866
1.42983
1.67996
-0.647947
-1.58596
-0.21435
0.278669
1.13726
0.977812
-1.48139
1.72821
-0.23735
0.50585
1.45472
-0.231919
1.30012
-0.938486
0.789018
0.81094
-0.404136
0.230452
0.156795
0.0758659
-0.0467785
0.468683
-0.313936
-1.40017
-0.711555
-0.0533235
1.07827
-1.08274
0.522296
-1.71054
-1.24817
-0.686336
0.945896
0.988686
-1.62543
0.738801
0.799461
0.403966
1.69541
-0.133296
0.997825
-0.722523
-1.35448
1.08544
-0.639553
1.5899
1.69552
-0.583725
-1.46727
1.59099
-0.321208
-1.3392
-1.08784
-1.48017
0.668287
0.697652
-0.482249
-0.810769
0.349409
-0.115648
-0.410498
-0.53154
0.351242
-0.76637
1.54213
0.968393
0.777701
0.893725
0.178555
-0.356986
0.0140256
-1.72259
-0.571983
-0.0338459
1.31636
-0.959587
0.0345061
0.772924
-0.267632
1.01211
-0.572948
1.35522
-0.442396
-0.153342
0.86011
0.580947
-0.557565
-1.40594
-1.17896
-0.308408
1.58854
-0.530345
0.228
-0.719029
0.0866866
-1.42444
-0.397516
-1.15786
-0.563227
-1.63364
0.156096
0.481025
-0.455
-1.20778
-0.3255
-0.038434
-1.58622
-1.61693
-0.669519
1.14092
-0.201646
0.0125264
0.146238
1.69138
-0.350501
1.48996
1.58737
0.772653
1.69595
0.790199
-1.18709
-0.304424
0.812433
1.64736
-1.31951
0.185586
-0.635312
0.9663
-1.05214
-0.974799
-1.69605
-1.40246
1.72499
-0.475935
-1.11741
-0.714177
1.32471
0.536079
1.35832
-0.138605
-0.384097
1.00427
0.240067
-1.03764
-0.478275
-0.196051
-1.06384
0.67334
0.758291
0.978423
-0.00562256
1.2345
0.313521
-0.305193
0.158869
0.269263
0.426564
1.68697
1.42883
1.09643
1.12374
-1.29447
0.00751501
-0.216092
-0.198979
-0.456132
0.86478
-0.49799
0.629877
-0.133752
-0.344055
0.22773
0.94744
-0.338151
-0.273673
-0.56272
-1.58902
0.682349
-0.370885
0.365272
-1.49918
-1.37704
0.809121
0.632797
-1.60954
-1.05989
-0.0993913
0.242225
-0.798352
-0.00800642
-1.41353
0.600661
0.690101
-1.71895
1.59854
-0.630502
0.999147
1.34528
-0.0617269
0.55661
0.162835
-1.40796
0.969572
-0.942907
0.487068
-1.33966
1.45954
-1.34021
-0.209913
-0.877124
0.2994
0.0306137
0.234467
0.432228
-1.63577
1.18399
-0.652711
-1.01424
-1.26045
-0.994181
-0.657903
0.824908
-1.28185
0.864858
1.58507
0.69241
0.727636
-0.0410077
-0.915376
0.0950043
-0.42326
-0.452506
-0.722755
-1.08372
0.0428593
0.557174
-1.31776
-0.624863
1.46704
0.570429
0.0873677
1.08806
1.67332
-0.284101
-0.269668
-1.27616
-0.022287
-0.403429
0.342443
1.26528
-0.617196
1.65263
-0.592447
0.181856
0.535763
0.725527
-1.0803
-1.49572
1.11675
0.422996
1.49836
-1.16766
1.58363
0.3804
0.164397
-1.18135
-1.49682
-0.745357
-0.26982
0.815591
0.328873
-0.427861
-0.581602
1.02685
-0.690451
-1.16659
-0.104725
0.798545
-0.363006
-1.57767
-1.12734
0.59392
-0.699996
1.16516
-0.764722
0.611506
-1.41049
-0.93925
-1.35218
1.19341
1.62372
-0.684952
-1.64056
0.518976
1.10958
-1.67165
-0.950063
-0.261098
0.739748
0.0715823
-0.988811
0.215965
-0.464295
0.468838
0.927091
1.6992
1.38221
1.08075
-0.225405
1.32934
1.52464
-0.996788
-1.45656
-1.49862
-0.3243
0.650478
1.0522
0.100595
0.235508
0.450207
-1.17728
0.521289
0.928192
-1.17966
0.708002
0.644223
-1.65444
0.00678801
1.35314
-0.671375
-1.16641
-1.06834
-0.675917
1.16984
1.41982
0.525569
1.61793
-0.806368
0.256784
1.43556
-0.428273
-1.02775
0.133192
-1.72549
0.465912
-1.17678
0.931026
-0.668642
-1.62206
-1.20785
-0.676052
-1.48451
-1.51123
-0.775481
0.350926
-1.36494
0.875549
-1.68282
-1.13867
0.968804
0.602807
1.09345
0.803781
1.24363
-0.980672
-0.548058
-0.567781
-0.945836
1.7115
0.0147191
-0.76987
-1.63879
0.749677
-1.12808
0.107941
-0.0721654
-0.717171
-1.73064
0.278288
1.22862
0.414523
-0.188973
0.510696
-1.71624
-0.461963
1.46375
-0.901821
-1.69315
1.71346
1.04684
-0.590385
-1.17485
1.31014
-1.02962
-1.16355
0.382054
-0.417072
-1.18689
0.0898486
-1.5272
-1.46387
-0.678089
-0.837105
-1.25769
1.04228
0.103978
-0.222682
-0.278562
1.51977
1.05131
1.67411
1.00339
-1.13718
-1.36244
0.195936
1.30079
-1.64516
-0.647169
0.126915
-0.634614
-0.0201885
-1.44562
1.47872
1.01315
0.419692
0.930134
1.38629
-1.64781
-0.195395
0.548183
-0.961415
-1.50326
-0.184533
1.60523
1.55275
-0.811302
-1.30615
1.19509
-0.447301
1.43617
0.994279
1.60079
-1.53923
-1.70816
-1.37894
1.42209
0.960159
-1.29435
0.910038
-0.644521
1.46136
-0.99924
0.784731
1.33464
-1.54587
-1.51176
0.27233
-0.0877591
0.141547
0.331761
0.237131
-1.64952
-1.71607
-1.27988
-0.865677
-0.56572
-0.525854
-0.101424
-1.09653
-0.108725
-1.69987
-1.48962
1.71404
-0.287922
0.302964
0.90849
1.72621
0.564405
-0.144985
0.197029
-0.68852
0.869701
0.810397
-1.29044
-1.11251
0.424131
-1.24757
-1.50566
-0.714984
1.40893
-1.0208
-0.928597
0.33752
0.635898
-0.0783552
0.270183
0.637962
-0.191414
1.3059
-0.0470565
-0.978734
-1.31744
-1.33384
1.58563
-1.3485
0.0292347
-0.589336
0.571389
-0.865923
-0.616764
1.52027
-1.41763
0.560725
1.44535
-1.72445
-0.591845
-1.45475
-1.06371
0.396525
1.60729
-0.137389
0.867215
-1.3199
-1.32544
-0.407942
-0.916758
-0.603152
1.66882
-1.60126
-1.07677
0.570694
0.394503
-0.396398
0.0747111
-1.45529
0.432699
0.690579
0.471859
-0.293777
0.984053
0.26248
0.602418
-1.3692
1.44458
-0.541707
1.64594
0.923735
1.53502
-1.65207
0.898416
0.818998
-1.06026
0.852928
0.747043
-0.227154
0.908253
-1.09913
1.2917
0.236766
-1.56084
1.33831
-0.63838
-1.19614
1.46874
0.072288
-0.882
-0.513091
-0.523116
0.22938
-1.2452
0.828274
0.159427
1.18013
0.315194
-0.970763
1.19206
1.22257
0.153718
1.54145
-0.00613053
0.97555
0.211309
1.20715
0.27764
-1.18178
-0.550832
0.709239
0.806607
-0.891243
-0.636349
-0.354167
1.16349
-0.408519
1.19475
0.97087
0.802345
1.64293
-1.26072
0.0149559
-0.919906
1.53963
-0.127996
1.45445
-0.23075
-0.962988
1.6446
-0.964655
0.193072
-0.181157
-0.729133
1.02109
1.71108
0.100206
1.63306
-1.66536
-0.980588
-1.0774
-0.153724
-0.581023
0.580151
-1.17898
-0.0895358
-1.13512
-0.170292
0.078836
-0.74578
-0.826927
0.423488
1.29563
0.00839783
0.500072
-1.16493
-0.138812
-0.910904
0.233237
-0.794675
0.842959
-0.862325
-0.253181
-0.397838
0.191177
0.825509
-0.413109
0.876578
-1.56137
0.844602
-0.962963
0.146073
0.666015
1.06516
1.61297
-0.138176
0.98805
0.895237
-0.579691
1.66795
-0.77846
-0.49453
1.68201
1.43588
1.57153
-1.18832
-0.903678
0.992292
1.66147
0.369519
1.19847
-0.530907
-1.5963
-1.69268
-1.412
0.137562
-0.738249
-0.81254
1.08095
-1.55083
1.26936
-1.27155
-0.0713254
-0.112267
1.28673
0.4208
1.50144
1.5514
-0.353453
1.28883
-0.418954
-0.743086
-0.881397
1.46629
-1.28027
0.425968
-1.44093
0.28416
-1.1697
0.464786
0.87429
-0.301795
0.975562
-1.58262
-0.299858
-1.12921
1.28316
-1.54317
0.785225
0.85913
-0.703904
-0.312209
1.29463
0.327573
-1.46295
0.470794
0.963643
-0.0352521
-0.539532
0.399336
-0.118454
1.6713
-1.29448
-0.0637743
1.13226
0.851953
-0.192364
-0.857475
-0.718926
-0.0489332
1.60023
0.87378
-0.0348241
0.83424
0.728743
1.23617
1.16848
0.216731
1.19776
0.766971
-1.05304
1.06368
0.903425
-0.578132
-1.65331
-1.17089
0.114266
0.0760937
-0.320998
-0.0165555
1.0492
-0.0204652
0.235652
-0.731425
-1.36458
-1.48535
-1.18768
1.28556
-0.995962
0.228117
-0.423348
-0.570731
-0.679624
-0.91888
-0.910282
-1.43319
-0.189974
-1.58866
0.394814
0.833729
-0.252438
0.272675
-1.25706
-1.1022
1.37221
-0.260245
0.675101
0.110133
0.420423
1.08573
1.13326
-1.16953
0.693208
0.717862
-0.0619699
-1.43128
0.913115
1.57233
0.592991
-1.26189
-1.45562
-1.19009
-0.699625
0.600949
-0.944043
-0.710178
-1.0211
-1.05847
0.768132
-0.196585
-1.23539
-0.958603
-0.040895
1.06602
0.0133957
0.447278
-0.576896
-1.31904
1.55957
0.844367
0.984897
0.162129
-0.966316
-0.905766
0.576575
1.32771
0.35122
-0.250197
-0.808224
1.52831
-1.67458
-0.953562
1.46196
-0.454493
-0.771614
-0.410911
-0.306089
-0.645912
-0.930989
-0.983247
1.17218
0.929618
0.664523
0.673553
1.05587
-1.42507
-1.128
-0.719046
-1.72725
1.51748
1.1304
0.070124
0.113484
-0.493988
-0.010482
-0.43144
0.73594
-1.59658
1.38006
0.462215
-0.724929
-0.24248
-1.60653
0.139945
0.473655
0.724593
-1.20515
-1.31186
-1.15212
-0.311625
-0.880628
0.373149
-1.31542
0.511607
-0.132985
0.33656
-1.24765
0.517993
0.11566
-1.20008
-1.13368
0.506026
1.26992
-0.892374
-0.484813
1.06361
-0.343894
-1.45939
-0.771345
1.26641
-0.646808
1.30496
-0.816544
0.0616109
1.62412
0.165506
1.53507
1.42769
0.536675
-1.70966
1.51445
1.27448
0.876677
-1.59129
-1.57972
-1.66586
-0.396907
-1.59379
-1.46858
-0.243788
-1.60604
1.56108
0.0959805
-0.287885
0.323434
-1.65116
-1.28931
0.945977
1.44268
-0.46522
-0.0638212
-1.64274
1.71404
-0.826859
-1.1056
-0.946687
0.731788
-0.92613
1.47242
0.363389
-1.01918
0.53297
-0.518557
0.861887
-1.23323
-0.794961
1.17315
-1.63973
-0.552251
1.08913
1.04262
-1.30593
-0.314013
0.692823
-1.57553
-1.1687
-0.10918
1.20331
-0.0720614
1.23232
0.30781
1.43501
-0.887773
1.22839
-0.59308
0.690183
0.128542
-1.70449
-1.18454
-0.518913
-1.5721
-0.497884
0.737398
-1.36793
-0.355759
0.870748
-0.889679
0.632497
0.344255
0.817789
0.126667
-1.71025
-0.083872
0.847576
-1.65907
0.201372
0.36239
0.318837
1.48015
-1.64132
-0.83132
0.073684
0.664214
-0.133388
-1.44905
0.715872
1.00805
1.63265
0.87171
0.493336
1.10639
1.33849
-0.122108
-0.581762
-0.159278
-1.49973
1.44075
0.43593
0.0714977
-0.283552
-0.93317
-0.736815
-0.0425577
-0.495613
0.155511
-0.290201
0.0437698
-1.70172
0.925927
1.529
-0.697583
-1.05265
0.0537517
-0.875227
0.988045
0.0633226
0.323113
1.55985
-0.130769
-0.765448
-0.356896
-0.638545
1.02477
0.937248
1.32784
-1.28163
1.28167
0.971134
0.416193
-0.882832
-0.902194
-1.09876
-1.43222
1.22822
-1.53977
0.776887
-0.757112
-1.39021
-0.22441
-1.29914
-1.32381
-0.947945
-1.3011
0.908402
1.0723
1.12665
1.01874
-0.973498
0.166865
1.64216
-0.0659631
-0.50928
0.0591386
-1.64673
0.896386
-1.10403
-0.620077
-1.70912
0.827444
-0.664128
0.53784
-0.120288
0.380094
1.50886
1.72703
0.601038
-0.648105
-0.868693
-1.42973
0.909299
-0.356074
1.36543
1.2773
1.13795
0.27876
-0.477452
-1.18383
1.02763
1.1623
0.687873
-0.52292
-0.617607
1.67964
0.426332
1.31475
0.686467
-0.278928
1.00668
-0.959416
-0.313939
0.247923
0.139352
-0.131104
-1.14827
1.33634
-1.13334
-1.12015
0.500127
-1.47453
-1.53249
-0.13156
1.23327
-1.49108
0.0890794
-0.367312
-1.01301
0.0953955
-0.407334
0.988932
0.587318
-0.202412
-1.66353
1.22113
-1.45055
0.444275
0.0304727
1.51362
1.69505
0.187167
1.00592
-1.35995
-1.68492
-0.663431
-1.0176
0.423331
0.633804
-0.222058
-1.67746
0.512997
-1.66766
1.18475
-1.25185
0.418906
-0.139914
1.57413
0.105823
-0.892137
1.03101
0.978829
1.50901
0.461385
1.00807
0.850339
0.475856
-0.362781
0.673507
1.70952
1.4808
-1.2253
-0.444091
0.551149
1.08322
0.0167183
0.97424
0.266075
-1.71058
0.996008
1.15372
-0.918482
1.16814
-0.861001
1.57699
0.914922
0.421286
-0.0229753
1.1845
-0.996573
-0.295199
-1.38865
0.0212264
-0.330616
-1.01963
-1.31455
-0.962482
0.798207
0.790766
0.423848
-0.179834
-1.12395
-0.838343
-1.42613
0.591679
0.964373
0.315203
0.437171
-1.24719
-1.29187
-0.224053
0.744721
-0.496007
-0.113047
-0.339834
-1.72871
-1.18979
-0.143972
0.732711
-1.13279
0.198359
0.736057
-1.62788
-1.54387
-1.37544
-0.835416
0.614844
-0.712451
-1.64448
-0.299146
1.72656
1.22114
-0.117607
-0.82803
0.633345
1.47214
-0.815055
-0.627652
1.63147
-0.982365
0.197727
0.0209675
1.57554
1.05764
-0.230359
1.40373
1.08001
-1.36025
-0.367076
-1.50552
1.52402
0.866855
-0.16778
-0.658595
-1.05446
0.666723
1.53785
0.759699
-0.626818
1.58418
0.0799048
-1.66589
1.04604
1.25845
-1.41823
1.28928
-1.24128
0.671465
-1.34389
0.766474
-1.22157
0.23349
-1.00566
0.702709
0.826655
-0.636665
0.953071
0.578994
0.794404
-0.215747
-1.17311
-0.546924
-0.245725
-0.0893242
0.361931
1.03695
-1.06879
-0.352851
-0.845305
0.204016
0.153255
-0.427957
-0.74235
1.72424
1.35416
0.99694
1.32581
-0.0691858
-0.893368
0.697494
-1.35726
1.25704
-0.552322
0.356799
-1.0644
0.703397
1.30469
1.39663
1.5453
-0.873948
-0.0406758
0.516445
0.173125
-0.535049
0.120409
0.600039
0.582415
0.864779
0.446494
0.35988
1.14001
-1.1104
1.36268
-0.551184
0.855539
-0.631096
-0.850503
-0.88339
0.131116
1.09269
-1.64376
0.287057
1.60007
-1.44208
1.23352
1.32663
1.12228
0.489367
-0.60664
-0.213238
1.14643
1.45746
-0.815442
-0.811583
-0.227408
-0.202799
1.24189
-0.0578517
-1.39395
-0.620437
0.620381
1.04719
0.0231214
1.55653
-1.34468
-1.476
-0.187769
0.939748
0.166234
-1.54767
0.66226
0.919132
1.39217
-0.622341
1.18742
-0.647262
-0.907834
-1.44094
-0.82208
0.332662
-0.039783
-1.57713
-0.626868
-0.525177
0.13198
-1.67216
-1.43969
0.458227
-0.946267
0.409266
1.38775
0.918242
-0.121712
-1.69386
0.516837
0.662451
0.907176
1.23831
0.595285
0.514614
1.71199
1.19506
-0.661189
0.79268
-1.03321
-0.88113
1.25645
-1.15847
0.493378
0.785878
-1.69882
1.4377
0.0542513
-0.758065
0.231428
-1.64526
0.0307481
0.330515
0.416119
-1.21359
0.0497027
-0.879375
1.20323
1.08562
1.25915
1.66669
-1.59855
1.1764
1.10323
-1.02936
-1.15012
0.377277
1.48383
1.02397
0.642948
0.852441
-1.6746
1.66445
0.386653
0.457267
-0.732536
-0.139851
-0.938357
-0.0855188
-1.38591
0.195021
1.32572
-1.06548
-0.0444588
1.5789
-1.17139
-1.45124
1.02894
1.71547
-0.259224
0.0690499
-0.641524
0.563018
1.0289
-1.57543
1.15781
0.935248
-1.53771
0.13138
-0.29616
1.51292
1.60413
-0.110425
-0.253112
0.678132
-1.08417
1.02181
0.574207
1.57335
-0.858936
-0.398218
-0.343404
0.165119
0.715703
0.410788
-0.979676
-1.36408
-0.0776851
1.18572
-0.984697
-0.880304
1.15685
0.831377
0.943262
-1.00595
-0.081065
1.09085
-0.938153
1.39282
0.200182
-1.15064
1.55629
1.58857
1.09353
-0.479042
-0.625988
0.720177
0.482028
-1.11527
0.541249
-0.984401
1.50661
-0.531342
0.78374
-1.06857
0.927801
0.822041
1.31606
-0.902733
0.0558444
-0.560394
-0.859711
0.86003
0.67027
-0.980543
-0.560232
1.18204
0.936076
-0.761745
-0.191528
-1.04006
-0.399059
-0.743402
-1.13985
0.339437
-0.632051
0.540425
-0.595483
-0.706562
-1.58866
0.799334
0.33625
-1.21441
0.259744
1.38216
-0.488051
-1.38667
-0.367014
-0.178395
0.276841
1.11571
-0.428304
-1.33077
-0.52069
-1.28765
-0.897577
0.796417
1.61309
0.0418476
0.318684
1.48143
1.16701
0.479432
0.427977
-0.26764
0.272413
-0.197075
-1.5884
1.34536
-0.640412
-0.284905
-1.66903
-0.44475
-1.45194
1.17951
1.07886
0.379443
-1.30958
-1.21261
-0.646965
-1.1364
1.07042
0.414849
-0.0386846
-0.0390744
-0.477925
0.81119
-0.77338
-0.730972
1.55303
-1.26254
-0.666438
0.77623
1.73019
1.43639
1.03267
1.22167
0.841876
0.591014
-1.19418
0.490895
-1.68072
1.03945
0.392028
-1.52708
0.495626
-1.25131
-0.566225
0.861101
-0.207292
-0.972332
-0.563817
1.69155
0.390854
0.970488
1.52033
-1.23663
1.36031
-1.63227
0.285981
0.559831
-0.211402
0.0229562
1.69735
1.59684
1.41506
-1.05227
-0.0315511
0.565316
0.671365
0.166224
-0.321642
0.969133
-0.039647
-0.596159
1.23992
-0.626406
-1.12723
1.2575
-1.65878
0.468998
0.729691
-0.0628051
-0.491252
-0.484595
0.0449174
-1.32034
-1.6918
-1.66986
0.483931
-1.68019
-0.420144
0.185249
1.4676
1.282
1.31406
-0.645447
-0.978496
-0.0668151
-0.98584
0.719854
-1.48074
0.5062
0.774381
1.3277
1.71602
0.237495
0.918265
0.231203
-0.82702
-1.53139
-0.900128
-1.65995
-0.998874
-1.4503
-0.557174
0.787749
-0.468455
0.180117
0.460396
0.790231
-1.51833
-1.10833
-1.05755
-0.33244
-1.16926
-1.0688
-1.28471
1.15761
1.6123
-0.565411
0.759166
-0.322738
0.668892
-0.517759
-0.596138
0.358894
-1.23406
1.39121
-1.52336
1.16947
0.689746
0.958291
-0.306652
-0.226119
0.784579
1.5741
1.57866
0.844795
0.705165
-1.16627
1.67028
-0.526315
-0.909584
0.444495
-1.37604
-0.511281
-1.17448
1.71542
1.10987
0.376831
1.73007
0.198601
0.541626
-1.12845
0.971232
-0.138757
-1.48904
0.66301
-0.593663
-0.670449
-0.541818
1.70153
-0.357807
-1.43036
1.3686
1.40588
0.686966
-1.49572
-0.921124
0.691802
-0.752058
1.64248
0.898158
-0.0568831
1.07503
-0.799152
1.34579
1.32607
1.11013
-0.606159
0.0489154
-1.28804
-1.24789
0.855592
1.14001
-1.44637
-0.739279
0.855889
1.10752
-0.841206
0.380882
1.53055
-1.36201
-0.998331
-0.581162
-1.42338
1.5287
-0.421241
1.01492
1.57161
-1.46357
-1.1483
-0.744752
1.37344
1.00691
-0.458597
0.213902
1.19978
-0.677561
1.24677
0.652222
0.957173
-1.65398
1.27841
0.00388934
-0.712945
-0.191048
-0.422555
0.105345
-1.1381
-1.47475
-0.63936
0.181461
0.593966
1.27294
1.28698
0.546917
0.660924
-0.333748
-0.296118
1.54133
-0.679809
-0.998129
0.364236
-0.291835
-1.2086
0.693302
-1.10912
-1.46854
0.402116
-0.236103
-1.16716
-1.62876
-0.52981
-1.3377
0.8547
-1.65298
1.04231
0.889396
-0.697742
0.617845
-1.42585
-1.42017
0.842314
0.833722
1.70458
-0.93133
0.64228
1.37909
0.562472
1.13006
-1.04512
1.37864
-0.133806
1.30502
-0.338056
0.593135
-0.263161
-1.59322
1.53743
0.0175613
-1.33954
1.50255
-0.799167
-0.571871
-1.43969
-1.02234
1.11284
1.58516
0.860872
-0.179743
-1.31514
0.999146
-1.73022
0.298287
1.39973
-0.283737
1.55776
-1.67089
-0.0687857
-0.871107
1.64575
-1.53795
-1.36149
1.63208
-0.549137
-0.125658
-1.44476
1.13215
1.38582
1.55893
-0.83712
0.558107
-0.562405
0.414748
-0.682095
0.214383
-1.56451
0.75337
1.64716
-1.07007
-1.65743
-0.873524
-1.51142
1.5126
-1.04355
-1.26986
0.821379
1.60787
-0.573064
-1.58799
0.884486
-0.0614569
0.517995
-0.61403
-1.71251
0.870398
-0.946777
0.622371
-0.772152
1.00381
-0.757096
1.02287
1.00976
-1.67065
0.3755
-1.42281
-1.02956
-1.54341
-0.980438
0.847878
-1.53785
-0.267803
0.905052
-1.45572
-0.776146
1.2301
1.24639
1.12335
1.54492
-0.546966
-0.0184651
1.58851
0.987022
0.270738
0.230449
-0.255691
0.204984
1.62341
-0.604746
1.26972
0.371704
-0.170355
-0.230081
-1.63829
-0.0787857
0.20557
-0.749626
-0.556382
0.54341
1.56004
0.381224
-0.90067
-0.750735
1.52717
0.19946
-1.12779
0.641544
0.993277
1.64734
1.53644
-0.103439
-1.45005
-1.21887
-1.09396
0.512051
0.144154
0.0507919
0.2441
-0.0213853
0.14556
0.831379
1.11649
-1.24935
-0.223554
-0.664767
-0.823851
-0.838276
1.46004
-0.167984
-1.28213
1.44167
-0.952217
-1.11115
-1.37738
-0.391239
-1.45616
-1.14599
0.598957
0.269327
-0.463088
0.0291664
-0.238413
0.445493
-1.48973
1.45441
1.30608
-0.898253
-0.862796
-0.452021
-0.050824
1.30361
1.17254
1.64726
0.239663
-0.0700611
0.210047
-0.594503
1.11913
-1.61096
-0.0861574
0.888589
-1.50322
0.846321
-1.27623
-1.44008
0.879716
0.27984
0.679291
-0.278062
-1.41485
-1.43749
-1.45798
0.868599
0.628447
1.30592
1.59509
-1.20565
0.418174
1.38121
0.773336
0.130176
0.700388
-1.6336
-0.264757
-0.209521
1.57813
0.501826
1.65267
1.62963
0.503924
-0.543533
1.63869
1.18231
0.599186
0.371318
-0.00516189
0.715162
-0.984016
0.0248856
-1.59129
0.753353
-0.73913
-0.388583
-0.498048
-0.047222
-1.61845
0.7777
1.46317
1.44019
1.10952
-0.759846
1.13013
-1.49503
0.67887
-1.32525
0.97355
-0.762416
0.890692
1.57658
-1.58564
-1.51231
1.5171
0.0317429
-1.47281
0.771736
0.24366
0.313452
0.28192
1.09163
0.171181
1.70683
-0.0277291
1.70006
1.46626
1.39143
0.221868
-0.683536
0.446445
-0.246303
0.119222
0.729148
1.13704
-0.641001
-1.22281
-0.864314
-1.12587
-1.24206
0.0877549
0.255747
-1.09096
1.21597
1.50457
1.01609
-1.49833
-0.324486
0.0207869
1.65542
-0.139171
1.3076
-1.11247
-0.258938
0.455917
-1.46173
-0.918953
0.701632
-0.489565
0.457338
-1.56875
1.16187
0.379506
1.72215
0.988818
1.39845
1.02724
0.439556
1.47938
1.27797
-1.15599
1.66076
-1.47886
-1.64324
1.69207
-0.0558405
-0.622773
0.122367
0.445844
-0.0321303
1.35693
-0.662321
-1.47849
0.945179
0.341633
-1.30976
0.543033
-0.818273
0.808844
0.444921
1.67132
0.63493
1.44222
0.975121
-0.681864
0.56321
1.15545
0.0334213
0.185684
1.35934
0.227612
1.5979
1.363
-1.18765
0.620384
0.234714
1.18628
1.07434
0.443415
1.32111
-0.655243
-0.753715
1.72724
-1.42854
0.490309
0.149761
-1.05266
1.1085
1.39492
-0.871347
-1.55282
0.969119
1.45832
-1.2492
-1.02736
-1.4925
0.389418
1.1482
-0.387917
0.353063
-1.60009
0.871474
1.02869
-0.146917
0.0978217
-1.28232
0.67409
1.46118
-1.54736
1.30537
-1.20629
1.37485
-0.347694
1.06135
-0.36659
-0.182586
0.390767
0.0173561
1.19106
-0.896396
0.224841
-0.975934
0.896993
-1.20361
-1.63101
0.148558
1.39417
-0.00345172
0.245107
0.633597
0.366055
0.125104
1.12688
-0.23106
-0.395718
-0.474583
0.684613
0.448357
1.41348
1.18351
-0.413322
0.405369
0.318566
1.4205
0.674411
1.16208
0.926355
0.242307
1.29647
-1.17143
1.48509
1.22994
-1.67986
-1.00722
-0.938587
-0.341298
0.158588
1.06995
-0.692023
-1.4587
-0.226738
0.930987
1.44253
0.80882
-0.959304
-1.42308
1.17859
-0.376188
0.406706
1.55126
0.487341
-1.1401
-0.190293
1.48418
0.258926
0.733882
-0.520518
-0.277655
-0.522672
-1.3435
1.27458
0.250387
-0.23286
-1.31512
0.843523
-0.881138
-0.0910473
-0.519044
1.5925
0.498504
-1.45767
-0.36086
0.812044
0.332284
-0.281851
-0.916471
-1.15512
0.554366
0.177387
-1.57618
-0.210269
-0.639919
0.176615
1.19562
-0.436376
0.525582
-0.16606
1.37895
-1.28637
-1.69533
-1.71426
-0.00442443
-0.49456
1.32429
-0.246377
-0.178361
0.89485
-1.20166
0.316008
-0.999408
1.68748
-1.67652
0.44211
1.65543
-1.22834
1.04958
0.911827
-1.71142
-1.51371
-1.56075
-0.66475
-0.838224
-1.10514
0.7463
-0.501068
0.366508
-0.504212
1.49615
-1.66285
0.793929
0.563303
-1.35128
0.904872
0.354747
1.70976
1.52829
1.39244
-1.26829
0.0348672
0.0694907
-0.259147
0.0381162
-0.868525
0.422362
-0.790103
-0.568698
-1.19152
1.42514
-0.4789
0.662121
0.834612
-0.952202
0.215187
-1.04304
-0.171158
-0.187773
0.739155
0.513815
-1.48003
0.177044
0.682212
-0.338365
1.45601
-0.803113
-1.36959
-0.396992
-0.352506
0.131434
0.339098
0.711697
0.486853
-0.737233
0.597683
1.21481
-1.67577
1.53614
-1.33249
-0.426715
0.992723
-1.25491
1.08847
0.524304
0.278244
-1.68497
0.336475
-0.817169
1.66121
1.42225
0.116077
1.52945
0.952221
0.15708
1.19577
-1.31097
1.30147
1.66273
1.46565
-1.25242
1.28998
1.23659
-0.375697
1.07029
-0.540315
-0.83189
1.24529
-0.829755
0.161955
1.05263
-0.741057
-0.840717
0.635963
-0.732884
0.855213
-0.0615032
0.987324
-0.571222
1.67336
-1.5011
0.315374
-1.15536
-1.1119
0.533141
0.234171
-1.08041
0.864161
1.1544
-0.171091
1.12618
-1.0041
1.29158
1.20624
-0.0187745
0.959072
1.54089
-0.961466
0.593026
-0.312324
1.37726
0.754992
-0.234268
-1.09536
0.550152
-1.5268
0.072091
-1.4759
-0.832547
0.588956
1.61007
-1.1365
0.130893
1.10585
1.37567
0.161326
-0.354906
-1.49032
1.10038
-0.593343
0.892502
0.836731
-0.00946643
-0.472199
-1.20932
-0.638876
1.59974
-0.0483782
-0.0935713
1.20989
1.59986
-1.2722
1.58628
-0.424552
-0.438431
-1.02626
-0.59618
0.167858
-1.1979
0.69114
0.261995
0.998644
0.995896
-0.189061
1.6421
0.762718
-0.492989
1.58534
1.59308
0.691533
-0.43963
-0.560519
-1.57848
-1.40476
1.32739
0.776783
0.304518
-0.483346
1.03299
-1.71829
-1.02708
0.673309
0.844747
-1.42131
-0.688101
-0.918812
1.68578
1.04431
0.184075
0.577849
-0.376336
-0.195729
-1.46253
-0.744666
0.989967
1.27125
1.47375
-1.66572
-0.679624
-0.579377
-0.837302
0.694581
-1.18662
-1.56808
0.148243
-1.31799
0.586909
0.152918
-0.546808
1.40969
-1.53935
-0.871665
1.2149
-0.62168
0.222097
0.330293
-0.523287
-0.0736496
-0.787036
-1.38324
1.53854
-1.40796
0.331827
1.56454
-1.34371
-1.19975
0.572756
-0.030021
-0.641569
1.28678
1.63713
0.524938
1.32689
1.48362
-0.0406524
-1.4869
-0.167383
0.727448
0.247233
-0.809258
-0.916805
0.351241
-1.25295
-0.0736759
1.27982
-1.59811
-0.827548
0.433992
0.808299
0.916579
-0.54774
-0.346101
-0.544567
0.431209
1.61559
1.69747
0.355508
0.936205
-1.13157
-0.925915
1.67081
0.798873
0.611128
1.05497
0.0178516
1.37985
-1.27317
0.91032
-1.13097
0.32303
-1.6122
-1.24722
-0.612316
1.57078
-1.27806
0.197277
-0.261519
0.372604
-0.468358
0.397143
-1.61255
-0.571719
-1.43194
0.216302
0.387451
0.235526
0.561099
0.850031
1.67124
-0.0384699
-0.474655
-1.55706
-0.454444
1.00154
0.978049
1.64753
-1.08484
0.0539205
1.38432
1.31795
0.0552941
-0.780016
0.565606
1.13618
-0.458069
1.31304
0.321415
-0.370155
0.289564
0.978722
-0.045441
0.782998
-0.174709
-1.32712
-1.29506
-0.532996
-1.64788
-0.860826
1.34998
1.5045
1.05682
-0.319532
-0.242294
-0.520488
-1.48198
-1.56204
0.745106
1.51164
-1.59286
1.20297
0.849706
1.61808
1.20311
-1.28248
0.485705
0.385131
0.503584
0.0887413
0.402404
0.843443
-0.589242
-0.0772938
-0.424697
1.25248
1.72359
-0.175355
-0.277175
-1.12958
0.21202
-1.28584
0.525175
0.669112
-0.254415
1.68233
1.69552
-0.311629
1.33049
-1.18584
1.51648
1.37997
1.18342
0.963748
1.15578
0.327479
-0.924708
1.17276
-0.799777
0.737433
1.39247
-1.54965
-0.00699871
1.47973
1.58194
-1.03263
-0.58249
0.863049
0.475658
-1.08563
1.33928
1.40126
-1.59637
-0.509049
1.15589
-0.151189
-1.16989
-0.315175
1.69799
-0.448363
-0.152096
0.120266
-0.960961
1.53904
-0.744606
1.3988
-1.43861
0.32663
1.19869
0.358401
-0.909879
-0.720094
-1.03233
1.61673
1.07298
1.51784
0.435065
-0.932356
-0.652292
-1.27073
-0.139374
0.60961
0.00499831
-1.49739
-0.281514
0.557223
-0.543818
-0.984381
-0.178815
-1.57579
0.631742
-0.318473
0.550808
0.034948
-1.08792
1.49188
-1.59269
0.0817748
-0.493925
0.907431
1.69916
-1.00031
-0.240018
-0.105458
-1.47941
1.03072
0.653295
1.10145
0.146838
1.46821
0.125901
-0.43346
-0.292885
-0.98219
-0.249396
1.64608
1.35442
1.13941
-1.19944
-0.902262
0.534708
0.0984888
-1.25335
-1.29777
0.0371268
-0.148035
-1.53117
0.917104
-0.49206
0.506627
1.3192
-1.07035
-0.374347
-1.34672
-1.35654
-0.0570666
0.610092
1.46818
-0.0413618
0.95399
1.19077
1.31448
1.62896
1.1162
-0.539521
-0.0623999
-1.14876
-0.824118
-0.925074
0.744265
-1.46928
1.65702
-0.143344
-0.421587
1.47747
-0.70866
-0.39618
1.24048
0.61313
-1.15258
1.00642
1.15828
1.72401
0.363893
0.201889
-0.503398
0.312796
-1.42979
-0.962681
-0.248554
1.50461
-1.07104
1.70536
0.800507
1.10608
-0.580199
-1.67568
-0.904756
0.222717
-1.71197
-0.758989
1.35873
-0.495308
-1.44791
-0.951204
0.0226783
-1.4021
0.481492
1.43674
0.289434
-0.792378
-0.599058
-0.107851
-0.865485
-1.67526
0.670322
0.136737
-0.123097
0.675781
1.26683
-1.29533
0.492961
1.11533
0.975879
0.637785
-1.15438
1.40889
-0.000481761
-0.583094
0.244537
-0.131439
-0.699646
-0.966386
0.331383
-1.1077
-0.738081
-0.190252
0.0303849
-0.827432
-0.150292
1.42582
-0.0554959
-0.117357
0.807917
1.58556
1.35505
1.00175
-1.59685
1.03344
-0.298257
0.159461
0.678873
0.990155
-0.0278687
1.14998
-0.850501
-0.0879499
0.723561
0.405171
0.501815
1.10747
-0.398688
0.0162223
1.33548
-1.51745
-0.0763794
-0.448778
1.57541
-1.04132
0.432555
1.63249
0.381738
0.463043
0.168092
0.399354
-1.41485
-1.23467
-0.777909
-1.38696
1.52226
0.662981
-0.819016
0.758193
-1.49986
-0.317129
1.72859
0.878615
-1.31139
-0.567159
-0.738171
1.34497
-1.05039
0.910061
-1.04493
1.60487
1.62094
0.495298
0.588239
-0.754352
-1.58945
0.629756
0.543561
0.022088
-0.493869
-1.29391
0.452581
1.23845
1.09529
-0.794175
0.447405
-0.847126
-0.16203
-1.02185
-1.53023
0.610275
-1.66915
1.40251
1.47512
-0.320434
1.47957
0.313046
0.886778
-0.96167
-0.857478
0.7436
0.909643
1.45309
0.634926
-1.0628
0.529581
1.52039
-0.362167
0.598448
-1.08708
0.597751
-0.883903
0.860597
-0.823746
-0.627912
0.0277842
0.0444223
0.389635
0.0715849
-0.604276
-1.37742
-1.22956
-0.617657
1.42711
1.03307
-1.24938
1.50083
1.139
-1.70141
1.37052
1.6725
-0.342258
1.15781
0.663662
1.62329
-0.696153
1.70518
1.37284
0.980315
-1.59889
-0.308533
-0.410724
0.0300073
-0.336733
-0.544863
0.409699
0.423732
0.622039
1.18336
-0.60485
-0.0637173
0.150687
-1.37939
-1.53348
1.45763
1.13807
0.0769773
-1.28397
-0.422645
-0.409846
-1.37315
-1.11049
-1.40641
-0.2509
1.39611
-1.63901
0.734678
0.659938
0.215655
1.68689
0.224903
1.26083
0.516104
-0.695528
1.72621
-1.14218
-1.56218
0.00598294
0.49685
-0.724168
-1.19721
-0.0787792
1.28
1.31476
-0.535003
-1.57218
1.40132
-1.64667
-0.992246
0.0417121
-1.51058
0.0595643
-0.0887259
0.0787886
1.64401
1.3838
-1.04322
0.816654
1.12433
0.0580582
0.524607
-1.0462
1.23331
-0.39783
-0.428406
-1.19505
-1.24169
-1.04438
1.19468
-1.19311
-1.63548
-0.0101438
-0.76289
1.70219
-0.53744
0.319474
-1.3228
-0.48614
0.381787
0.525176
-0.497218
0.48193
-1.28221
-0.797463
-1.06084
-0.789617
-0.752023
-1.70577
-0.337794
-1.23268
1.17452
-1.52783
1.16302
-1.59928
0.856655
0.577319
-1.34348
0.866032
1.71218
-0.429842
0.690757
-0.955273
1.4985
1.22911
-1.54589
1.3565
-1.47537
-0.123707
0.782922
-1.59244
0.873753
1.46634
-0.451718
-0.103981
-0.588732
-0.620023
1.03543
-0.474142
-0.165148
1.64608
1.11802
1.59319
-1.27394
1.45378
-1.22461
1.69731
1.67918
1.30134
-0.927289
-0.0549808
-0.767353
-0.0315976
0.080794
1.29039
-1.30921
-0.692592
-0.035055
0.375008
-1.38084
0.334969
1.51628
-1.24396
-1.71245
0.053251
-1.63867
1.35844
-0.743715
0.168114
-1.12564
-1.17874
-0.878638
-1.41208
1.51
0.41464
1.54148
1.46034
1.22506
-1.47359
-0.717254
-0.820613
-0.550637
-1.4603
0.148457
0.888102
1.14845
-1.66774
-0.98235
0.00653432
1.35509
0.0811027
-0.477984
1.66962
0.41398
1.46748
1.02387
0.334542
1.13023
0.263008
0.759493
-1.41011
-0.685459
-0.698242
1.00458
0.113746
-1.18834
-0.390725
-0.882281
-1.43799
1.42956
0.515113
1.40322
1.35947
-1.57665
-0.219794
-1.66995
-1.16333
0.697823
1.46837
-0.125515
-0.261433
0.687395
-0.0486545
-1.15014
-1.52255
-0.0973815
1.54267
1.51656
-1.63705
1.65634
-0.914949
-1.69193
-0.148309
-1.12496
-1.62857
1.34679
-1.43008
0.638368
0.469943
1.22629
-1.3637
-0.806154
-0.846861
-1.57396
1.27658
-1.69281
-1.05025
0.558048
0.489363
-0.623907
-0.722199
-1.30247
-1.40481
-0.679231
-0.0724916
1.16132
0.192221
0.242256
-1.4818
1.23866
-1.2062
-0.556516
1.34846
-0.929628
0.00569839
-1.24389
-1.4885
0.914559
0.511877
0.263391
-1.17061
0.647188
-1.68214
-1.71754
-1.66775
0.0522208
0.457417
0.476978
-0.456384
-0.51374
0.243603
0.864505
0.710918
-0.0394916
1.30082
-1.1567
-1.30424
0.870019
-1.51141
0.120623
-1.07014
-0.598024
-0.362961
1.34496
-1.42733
0.506009
0.501494
-0.352581
0.215821
0.352089
0.906777
0.236105
0.846827
0.302414
-0.131709
-0.504852
1.68438
1.20992
-0.564415
0.338153
-1.551
-1.15016
0.13805
0.900784
-1.56361
-1.1085
-0.0251594
-0.387406
-0.0722142
-0.0842024
0.407368
-1.13021
-0.56158
-1.25464
-0.396449
-0.0595253
1.38074
-1.40993
-0.289475
-0.132383
0.231316
1.48418
0.615055
-1.60957
-1.44579
-0.561102
-1.67672
-0.503773
-0.562511
-1.14436
0.811448
1.07202
-0.295285
0.326322
-1.71325
0.41122
0.39719
1.5276
-0.781134
1.55423
0.817863
0.256052
-1.17918
-0.246764
-0.339848
-1.10579
-0.484019
1.73089
1.2877
-0.968541
1.10405
0.968558
0.0762255
-1.15065
0.47455
-0.422586
0.666579
-1.68744
-0.307481
1.30116
-0.160144
-0.620148
0.97988
-0.840266
-1.39883
0.0396013
-0.722494
0.565098
0.0378346
0.128111
0.697905
-0.169065
-0.577306
-0.289117
0.717257
-0.264119
1.37408
-0.606448
0.606767
1.29586
0.92202
0.563105
0.867863
-1.25694
1.02248
-0.152633
-0.926362
-1.34016
1.68038
-1.04987
-0.755802
-0.206684
1.07481
0.61411
-0.808413
0.236822
-1.30538
-0.00412155
0.201429
-0.368321
1.09391
-1.30045
-0.159011
-1.17626
-0.254211
0.215341
-1.51462
-1.42723
-1.23858
1.58557
-0.468751
-0.150108
0.300327
-0.148307
-0.711576
-0.871512
-0.819935
0.0674988
0.355238
0.49838
-1.0817
1.46123
1.31842
0.955548
1.34973
0.86352
-1.61325
0.483063
1.27387
-0.655109
1.2952
1.71089
1.42532
1.01293
1.55125
-1.49253
-0.748937
1.34562
0.30677
0.599163
0.315361
1.65355
-0.643159
-0.917706
1.61986
-1.53192
0.93288
1.59889
-0.894606
-1.13894
-0.529674
-0.25194
-0.357095
1.00391
-0.173606
-0.166201
-0.0647568
-1.57738
1.26648
-1.67166
0.0550606
0.740993
-1.27851
-0.784821
-0.68558
1.00876
-0.13629
1.35605
0.798498
-0.343348
1.36363
1.44788
0.0619758
-0.0645996
0.431606
-1.15633
-1.69567
1.61475
0.982342
1.25778
1.56847
1.60561
1.60097
0.895027
0.786375
-0.232395
0.270798
0.926123
1.01037
-1.488
0.889125
-0.987841
0.515485
-0.857803
-1.21008
0.123683
-1.6547
1.38736
0.816546
-1.15287
-1.07377
1.0313
-1.4609
-0.336667
0.834592
0.225215
-0.316192
-1.36743
-1.00495
0.142076
1.54206
-0.975463
1.37996
-1.14287
-0.0968688
-0.438999
-1.34134
0.19424
0.728682
-0.871566
1.42786
1.04534
-1.49571
0.35196
-0.857032
1.50046
1.28141
-1.17651
-0.897166
-0.499666
-0.134204
0.327545
-0.202914
-0.156712
-1.59706
1.61618
1.03835
0.57672
-0.736039
-0.945417
-0.397657
1.02037
1.50699
-1.37492
-1.64869
-1.44996
1.1017
1.62366
1.21171
0.663375
0.900103
-0.308873
-0.217807
0.570524
0.905254
0.591011
1.71754
0.131558
-0.0458937
0.339215
0.329914
1.48242
-1.21846
1.73125
1.1377
-1.3482
-1.00501
-0.0322387
-0.0735593
0.177114
1.20024
0.496059
0.109289
0.901652
0.387603
1.59014
0.0103079
-0.853123
-0.728036
0.337966
0.699742
0.1443
0.777608
0.575445
-0.939404
-1.03541
0.555475
0.526885
-0.958252
-0.0895242
0.714539
-1.42773
1.17479
-0.174772
1.67878
0.925349
0.317535
0.863905
1.11872
-0.0870117
0.274857
-1.71171
-0.55752
1.16518
-0.826847
-1.68335
-1.08398
-0.953812
-1.32951
1.59309
-0.833064
-0.0791558
-1.1435
1.34274
-0.168307
-0.798774
0.876746
1.44298
-0.68039
-1.31739
0.802208
0.319652
0.503679
-1.082
-1.13251
-1.70428
-0.360106
-0.605801
0.925353
-0.397217
0.415265
1.43501
-0.118823
1.39841
0.447188
0.713146
0.927178
0.333285
-0.959444
1.63868
1.47494
1.34397
-1.62416
-0.263205
1.65543
-1.18954
-1.60645
0.959455
-0.778621
-1.65808
0.187238
0.948655
-0.233695
-1.29241
1.01058
0.940686
1.31745
-0.645273
-1.38759
0.224446
1.17787
-0.932792
-1.40096
0.0316811
0.588611
-1.07007
1.01784
-0.871151
1.43966
-0.831193
0.149364
1.57467
0.234627
0.601481
-0.25131
1.69212
-1.42703
-1.13258
1.40971
0.124911
-0.345397
0.0157667
0.676266
-1.44226
-0.582394
-0.685463
-1.26927
0.209924
1.15627
-0.568155
1.58638
-0.198195
0.228325
-0.101418
-0.286135
-0.403497
-1.60355
0.507316
1.6896
1.47115
-1.2206
1.32365
1.01891
0.729282
1.51451
1.40347
0.508212
0.854565
-0.256543
0.360962
-0.939711
-1.53875
-0.749314
-0.418264
1.71612
0.219719
0.394561
1.42836
1.15532
1.23903
-0.634004
-0.113784
1.46071
0.364574
-0.454232
-0.472198
1.12722
0.0637362
-0.646214
1.33602
1.20743
1.22415
1.57868
-0.986126
-0.879428
-0.405334
0.329159
1.39271
-1.35865
0.221133
1.43782
1.18319
0.368484
-1.68459
0.232594
-0.821863
1.07846
-0.168317
-1.40198
0.505965
-0.9477
0.445966
1.30062
-0.706888
-0.302891
-1.35352
-0.917645
-0.93153
0.0857906
1.72064
1.14399
1.20323
0.762502
-0.273921
0.461918
0.59199
-1.15527
-0.254127
0.808271
-1.26259
-1.5571
0.594737
1.08086
-0.68734
1.12303
0.974906
0.679699
-1.06018
-0.413148
1.46581
0.179172
0.525606
-0.47099
-1.15963
0.77131
0.2892
-1.59538
-0.82776
0.605864
-0.682248
-1.14009
-1.13051
1.32831
-1.27923
-1.32682
-1.35594
1.45499
0.643805
-0.42754
1.40711
-0.727437
0.438117
1.09015
-0.174092
-1.68667
-1.22486
0.648516
-1.23936
1.21256
1.18981
-0.384423
1.32526
0.156958
-0.27205
0.710916
-1.52784
1.67533
0.922258
-0.437434
1.39182
-0.989396
-0.0584947
0.950958
1.21534
0.0992356
0.450009
1.72179
-1.02953
-1.5555
-0.012585
-1.62812
1.68409
-1.37282
-0.807964
0.84103
0.581174
0.545372
-0.316189
1.72314
1.29709
-1.51974
-0.746644
1.32307
-0.868677
0.737431
-0.634609
-1.43679
1.43249
-0.433786
0.628506
-0.308334
1.45036
-1.10397
-0.852772
0.142592
0.865721
0.415192
-0.124255
-0.150983
1.45015
-1.65297
-1.4295
-0.585441
1.42071
-0.819831
-0.665413
1.36834
-0.853862
1.63347
0.661056
1.06483
-0.60173
1.60907
0.0761974
0.0730398
-0.230669
1.01627
-0.319394
1.15963
-0.985936
-0.353087
-0.782611
-0.210385
0.0397146
-1.4412
-0.0394554
0.558625
-1.72257
-0.163439
0.239148
-1.56507
-1.51486
-1.31872
1.07595
-0.415044
-0.968768
1.19593
0.49803
-0.356242
-0.103152
-0.357887
1.58707
-1.36699
-0.246975
-0.415643
-1.69191
-1.33427
0.310601
1.40364
0.313299
-0.426699
-0.662689
1.61373
-0.499428
-0.787542
1.50585
-0.0596846
-0.814922
0.0325394
-0.060184
-1.017
-0.12858
0.379232
-0.366319
0.37781
0.176113
1.04796
1.48988
0.420288
-1.40454
0.493536
-1.53115
-0.0169211
0.740916
1.08417
1.70171
0.428481
0.613444
0.285586
1.41335
-0.771035
-0.325866
-0.130219
-0.890396
-0.654215
-1.23742
-0.679948
0.929975
1.14995
-0.667832
1.69603
0.800487
-1.13109
-1.34693
-0.751296
-0.13715
0.796503
-0.938089
-0.806012
0.574582
-0.602431
-1.36154
1.54267
1.49144
-1.40386
1.10867
-0.25148
-0.276694
-0.588335
-0.500032
1.16405
-1.05505
-0.225948
0.491718
-0.0224291
-0.580626
1.58791
1.1305
-0.570178
0.522228
-0.99682
0.602463
-0.235056
-1.17598
0.209149
0.448346
1.04127
-0.207178
1.63659
1.03334
0.315933
1.35348
1.22899
0.740066
0.697918
-0.490994
0.592179
-0.776506
-0.755908
-0.337892
1.47778
1.71278
0.144946
-0.815879
0.519841
0.223067
1.15596
0.716026
-0.0172882
0.745916
1.37576
-1.60179
1.17401
1.12992
1.11541
0.981885
0.678948
0.328631
-0.379912
-1.21868
0.594117
-1.44086
-0.340063
0.119308
-1.34181
-1.21355
-0.393821
1.20087
-0.740142
1.34088
1.54143
-0.359502
1.24916
0.370315
-1.06443
1.23377
1.72796
-1.6885
-0.967455
1.60787
0.783602
0.0980598
-0.642197
-1.72235
0.736411
-0.642351
-0.755329
0.114147
1.32108
1.3631
0.234673
-1.45063
0.674646
1.22198
-1.64101
1.00408
0.680728
-1.55508
1.4444
-0.993384
-1.47447
-0.249458
1.19089
0.674049
-0.683414
-1.01451
-0.161962
0.284038
-1.14628
0.269281
1.23468
0.207297
-0.772076
-0.543452
-1.62829
0.581349
1.70725
0.121558
0.141158
-0.613785
1.72048
-0.439876
1.17511
-1.70428
0.338029
-1.43359
-0.404029
0.393642
-1.68363
-0.900059
-0.972058
0.188628
1.35135
-0.819702
-0.950951
1.38862
-0.0728558
0.0392091
0.583922
0.571466
0.621687
0.272935
1.45426
0.481963
1.20781
0.376428
1.54264
-1.09364
1.27709
1.10401
-0.941442
-0.0570326
-0.702709
-1.30644
-1.45768
-0.387733
1.02001
0.0987202
-1.23066
1.56676
0.937141
-0.0152135
-0.919336
-1.23643
-1.20906
1.20291
-0.326434
-0.532166
0.850506
0.815855
-1.35441
-0.530149
0.479731
0.846125
-1.38078
1.05748
0.584728
-0.672884
1.469
-0.989382
-0.0762627
0.547037
1.60266
-0.592537
0.244408
-1.43907
0.958582
-0.636436
-0.230881
-0.230471
0.708556
-0.255
1.55697
-0.996933
1.42145
1.09406
0.601122
1.0578
-0.526158
0.0284483
1.58923
0.814586
0.0693404
0.209816
0.799812
-1.23688
0.549278
1.66469
1.06547
1.42294
-0.632649
0.243457
1.1862
-1.48903
1.60107
-1.32352
0.973141
1.6207
1.58621
0.194786
0.853461
-1.45865
0.185335
-1.50082
-1.24185
-0.323897
0.638106
1.30139
0.093938
1.38485
-0.761288
0.0377441
-1.58339
-0.400209
0.645693
1.45611
-1.2039
1.73074
-1.22125
0.355992
-1.35707
-1.42151
-0.0775982
-0.249377
1.29363
1.26581
0.277956
-0.481554
-1.42873
1.083
0.55364
0.277376
-1.07121
-0.546801
1.01126
-1.69491
0.889565
-1.14083
1.23136
-0.856255
-1.59496
-0.456279
1.61455
-1.24002
-0.0892284
-1.11965
0.553131
0.591777
0.979233
-0.660089
1.70533
-0.937379
-0.630745
0.416815
0.545088
1.31153
0.793627
0.762451
0.0189219
-0.548101
-1.34957
0.70133
0.783524
0.632306
-1.31471
-1.5332
1.13707
0.545592
1.7013
0.479598
1.54761
0.533814
-0.453321
0.311299
0.32994
-0.130051
-0.21441
1.49261
0.102072
0.930914
-1.35283
1.17582
0.105506
-0.59309
-1.36142
-0.488841
-0.875269
-0.823584
1.18029
-0.826877
-0.0474112
0.772111
0.842431
1.24802
0.434047
0.0963404
-1.44887
0.983047
-0.543913
0.0406316
-0.90438
-1.65626
0.788425
0.094086
1.22611
1.10817
-1.06797
-0.996417
0.864347
-0.626916
-0.677504
-0.0628992
1.53922
0.31634
-0.408828
-0.784445
-0.910959
-0.639278
1.13806
0.427315
1.59033
0.75785
-1.31971
-1.17687
-0.0616106
-0.30812
-0.0208094
-1.11964
-0.29902
-1.55107
0.832845
1.03915
1.09665
-0.0251263
0.768894
-0.656
-0.367744
0.267622
-1.4878
0.647055
-1.72334
1.58165
-1.04001
0.98496
0.199348
0.0684251
1.20935
1.41968
0.644653
0.94937
-0.557197
-1.48258
0.335367
1.23986
-0.294256
0.455953
0.543945
1.66376
1.34589
1.04002
0.782233
-1.54648
1.73032
-0.784608
1.29711
-0.232289
1.31584
0.939732
1.69913
-1.16825
0.416859
-1.21975
0.664512
0.0658002
0.164481
-0.928421
-0.0855885
-1.40829
-0.93683
1.26354
-0.265333
-1.21061
0.682263
-1.27051
0.803918
1.12062
0.288766
-1.68447
0.174556
-0.753431
1.3319
-1.23138
0.631863
1.11289
1.13283
-0.186784
0.238079
-0.781748
1.64091
-0.607703
0.944732
-1.65909
0.633824
1.46821
-0.419117
-1.5425
1.0332
0.406179
-1.13936
1.55492
-1.21168
-1.54556
-0.945172
1.67416
-0.765897
0.427875
-0.0327005
-0.976958
-0.347601
1.30079
-0.649396
-0.995613
-1.34364
0.776396
0.0931008
0.557288
1.12804
-0.779429
-0.659425
-0.0489117
1.07108
0.279187
-0.310753
1.02493
-0.775083
0.235229
-0.946166
1.70838
1.23344
1.11274
-1.31523
0.0666571
-0.860018
-0.0795972
-1.59918
0.0567884
0.887471
0.683047
0.689325
0.171937
1.70808
0.520269
0.861359
-1.7297
1.06308
1.49017
1.03336
-0.755167
0.669729
1.67705
-0.952844
0.107608
1.18673
1.24475
-0.774852
-0.0221956
-1.16244
-0.225444
1.27765
0.719892
0.479742
1.20768
-0.572646
-1.54674
1.22895
-0.0239323
-0.379438
-0.268014
0.0562962
-0.884197
-0.786933
0.448048
-0.725204
1.24323
-1.35951
-1.46398
-0.348308
-0.435979
0.165425
0.063775
-0.145374
-0.128812
1.69929
-1.57347
-1.4914
-0.335106
0.592566
1.0363
0.27254
-0.385815
0.524551
0.567608
0.657784
0.331302
-1.53541
1.27269
-0.770745
-0.682283
-0.375926
-0.570745
-0.122597
0.601
1.32388
1.51124
1.63089
-1.3616
0.196491
-0.812626
1.69891
-0.709193
-0.861684
1.58424
-1.34105
-0.821191
0.652337
-0.703542
-0.321825
0.399047
-0.577554
-0.574816
-0.457593
1.47793
-1.27373
-0.642971
-0.67625
0.583165
-1.14471
0.420206
-1.14454
0.372649
0.163501
-0.550578
0.691416
1.56682
-1.45793
0.69107
-0.942369
0.600716
0.0736524
-1.17302
-0.830971
-1.48404
1.71644
0.752923
-1.47755
-1.15634
1.21544
-0.339303
-0.987892
0.357091
0.242795
-1.56451
0.106114
1.27305
0.739258
0.466242
-0.784363
1.25236
1.14405
0.285676
0.900601
-0.537633
-1.11328
0.951884
0.586057
-0.13366
-0.550093
1.07693
1.47317
1.35879
-1.38869
0.388651
-1.62851
-1.33725
0.714181
-0.16595
-0.390412
-0.778014
-0.635878
1.3577
-0.243647
-0.852842
-1.61127
-0.476016
-0.332588
0.37877
-1.68585
0.0502765
1.52622
1.40866
0.932717
1.01731
-1.65549
0.109847
0.513378
1.02154
0.058977
1.37489
0.350801
0.0903686
-0.651833
-0.776207
0.36732
1.55611
-0.180848
-0.274133
-0.403272
0.569812
-0.450448
1.16928
-0.86028
0.148635
-0.909614
1.5999
0.0447357
-1.6609
1.72754
1.25034
-1.39208
-0.299159
-0.532408
-1.44141
0.287103
0.883019
-0.227029
-1.64755
-1.03395
-1.00121
1.39446
-1.32254
-0.0337513
0.664461
1.61823
1.22895
-0.597275
0.577752
-1.66639
-0.206933
0.155381
1.05342
-0.245172
-1.65541
1.03013
-1.41942
1.50922
0.0173951
0.917325
-1.30748
-0.29814
-0.0790372
0.295285
-0.52207
0.52473
0.48429
-0.560826
0.131447
0.875994
0.666584
0.691967
0.0978638
-0.960975
1.41454
-1.23592
-0.502601
-1.50119
0.868623
-0.0822186
0.13331
0.169867
1.0423
1.37078
-0.533511
0.418162
-0.862471
-1.52655
0.419825
-0.653309
-1.14874
0.928932
1.64823
-1.61934
0.181753
-1.57992
-0.182418
-0.108153
0.368731
0.0355579
0.237036
0.668343
-0.663021
-0.769286
0.646939
-1.44825
-0.673984
0.55098
0.425312
-0.755092
-0.481081
0.225985
0.068178
-0.0395496
0.482893
-0.177659
1.33687
1.42595
1.00864
-0.24288
1.10832
-1.72742
0.190231
1.43621
-1.50604
-0.685501
1.41469
-0.924809
0.891387
-0.879303
1.51546
0.449063
-0.555791
1.20291
-1.05805
1.04286
0.180103
0.676782
0.638776
-0.0394663
0.100697
1.24832
-0.818172
-0.828281
-1.44641
0.799333
-0.302685
1.59708
-0.181403
-1.284
-0.633514
-0.768294
1.0322
1.26079
-0.984939
0.999628
0.19223
1.59926
-0.736535
1.10589
-0.940141
-1.28848
0.163594
0.642392
-0.57916
0.424798
0.924621
-0.757473
-0.342238
1.34263
0.834353
0.330508
1.58554
-0.360046
0.25799
-1.41549
-1.14944
-1.12853
0.867786
-0.420603
1.45412
0.837784
-1.37852
1.37192
1.68868
-0.462276
0.901519
-0.622545
0.294099
0.925188
0.211662
0.795751
0.677132
-0.560968
-0.781185
-1.47022
-0.0702123
-0.549712
-1.29544
-1.38956
1.48003
0.908902
-0.0778164
1.27584
-0.323012
1.35193
-0.688446
0.814589
0.142161
0.183115
-1.61061
0.441519
-0.0166203
0.762662
0.248448
-0.706515
-0.889616
0.925536
-0.054493
0.970519
-1.3558
-1.39041
-0.920986
1.01405
0.842565
1.47758
-0.434153
-1.45927
1.00928
-1.29256
-1.43734
-0.957362
0.439433
-0.930112
-1.5747
1.16753
1.06925
0.857985
-1.28762
1.16705
0.961969
-1.48588
1.37694
1.13351
-1.55017
0.230229
0.959838
-1.30596
-0.753418
-1.62017
-1.32152
-0.155099
0.577679
1.08769
-0.673691
-0.107259
0.455749
1.10962
1.22783
1.43628
1.63172
-0.161451
0.100764
-1.40689
-0.474282
0.743791
1.52228
1.62788
-1.15154
1.17166
0.924275
-1.3201
-1.72069
-0.461146
-1.49526
1.13741
-1.47118
-0.0531045
-0.92906
0.973044
0.818473
-1.00278
-0.840594
-0.490714
-1.47234
0.970178
-0.931889
-1.18059
0.195522
-1.10205
1.52864
0.280748
0.917473
-1.57175
-0.733917
-1.70609
-1.72855
1.13403
-1.43628
1.2289
-1.50787
-1.57045
-0.119539
-0.0612
-0.0602809
-0.873597
-0.220955
0.14307
-1.15867
1.06426
-1.52152
-0.642969
0.0667882
0.851441
1.60381
0.371808
-0.396231
-0.82005
1.53582
1.4262
0.469377
0.0330654
1.2902
-1.18596
0.0115563
1.26234
-0.12108
-0.284647
0.753282
0.781604
1.08807
0.31264
-1.116
-0.191996
1.96346e-05
-1.38229
0.675217
-1.4254
0.110415
-0.130915
-1.16766
-0.00233456
1.35795
-1.46454
-1.37272
0.710514
-0.25452
0.591681
1.29265
0.460378
-0.623726
-1.51088
-0.295322
1.09418
0.772342
-1.72333
1.22412
0.89585
1.47103
0.12853
-1.72809
-0.951242
-0.254902
0.638367
0.257437
-0.0701757
-0.72778
-0.621757
-1.45625
-0.484714
1.72436
-0.661429
1.6253
-1.40571
0.690538
0.690602
0.649917
-1.51563
0.426513
-0.85005
-0.926764
-0.534748
1.61305
1.28234
-0.707426
-1.25176
-0.546055
-1.10058
-0.306928
0.537978
-1.06392
-1.63822
-0.809987
0.358296
0.772632
0.840708
0.143485
-0.0779737
-1.50463
0.00735041
0.311991
1.30549
0.39573
-1.52834
1.48315
-0.864115
-1.24214
-1.35811
-1.61142
0.0520393
-0.743419
-1.31198
1.28259
-1.72115
-1.33315
-1.06589
1.42023
0.680905
0.258819
0.260165
0.238923
0.153499
1.5136
-0.146423
-0.129585
0.724425
1.24523
-1.3244
0.688011
0.467755
-1.16919
-0.500036
-0.575665
-1.69537
-0.424197
0.422206
-0.559021
0.0628991
-0.888867
-1.04141
-0.314033
1.33567
0.0787225
-0.746436
0.247709
1.18657
1.6497
-1.38102
-0.818057
-1.01523
0.563311
1.24604
0.560624
-1.56037
-1.64891
-0.924148
1.11631
0.842496
1.30458
1.03825
0.7369
0.133427
0.390674
0.934259
1.47013
-0.739678
1.30902
-0.757387
0.607221
-1.11318
-0.431393
1.2651
0.370921
0.806427
0.491308
-1.53653
-0.331135
-0.878364
-0.940358
1.57542
-0.122386
1.72061
0.735705
1.66708
0.185271
1.70139
1.348
1.40217
-0.504464
0.94838
-0.852722
1.2531
0.254744
-0.385913
-0.0745282
-0.451678
-0.312416
1.12523
-1.67638
-1.25902
-1.27795
0.0480664
0.503583
0.900362
0.738765
-1.20947
-0.478011
1.36179
0.273676
-1.70369
0.0446975
-1.01116
0.0538296
-0.483072
-1.63137
-1.0261
1.32651
0.570634
-0.377007
-1.02701
1.03536
1.15885
0.490136
1.40331
-0.310257
0.684486
1.4453
-0.546649
0.351876
-0.34389
-0.165705
1.26939
-0.336336
0.334945
-0.555416
-0.050658
1.68722
0.733105
1.03373
-0.0646243
0.890078
0.822866
-1.45553
0.812261
-1.32136
-0.283058
-0.0107078
0.324644
0.0261442
-0.0106303
1.52583
-0.9748
-1.2068
1.57503
-1.11464
0.549301
-1.43419
-0.64854
1.36641
0.357109
0.819412
0.723482
-0.966627
0.984348
1.30627
-0.538719
0.0956958
0.69429
-0.669286
0.703213
-0.879089
-1.23719
-0.665696
1.52605
-1.2586
-1.0598
0.207133
-0.684513
-0.648346
1.08482
-0.960213
1.04932
-1.40966
0.762408
0.890809
-1.66468
1.3542
-1.14113
1.54293
-0.416773
-0.614326
-0.3653
0.0752893
-0.302028
0.619177
0.738955
-0.00250426
0.474
-1.23954
1.06813
1.71606
-1.21763
-0.362584
-1.46792
1.42706
-1.71613
-0.272458
1.51357
-0.141847
-0.31323
1.19791
-1.51421
-1.63756
0.392613
1.09217
-1.7149
-1.54442
0.77503
0.628471
0.947601
1.03258
-0.385224
-0.798442
-1.49224
-1.29834
1.65428
0.200396
-0.0148327
-0.526543
0.0743928
1.15366
-1.0008
0.13258
-0.850571
1.67296
0.0929399
-0.893882
-0.398302
-0.938944
-0.954038
-1.55328
-0.989776
-1.19108
0.655353
-0.669133
0.673547
0.0340172
-0.548984
1.20185
-0.367882
-1.1387
-0.760528
-1.58728
-0.383524
-1.71051
0.346102
-0.39858
-0.458252
0.798092
-0.237698
-0.392805
-0.67255
-0.232424
1.08662
-1.27597
1.63362
-0.973554
-0.889418
0.997758
-1.52548
-1.63082
1.13811
1.03608
0.117899
0.0239663
1.14912
0.37288
0.426935
0.8514
0.156519
-0.981982
1.44821
-1.34241
1.16967
-0.876339
0.932327
-0.928626
-1.2368
-1.60588
-1.65238
-1.36995
1.52164
-1.69093
1.43417
-1.34871
-0.170735
0.412172
1.17944
-0.167979
-0.624832
-1.16966
1.3178
1.55078
-0.996249
0.189407
0.193356
-1.68454
-1.12657
-1.20037
1.49017
-0.299923
-0.464977
0.572787
1.4353
-0.813245
0.956199
-1.42533
0.933777
-1.20455
0.245352
-0.328295
1.45382
0.748583
0.940545
1.13906
-0.751702
0.291508
0.915462
-1.50686
-0.378903
0.593897
-1.23513
-1.46081
0.431502
1.31091
1.30653
0.566364
0.557755
1.05062
-1.36035
-0.738545
0.650279
1.50782
-1.03179
1.52043
-1.40245
-1.13084
0.111542
1.0963
-0.987672
-0.213359
0.0774404
-0.428898
-0.383338
1.36492
1.23433
0.493058
0.656057
-0.315364
-0.32377
-1.16213
0.455154
-0.256663
1.56833
-0.639203
1.10065
1.4672
0.688752
-1.10021
1.51419
0.363581
-1.64338
1.46737
0.970611
0.701881
1.65326
-1.03723
0.628645
1.17947
-1.05821
0.790046
1.29075
-0.388236
1.17602
1.34167
0.586192
0.308792
0.304326
-0.93375
1.45426
0.0799091
0.254856
0.806823
1.6631
-0.259183
-0.117773
1.29782
-0.930203
-0.93792
0.17474
-1.11912
0.425774
1.29843
-1.26537
1.04466
1.5288
0.944107
0.00359644
0.650718
-1.56548
0.685939
0.445261
0.108538
0.410241
0.964897
-0.163489
-1.52553
-1.68639
-0.154414
-0.0268213
0.142401
0.893485
-1.39176
0.374052
-1.38097
-0.897016
1.37157
-0.332235
0.605714
-1.26814
-0.829088
0.614101
0.283586
-1.31588
-0.821151
-1.40147
-0.454184
-0.828258
0.505727
-0.493192
0.518272
1.27444
-0.72361
1.1758
0.633252
-1.16326
0.643685
1.35407
-1.20767
-1.57413
-0.810443
-1.44705
0.0358229
0.101857
0.0857964
0.577811
1.56447
1.4694
0.845902
0.483181
0.960951
-0.0772823
0.364687
0.723856
-0.0408703
0.0295678
0.0330334
0.837357
-0.466051
-1.58912
-1.55234
-0.955235
-1.54363
-1.70655
1.47274
1.02219
-0.550872
0.539002
1.34452
-0.785278
0.327034
-1.25642
-0.426518
-1.46768
-0.96938
-1.13132
-1.44328
1.01637
1.02934
-0.662236
-0.725399
0.75833
-0.527934
1.484
-0.892644
0.578168
-0.3388
1.10801
-0.312287
1.25954
-0.446025
1.36176
0.045261
0.783253
1.16639
1.53503
-0.428083
-0.48292
-0.760582
1.28385
0.766509
-0.346584
0.976307
1.63575
0.353932
-0.51505
-1.10317
-0.86166
1.01526
0.242
1.38584
1.25744
0.0640421
-1.49092
-0.345106
-1.68181
1.21753
-1.59127
1.64028
-0.497528
0.305351
-0.867201
1.1791
-0.222392
-1.25737
-0.0672648
1.62826
0.42356
1.15638
-0.386857
-0.760103
1.69138
1.2833
-0.894688
-1.54656
0.93963
-0.921317
1.41245
-0.159419
0.459274
0.759537
0.176511
0.338991
1.59979
0.521363
1.1221
-1.48565
-1.49187
0.896119
-1.4948
-0.395535
0.606394
-0.926788
0.631338
1.39193
-1.48091
-0.661407
0.983184
0.125812
-1.5108
-0.138443
-1.43697
1.14395
1.18488
-1.48934
-0.736188
-0.720784
-1.65041
1.32116
0.20445
1.0636
0.071669
-0.182849
0.57361
0.37501
-1.7004
1.0493
1.41517
-1.19239
-0.487025
-1.5615
0.340955
-0.372994
-0.893597
0.279543
0.0911755
0.328414
-0.448214
-1.03281
-0.483416
1.3232
1.49764
0.360994
-0.458944
1.51447
0.0150232
-1.23659
-0.902482
-1.11432
0.129859
-0.99913
1.28266
0.993277
-0.954412
1.41808
-0.96831
1.17198
1.12528
1.61353
0.70813
-1.05669
-0.922775
1.17639
0.216869
0.975109
0.746519
-1.48457
1.43033
-0.0607004
1.46136
-0.848957
1.6067
-0.588186
-0.866623
-0.0694401
1.04994
1.03315
0.722609
0.646186
1.54158
-0.124961
1.0874
1.54318
0.955343
-0.232376
-1.50916
1.35739
0.460409
-0.516443
-1.18688
1.3284
-0.409112
1.66659
0.688798
-1.10756
-1.31323
-0.0466605
-1.64472
-1.18842
1.22765
0.185509
-0.647503
-0.919203
1.00621
-0.0939653
0.433233
1.48598
-1.15843
1.31144
0.912559
1.31561
0.771799
0.748089
-1.44414
1.23779
-0.471973
-0.651081
0.474979
0.522528
-1.12751
0.932025
0.552422
1.1533
1.42586
-1.43364
0.0764856
-0.125163
-0.557987
0.197935
0.831948
1.25849
1.34341
1.2522
0.290459
-1.48486
-0.0637724
-1.16706
0.355614
0.44917
0.776239
0.365029
-1.71737
-0.164079
-0.278594
-1.53436
0.849674
-0.726815
-1.66076
-0.917594
0.218651
1.39992
0.976697
-0.940643
1.59851
-0.149623
1.44539
0.983588
-0.624985
0.30794
-0.453993
-1.17007
0.0145992
0.341657
-0.159131
-0.991596
1.41359
0.87446
-0.795259
1.20906
-1.66122
-1.0208
-1.59759
-1.22971
-0.504687
1.4696
1.07929
0.0755005
-0.86505
0.0937889
0.79423
-0.326214
1.65368
1.30261
-0.717886
0.181882
-1.25715
1.40003
0.0241051
1.0615
-1.54811
-1.42199
1.10618
0.950222
0.893105
-0.117691
-1.4777
-1.33142
1.55402
0.165322
-1.62554
-1.09026
0.463585
0.0600789
-1.13183
0.0339623
0.00328001
0.471417
-0.525953
0.173159
1.29851
-1.52071
-1.68621
-0.635045
-1.59926
0.932567
1.03389
1.0587
-0.312594
-1.06082
-0.3177
-1.57458
1.64069
-1.3343
1.67711
-1.63598
0.416224
-1.46335
1.26597
0.676507
1.34878
-1.32541
-0.157421
1.63734
-0.618084
0.0797753
1.33962
1.28336
0.995013
1.67811
-0.959453
0.596649
-1.36727
1.56945
0.350719
0.754633
0.101853
-1.28146
1.46491
-0.835824
0.291689
-0.175631
1.01265
0.509186
-0.969379
1.66496
-0.879633
0.242248
-1.1517
1.00549
1.08212
1.64209
-0.761943
-0.641595
1.15068
0.325756
-0.503263
0.158821
-1.55896
-1.4001
-1.29803
-1.53595
1.41527
0.69282
-0.985362
0.173383
-1.57908
-1.40358
-1.37118
1.30197
1.71367
0.815734
-0.41803
0.670285
-1.41868
0.282129
-1.64125
1.0949
0.0640886
0.113209
-1.36336
-0.600252
0.787888
-1.3091
-1.49342
0.677923
0.737317
-1.30033
1.52221
-0.990717
-1.56864
-1.18378
-0.925516
0.272623
-0.61862
-1.04877
1.72177
1.34407
-0.821098
0.00990808
-1.15155
-1.7055
-1.04801
-1.07307
-0.813546
-1.0562
1.25987
-0.345694
-0.460755
-1.18466
-0.565897
0.818975
0.111496
-0.340057
0.232884
1.01204
0.512112
-1.5185
-0.666874
-0.198949
0.54501
-1.04355
1.37049
0.157277
-0.330162
1.34344
1.0101
0.0068631
0.245911
0.984846
0.295971
-0.0221965
-0.474252
0.607009
1.62467
0.765573
1.66476
-1.15177
-0.161476
0.455047
-0.0943504
1.20993
1.3914
0.838373
