0.138771
0.972561
1.41514
1.00901
-0.365083
0.727961
-1.45237
0.31806
0.30688
1.75631
-0.271156
-0.208272
0.548218
0.332133
-0.796719
0.113074
0.655589
1.14228
-0.62346
0.870215
1.15947
0.26268
1.3463
-1.86668
1.4938
-1.02049
-0.149284
-0.440421
0.559772
-0.28755
-1.39543
-0.459593
0.999633
-1.18354
1.43139
1.52639
0.805555
1.52551
-0.312135
-1.82666
-0.520807
0.95567
0.722256
0.0984089
-1.79913
-0.131017
0.539688
-0.366771
1.11384
0.215363
0.548966
1.19675
-0.240553
-1.38275
0.855943
0.54241
1.59499
0.682481
0.983864
-0.0763697
1.2719
0.0422448
-0.374888
-0.9478
-0.878701
-1.54622
0.508034
-1.88998
-2.06587
-1.68729
0.0628108
-1.57199
-2.03704
-0.587138
0.506916
1.30912
1.1768
0.643185
-0.0633564
2.39137
-1.44985
-1.16937
-0.0493701
1.77335
-0.412549
0.979923
1.42153
1.90253
-1.11118
1.1504
0.314855
0.303896
-0.470357
2.31631
-0.526331
-0.413233
-1.16333
0.158819
1.60634
0.62646
1.05447
-1.16408
-0.899654
-1.73655
1.27838
-1.41838
0.672878
0.219782
0.961616
0.511708
0.847735
-0.267242
-1.33032
-1.17702
0.700642
1.11595
-1.58083
0.117191
0.77454
-0.609249
1.44342
0.226192
0.796248
-1.76064
1.41636
-1.05414
1.31717
0.554838
1.17299
-0.992326
-0.622189
1.30968
0.4569
0.241786
0.252285
-0.451428
0.924634
1.46008
-1.36017
0.248036
1.2433
1.07042
-1.16848
-2.65327
-1.86163
1.10375
1.12974
-0.292186
0.482437
1.84723
1.07613
-2.38062
0.677747
0.294134
-0.590161
0.634625
2.31585
0.457608
-0.000778526
-0.332591
0.266486
-0.130025
0.0787521
0.285193
-0.59167
1.43571
-0.255908
1.2564
1.85991
-1.73528
0.267539
-1.77595
0.79244
-0.657808
1.69444
1.50419
-1.96667
-1.13071
0.192396
-0.341931
1.35405
0.51362
-0.141627
-0.18857
0.754861
-1.21451
-0.0981436
-0.307846
-1.06248
-3.11379
-1.77052
-0.44386
0.485391
1.22757
-1.20285
0.502794
-0.451489
-0.0288178
-0.5482
-0.825812
-2.28333
0.405292
-0.644195
1.42319
2.18588
-1.18728
-1.33009
0.158666
0.934798
-1.32591
0.351962
-0.442706
0.9217
-0.555575
-0.468957
-0.676018
0.782571
-1.61678
-0.0938615
-0.552573
-0.337897
0.269037
-2.60813
1.26354
0.393628
1.45596
-0.081982
-0.700631
-1.67743
-1.374
0.943522
-1.25084
-0.0804538
-0.662683
0.404271
-0.844149
1.2819
0.166975
0.588791
0.446535
-1.43466
1.2472
0.286964
0.501503
-0.200141
0.907315
0.830282
-1.02163
-0.165003
-0.103819
0.0159489
-1.01725
-0.715455
-0.0658266
1.54922
0.0381667
-0.397942
0.0883354
0.249372
0.68165
-0.856149
-0.275112
0.151695
1.01625
1.67477
-0.646834
0.747971
-0.655522
-1.52539
0.588235
0.288502
-0.717921
0.793401
-0.601103
-1.33291
1.02446
-2.06482
0.126058
0.740583
1.46552
-1.98286
-0.0123971
0.310221
0.497019
0.00235855
-0.86065
0.369087
1.85383
0.576771
-0.754882
0.418311
-2.50851
-1.76635
1.77746
-1.70298
0.737921
0.776712
0.247046
0.457049
-0.794894
-0.509746
0.576111
1.74398
-0.724806
0.102972
-1.28853
1.68617
1.3978
0.792743
1.7764
0.758066
-0.363716
-0.355367
0.321123
0.941078
0.089301
-0.456387
0.566726
-0.363743
-0.722058
0.412056
-0.774955
0.703626
-0.236499
-1.04478
0.820735
0.175571
-0.861995
-0.527311
-0.283938
-1.64265
1.89213
1.0359
-1.78207
-0.0943146
-0.0398615
-0.204963
1.12919
0.622978
-0.20452
-0.323994
0.841782
-0.241734
0.138903
0.187937
1.51562
-2.33246
-0.838905
-1.27994
0.883891
-0.631314
0.914468
0.990881
0.0888004
-0.316413
-0.206998
-0.773445
-1.38507
1.18
-0.281364
0.34697
0.554723
1.09594
-1.43333
-0.107068
-0.133337
-0.723903
0.334538
1.16778
-0.870652
-1.18337
1.52135
-0.182643
0.47387
-2.21707
1.78987
0.635262
-1.0568
2.40755
-0.250979
-0.304035
-0.0639231
-0.312768
-0.573373
0.417814
0.738032
1.0839
-1.80401
-0.922219
0.511446
-0.980778
-1.17104
-1.04179
0.585157
0.887463
0.671974
1.25731
0.0796006
1.04486
0.0588976
-0.552647
1.01827
0.189324
0.335198
-0.803433
-1.69197
-0.46372
1.92739
-0.0512921
0.954718
1.59755
0.787138
0.149786
1.58106
1.1947
-0.520671
-1.47359
0.596082
-0.246576
-1.21218
-0.884514
0.450371
2.08031
1.00836
0.586968
-1.30868
-0.222799
0.506774
0.22662
0.919667
-0.121462
0.780082
-0.51335
-2.00966
1.52289
1.45728
-0.777645
-0.0296987
-0.0107724
-0.770307
0.154283
0.0220828
0.494702
1.49163
-0.122796
0.631135
1.31616
-1.14035
-0.0878338
1.92588
-0.748001
0.37645
0.710559
0.0732265
-1.19424
0.263966
0.960158
0.495985
-0.299229
1.27604
-0.423462
-0.22234
0.401499
0.0593988
-1.11082
-1.20814
-1.35732
0.208748
0.175155
-0.295309
-0.0327275
0.642919
-0.286554
-0.748122
-0.767808
-0.774316
-0.834065
-0.753128
0.449929
0.568006
-1.27157
-1.35779
2.80746
0.112218
0.266333
-1.62444
1.20961
-0.36584
0.149785
-1.01301
0.101523
0.782452
-0.667627
-0.532241
-0.186802
-0.817497
-0.0240848
-1.09206
1.09099
1.42146
2.03178
0.506241
-1.13125
0.144575
-0.138823
0.430732
-1.49964
0.598385
0.505072
0.380725
-0.185572
1.57646
-1.84844
-1.17523
-0.785622
1.14781
0.155771
0.428518
-0.369015
1.29394
1.29123
0.447231
-0.0219809
1.53803
-1.52417
0.282967
0.151056
0.18374
-0.0709521
-0.16832
-0.133562
0.0123831
1.71528
-0.0982303
0.215414
-0.0322693
-1.37657
0.269128
-0.578715
0.274582
0.195407
0.736769
0.716106
0.160034
0.0546206
1.57345
0.460792
0.253466
-0.789694
-0.163827
-0.935685
-0.843217
0.229212
-0.814094
-0.702131
-1.05828
0.193513
0.38414
-0.810052
-0.0400475
-0.388874
-1.17496
-0.00573869
-2.01815
0.87066
-0.0180206
-0.624359
-0.14784
-0.344593
-0.0224217
0.313987
-0.441832
-0.299592
-0.256066
0.0228097
1.70012
1.02242
0.183928
1.345
0.703759
0.278474
-1.39574
-0.679158
-0.603158
0.0596336
-0.627758
1.16024
-1.62572
0.380039
-0.193361
-0.0114293
-0.451438
1.14983
0.923926
1.28787
-1.48906
-0.165325
0.206235
0.448203
-0.643484
0.928676
-0.571013
1.32355
0.273571
1.77683
0.564241
0.744314
1.50914
1.33651
1.16006
-0.478882
1.36515
0.673021
0.379942
0.0198705
0.754506
-0.599762
0.951
2.01194
-0.794452
-1.21855
-1.6512
-0.855959
0.79416
-0.49004
0.0765443
2.05785
-1.17141
-1.00134
-2.7292
0.164699
-0.0591582
-0.908124
-0.0129476
1.30909
-1.39577
0.276427
0.997371
-1.41715
-0.200798
-0.614575
1.13004
-0.0979023
0.742605
-0.588081
-0.379982
0.473455
0.361254
0.869385
1.18356
-0.997332
0.249869
-0.574418
0.485093
-1.47319
0.626776
-0.11639
-0.356164
-0.654871
-2.51397
1.64059
-0.042518
-0.653287
1.34722
-1.84009
-2.52068
0.979799
1.15336
-0.03969
-0.960178
-1.33329
-0.0283466
1.42462
-0.88029
-0.0705507
-1.64107
0.506281
-0.843804
0.155114
0.877093
0.618144
-0.465046
1.47859
-0.0131109
-1.58744
0.0162087
1.16375
-1.28703
1.24271
2.04498
-0.838533
-2.16628
1.53838
0.097271
-0.196995
-0.0509997
0.581622
-0.56754
-1.80945
-0.386623
-1.86877
0.513988
0.206483
1.48853
-0.267394
0.148175
-0.8608
-1.7754
0.150461
-0.367554
1.00002
-0.992116
-0.00792252
-0.412573
-1.42816
-2.13551
-0.214261
1.05493
2.43575
-0.347854
0.638438
0.544611
0.913681
2.03976
0.619175
0.450574
-0.421881
-0.434649
-1.84138
-0.419284
-2.56753
-0.650745
-1.45718
-0.786476
-0.963092
0.523457
-0.995082
-0.236175
0.428035
0.16848
0.225406
0.458252
-1.89098
-0.911004
0.812477
-1.05183
0.722724
1.00873
0.309267
-0.751034
-0.326159
1.6954
-0.191542
0.646176
-1.44469
-0.121373
-0.34271
-0.20556
-0.698248
0.324625
-0.524594
0.572346
1.35727
0.436918
-2.44883
0.241034
0.34608
1.35915
-0.339299
0.180097
1.3889
-1.65925
-0.787368
-1.33698
-0.625563
0.896095
1.73951
0.209722
-0.210848
0.477872
0.831508
-0.615839
0.398243
-1.8482
-1.76639
1.7574
-1.1267
0.309936
-0.151155
-2.34296
-1.30953
-0.180029
-0.279627
0.245014
-0.828973
-0.414381
-0.540243
1.3048
1.64116
0.744491
-0.0239602
0.663055
-0.0997425
-0.00888147
-0.519133
1.08751
0.372362
-1.02427
-2.15009
-0.45415
-0.389931
-1.61204
0.95764
-0.273965
-2.14966
-0.984047
1.098
-0.526242
-0.293125
0.170804
-1.76846
1.22379
0.805706
2.4055
0.576297
-0.772334
1.25564
-0.601764
-1.61205
-0.0656158
-0.0265394
1.85088
-0.269704
1.32483
0.788498
0.825854
-0.446751
-0.115519
-1.65027
0.185073
0.159324
-0.752551
0.596389
-0.256799
-0.452714
0.32107
1.6396
-1.23697
0.208359
-0.492641
0.486752
0.587152
-0.771641
-0.696418
0.874428
-0.532545
-0.982915
-0.641994
0.101865
0.250479
0.379022
1.62508
0.872254
0.438271
0.511751
1.34717
0.189794
-1.40556
1.21406
0.186495
1.99388
-0.82279
1.29422
-0.62414
0.371756
0.222612
0.758205
-0.37666
-0.541222
0.158281
1.57822
0.920308
-0.404909
0.552184
1.04849
-1.43417
0.565663
-0.108819
1.13712
1.73558
1.37584
-0.286642
0.710151
1.71675
2.0299
-0.51741
-0.607618
-0.206493
0.0833822
0.90667
0.667107
2.22253
-1.2634
0.766965
-0.813802
1.46074
-0.0376962
0.535315
1.01002
-0.479209
-0.368953
0.117683
1.18502
0.672181
-0.669296
-1.0368
0.800484
-0.0140968
0.987475
-1.0399
-0.509504
0.259997
0.82003
0.28657
-0.488259
0.726288
-0.880555
-0.749925
-0.557269
-1.11547
1.04111
-0.271629
-0.147921
-0.437432
-0.364163
-2.01558
0.62378
-0.144375
0.777465
0.140606
-0.548703
-0.190689
1.12581
-0.677211
-1.18241
0.830176
-0.130593
-0.0558373
0.741299
-0.279965
0.250675
0.244707
-0.0931854
-1.6147
1.88391
0.177875
-0.708812
1.05054
1.12883
0.423746
-0.49918
-1.25855
-0.738065
-1.49442
0.926517
-1.21114
-0.301116
-1.32393
0.174077
-0.584055
0.186567
-0.0848304
-0.0269505
-1.18764
1.04748
-0.731278
-0.179166
2.26447
-0.698242
0.126547
1.26971
-0.657674
0.886742
-0.048799
0.652084
0.771844
0.0228866
-1.0612
-0.395681
-0.616989
-1.47668
-0.050315
-0.761434
-1.73239
-0.573803
0.74912
0.601275
1.65231
0.149423
-0.511801
-0.0565178
-0.121703
-0.257636
-2.22016
0.615714
0.954496
-0.0973823
-0.311235
0.891514
-0.319193
-1.9041
-0.531401
-2.61961
0.658891
-1.38609
-0.61514
0.377956
0.618625
-1.25899
0.220014
-0.320342
-1.01046
-0.44499
-0.851945
-2.05914
-0.543745
-1.6794
0.213668
0.00172448
2.18727
0.372266
-0.879309
0.580301
-1.21549
-0.253097
-0.242839
-0.895418
-2.16291
1.4159
-0.219074
-1.10997
-0.868485
0.122032
-0.23468
1.26561
0.417701
-1.13003
-1.16823
-1.18283
-0.992945
0.424435
-0.0848926
0.582011
0.341491
-0.780262
1.38846
2.12259
-0.984505
-0.293738
-0.739668
-0.593138
0.100249
1.67928
0.137849
0.44271
0.1134
-0.320957
0.342652
-0.848724
-0.047264
-0.96134
-0.71497
-0.472443
-0.913445
1.01463
0.808175
0.369961
1.38682
0.466311
0.255852
-1.08214
-1.74773
-0.56936
0.743358
-1.2251
0.744632
1.7461
0.0940883
-1.2319
1.2456
-0.175078
-0.263033
-1.38224
0.166829
-0.766295
-0.177753
-0.384701
0.851862
-0.216437
-0.0182582
-0.33413
0.600147
1.81792
1.15772
-1.6928
-1.06162
-1.73339
-0.228963
-1.49432
-0.872513
-0.498732
1.57589
-1.30627
-1.74665
-0.435131
0.861372
1.71328
0.702511
-0.43875
0.602598
-1.63172
-0.933865
1.79376
-1.51427
-1.37252
0.207129
0.780149
0.103483
0.0778538
-0.285104
0.611267
-0.325705
0.518927
-0.461869
1.15841
-0.199123
-0.0749132
-1.45501
-0.932924
0.738661
1.13574
-0.775051
-2.22247
0.124818
0.661773
-0.923555
-0.0193821
0.307927
0.051231
0.544032
1.50676
0.0325442
0.386641
-1.94383
0.631772
-0.473131
0.530366
-1.32954
-1.01565
-0.859759
1.18847
1.84705
-0.509742
0.886343
1.72708
1.23841
0.564661
0.960306
-0.361254
-0.712385
-0.989099
-1.38297
-0.56386
-1.0622
0.409776
0.506433
-0.961762
1.42106
0.487792
0.324836
-0.288989
1.08368
-1.01466
0.799344
0.0469748
0.459164
0.126875
1.50756
-0.188301
1.17496
-0.540177
-1.42419
1.67299
-1.48381
0.0154541
-1.1789
-0.554907
-0.696971
-0.251735
1.18952
-0.840908
1.11623
1.49239
-0.765693
-0.489208
0.0453466
1.24291
1.60222
1.73406
0.500429
-1.60418
-0.293093
1.5616
0.561512
-0.346843
0.625586
-0.127344
-1.35838
0.717795
0.177504
-0.563836
-0.693641
-0.704026
0.916506
0.937311
-0.714706
-0.561626
-0.471074
-1.37032
0.139733
1.18179
0.67211
0.391638
0.83799
0.922784
-1.51216
-2.1125
-0.439545
-1.32162
0.0798548
-1.03678
-0.561925
-0.0641478
1.67884
2.22015
-1.68365
1.25083
1.60817
-0.774004
0.759958
1.06548
-1.44797
-0.308339
0.0364705
-1.55765
-0.949848
2.01523
-0.355982
1.24064
0.1111
-1.07708
-0.740113
-0.859504
-0.526171
0.202817
-0.787519
-0.113254
-1.1758
0.290168
0.349654
0.494567
0.467507
-1.1455
-0.673805
-0.635901
-1.17308
-1.42857
-0.142995
-0.786731
2.01028
-0.777245
-0.098154
0.176156
0.0522386
-0.18053
0.0687748
1.11379
1.17497
0.508333
-0.267231
-0.3772
0.404335
0.310354
-0.760185
0.0259861
-0.703292
-2.2087
-0.72691
0.286504
2.29152
-0.622618
0.856314
-1.89864
1.07101
-1.31889
1.53824
0.665787
-2.07343
1.0965
0.57597
1.16635
-1.03443
-1.73594
0.687511
1.22554
0.172254
0.735259
0.536379
2.27189
0.089921
-0.379123
-0.811562
0.140206
0.763833
-0.0670484
-2.9518
0.45514
0.225104
-1.35802
-0.392156
-0.975233
0.51539
0.135467
-1.64215
0.155955
0.0990881
0.412
-0.467818
0.603769
-1.10043
-0.631403
0.288726
1.33421
-0.531289
0.74782
-0.467752
0.931284
0.810955
1.14868
1.88739
-0.794447
-1.63376
2.38406
1.09513
0.947759
-0.457966
2.09687
0.948392
1.21123
-0.367162
-0.714316
0.401333
0.828563
-2.16451
1.89806
0.858954
-0.699834
0.352062
1.42162
-0.445327
-0.427949
-0.165919
-0.760184
-1.07215
0.173097
-0.291711
1.25327
0.332743
0.656823
0.166184
-0.853959
0.124999
0.654608
-1.02385
0.666839
-0.636212
0.434045
-0.998289
0.0577007
1.60117
-0.36654
-0.82789
1.17041
-1.24453
1.12762
0.489349
-0.549717
-1.09864
-0.12987
0.970938
-1.31663
0.147262
0.00681118
-0.231188
0.0883081
-1.63429
-0.233876
0.895841
1.07578
-1.33936
-1.24089
-1.03947
0.897605
-1.07563
-0.572766
0.975382
0.228611
0.0728941
0.266925
0.317404
-0.0872364
0.796548
-0.389352
-0.253031
1.28399
-1.08388
-1.74021
0.510118
0.113587
-0.223668
-0.334271
0.194324
0.50135
-0.808429
-0.348069
0.339773
2.24061
-0.131881
1.35367
0.205218
0.387571
1.67957
-1.51829
-0.803661
-0.557709
-0.430725
-0.0742752
1.28715
0.952539
0.920587
-0.278532
-1.74757
1.80954
0.0263293
0.00420316
0.470916
-1.06504
-1.79349
0.476854
0.973418
0.318228
0.10006
-0.786072
-0.62712
-0.752049
0.626956
-0.061784
2.32054
1.47093
-1.05251
-0.798581
-0.30533
-1.08684
-1.30542
-1.46094
2.19608
-0.0974835
-0.959103
-0.210767
0.448111
1.04124
1.41437
-1.90545
0.200822
0.285595
-1.1015
-0.763155
1.24762
0.335042
1.52664
0.899386
-1.23285
-0.676332
-0.124279
0.657701
-1.17552
-0.510952
0.47114
1.00535
-1.42553
0.739732
0.466961
-0.0581137
1.07744
1.55651
1.20521
-0.407291
0.643485
0.146771
-0.472477
2.78937
0.131264
0.906452
0.342765
1.25889
-1.17414
0.18541
0.829812
0.249085
-1.573
0.717399
-0.72725
-0.59824
2.07083
-0.729929
-0.720993
-0.711953
-1.74556
-0.763399
-0.175718
2.57092
-1.29358
-0.040447
-1.36623
-0.468567
-2.14946
-0.355718
1.09083
-0.0680716
0.0969194
0.68668
0.70615
-0.664461
0.0787314
0.740945
0.315459
0.916294
-0.414352
-0.923004
0.787037
0.773762
-0.49189
-1.07341
0.359523
-1.82891
1.51279
-0.430143
1.57973
0.442164
0.218298
1.22374
0.324382
-0.542262
-0.445966
-1.54268
0.493143
-1.28512
1.60406
1.79495
0.465178
-0.0840648
-0.362779
1.00119
-1.29535
-0.54154
0.92552
-1.1687
1.45365
0.0430467
-1.2806
0.60989
-0.637976
-0.172734
-0.0803714
0.930074
-0.724722
0.624422
-0.352282
-1.01526
-0.927455
-0.104585
-1.03575
0.498267
0.220416
0.123387
-0.534037
0.281554
-0.485293
-0.00664013
0.973726
-0.509808
0.834931
-0.537615
-0.0235129
-0.830515
-0.0146767
0.651578
0.48046
0.177391
-0.939496
0.79387
-0.367057
0.319814
0.303497
1.05026
0.194191
0.153307
1.63898
-0.605438
-0.786307
0.0562062
-0.543602
-0.285478
1.04539
-0.210641
1.59801
1.90775
-0.253703
0.173877
-0.516578
-1.96365
-1.51914
0.0736783
-0.919335
-0.783154
-1.10079
0.223858
1.8305
0.679461
0.375035
-0.993273
-1.64203
-0.202011
0.409597
1.18601
0.219106
-0.846476
-0.846138
1.11927
-0.682468
1.31381
-0.985289
2.80177
1.40579
-1.8209
-0.560003
-0.473379
-0.486916
0.259782
1.64876
0.832075
-1.18923
-0.235526
-0.15941
0.0111685
2.33258
0.574437
1.99392
-0.338674
-0.601097
0.698663
1.37782
-0.173924
0.789873
2.18029
1.91895
0.417399
0.28839
2.07033
-0.0253068
0.871699
1.32462
-0.606676
-0.172825
0.695633
-1.48906
-1.08696
0.980555
1.10061
-0.332556
0.204158
-0.367993
-0.545375
0.844556
-0.654476
0.621677
-1.69857
-0.577499
-0.367886
-0.489509
-0.124031
0.594548
-0.580829
1.54468
0.0147773
-0.0720664
-0.0916463
-0.425067
-1.04906
-0.337343
2.96079
0.46205
1.27501
0.0714342
1.141
1.9933
2.41411
1.4698
0.142137
-0.000258428
-1.29645
1.67372
0.014556
1.76855
-0.303961
0.23594
0.652768
0.0583469
0.246751
-0.844818
0.641407
-0.095651
0.0848436
0.519645
-0.864098
0.202972
0.787796
1.31261
-0.524117
1.79148
0.0485238
0.936563
-1.0252
0.962401
-1.8245
0.893583
1.06013
0.711974
0.410759
1.50207
0.101858
-1.28316
0.755837
-1.31043
0.998785
-0.136929
-0.822452
0.80077
0.940917
0.114747
0.00681778
-1.0555
0.593067
1.06883
-0.20286
0.309286
0.0113358
0.181339
-0.773358
1.30805
0.807293
2.24637
-0.910134
-1.33663
1.14002
0.344408
1.00043
0.175791
0.507412
-0.201961
-0.272812
0.19485
-1.48306
0.202734
-0.240107
0.798359
-0.065197
-0.179199
-2.05591
-0.843374
-1.63878
0.559605
-0.123812
0.379198
-0.675001
2.19505
0.733941
-1.15727
-0.35561
-0.103988
-0.895027
0.00666805
1.93941
1.31456
-0.0442478
-1.51933
-0.303044
0.799925
-0.198965
-1.25686
1.27856
0.614876
-0.590577
-0.84621
-0.477515
-0.00810216
0.047554
2.24657
0.612322
1.0067
0.461041
0.621792
0.523946
-0.810915
-0.653524
-0.258683
-1.42497
0.745281
0.961459
-0.301228
-1.13636
-0.562247
-0.617337
-0.914196
-0.478027
1.16148
-0.336088
-0.102126
-2.53778
0.772581
-0.871207
0.703472
-0.59877
-0.695681
-0.973534
-0.530862
0.26397
0.231926
-0.0616761
2.20957
-1.2633
0.0251305
0.705417
-0.693082
0.244914
-1.09988
0.731289
-1.5512
-0.664861
-1.43359
1.11665
1.22786
-0.303104
-2.20819
-0.213167
-0.898192
-1.02286
-0.292433
0.361508
2.25504
0.468308
-0.539333
-1.48313
0.135324
1.11525
-0.922273
0.784383
-0.870642
0.759464
0.260764
-0.481032
1.55072
-1.11448
-0.135466
-0.757697
-0.190533
1.70495
-1.46671
-0.748664
0.776476
-0.779627
0.164533
-0.0515754
-0.237246
-0.0496489
0.0930784
-0.801185
-0.732063
1.22649
1.23237
0.184039
1.00155
0.193248
1.00018
1.90472
1.20947
-1.40542
-0.752064
0.379019
0.736881
0.822356
0.370463
0.781856
1.12753
-1.65421
0.358329
-0.156631
-0.684888
0.396997
-0.310436
1.03222
1.64816
-2.00692
-0.674553
0.815368
-1.86398
0.602375
1.38003
0.31674
-0.0651924
0.924233
0.837207
-0.836853
-0.200346
-0.08906
0.0123742
-1.07985
1.04813
0.967611
0.530876
1.61592
-0.362987
0.898357
0.473232
0.849718
-1.0256
0.599052
-0.147982
-0.073062
0.933061
0.74007
-0.448151
-0.0256403
0.659801
0.119462
0.0266275
-0.142499
-0.356124
0.487312
0.721266
-0.202779
-0.114821
2.10069
-0.432511
0.277635
0.183455
-0.804264
-1.66691
2.26202
-1.69873
-0.565073
-1.29605
0.613008
-0.725905
0.88785
1.66274
-0.649539
0.463191
0.315905
0.675831
1.09536
-1.17077
-1.48976
-0.812502
-1.53955
0.521478
-0.547377
-0.744825
0.0356987
1.01649
0.957608
0.333499
-1.15238
-1.0681
0.925425
-0.00172184
-0.0655079
-1.97222
0.80575
1.50563
2.20382
2.2053
1.13455
-0.0882336
0.0894576
0.571138
-0.908232
0.342725
0.116712
-0.972082
0.171388
-0.54236
-2.12267
-0.374737
-0.883878
-0.717187
1.99822
1.00415
-1.65102
-0.604614
-0.781134
0.203196
0.290627
0.723707
-0.520861
0.637162
-0.480224
-0.595204
2.28067
1.21822
-0.536114
-0.933032
-0.619643
1.09808
-0.852763
1.2665
-0.0968301
-0.759225
1.75497
1.16554
0.633835
-0.94276
0.231647
0.53412
-1.81676
0.9472
-0.954287
0.488903
-1.75641
1.71843
1.26257
0.846384
0.0288217
-1.32446
-0.833738
1.847
-1.04515
-1.44378
0.434712
-0.680645
-0.0494773
0.341809
1.41811
1.2512
-1.04889
0.990726
0.549062
-0.388927
-1.20204
-0.593984
0.547855
-0.30241
-0.0844593
-1.03869
-0.598175
-0.830816
0.433704
0.826467
-0.811972
0.512454
0.979096
-0.120439
-0.785332
1.49403
0.260628
0.319155
0.252145
1.21321
1.54733
1.48121
-1.92176
-0.36915
0.670084
-1.19642
0.742325
1.8695
0.167797
-0.245305
0.682006
0.954279
-1.0954
0.621447
0.661414
1.80283
-0.117196
0.846266
-0.131071
1.56435
1.17279
-1.14269
0.35938
1.29231
-1.04416
-0.147502
-0.0405341
0.348297
0.60964
0.405798
1.14032
1.37558
0.0357448
-0.214516
0.501149
-1.17695
-1.15123
0.981905
-0.450208
1.0979
2.6548
1.30747
-1.08974
0.946013
0.0801772
-0.321185
-1.79677
0.301771
0.537319
-1.1038
-1.66193
-0.665038
0.320843
-2.06153
-1.80174
-0.721869
-0.533583
-0.281788
-1.53646
-0.367151
-0.665746
-1.32439
-0.8757
1.4024
0.92835
-0.0781201
0.696663
2.49784
0.167244
-1.44352
-1.1996
-0.508988
1.42749
-0.0853312
-0.95686
-1.05488
0.81189
0.680598
0.521299
0.44718
1.46309
0.240419
1.00392
0.443276
-1.20669
0.0270629
-0.135119
1.65422
1.15814
0.471873
0.346394
0.255448
-1.88161
-1.32999
0.178533
-1.62986
-0.165407
3.05426
0.916342
0.229744
-0.46398
1.11181
-0.405762
0.727468
-2.76211
-1.30408
1.64539
0.587973
0.296465
-0.173795
0.943667
0.544609
1.50756
-1.34144
0.167981
-0.17483
-0.683205
0.0304774
1.01421
-0.462257
2.75286
0.73804
-0.251418
-0.704191
-0.22886
1.42742
0.625284
0.441426
1.55391
0.461048
1.10508
0.282421
-2.30253
1.16388
0.823258
-1.25238
-0.929516
1.23756
0.943303
1.89345
-0.520206
-0.521024
1.20754
-0.752446
0.302563
-0.0330427
0.312319
-0.467562
-0.508374
-1.55082
-0.238071
0.898476
-0.554744
-1.68501
-1.34766
0.13813
0.954346
0.83148
-0.87867
-0.187479
-2.58471
0.376208
-0.432622
-0.945101
1.49749
0.510363
0.848264
0.876973
-0.140757
0.119007
1.42396
2.59961
0.410137
-1.08004
0.217058
0.819188
2.00709
-1.58413
-0.0348816
-1.0134
0.349726
0.985983
-1.09722
0.482833
0.731797
-0.00547489
0.204314
-0.772087
0.180076
0.660537
0.569333
-0.193861
-1.41277
0.105093
0.778749
-0.115134
-0.941408
-1.95273
0.226176
0.142545
0.409649
1.095
-0.482818
1.04296
0.0603516
-0.0464561
-0.623614
0.854392
-0.52515
-0.881768
-0.338449
-0.922297
1.77923
0.678269
0.0852183
-0.00842496
-0.00619892
-1.51124
-1.79659
-0.91723
-2.79904
0.60936
-0.513973
-2.43976
1.14299
1.16127
0.428898
-0.641734
-0.465972
0.419676
-0.0752718
0.36448
1.49772
2.65668
-0.677028
0.243835
-1.28349
1.202
-0.128353
0.522083
-0.0707045
0.455462
0.582857
-1.08745
-2.05481
-2.35943
1.02545
0.100544
-1.11186
-0.822454
-0.754692
-1.22545
-1.19481
-0.681704
0.379999
-1.9326
-1.7065
-1.23901
0.0796594
-0.750918
0.815175
0.173412
-0.778781
-0.476923
-0.610776
-1.01457
0.0633283
0.860172
-0.313882
0.161168
-0.310357
0.832079
1.21455
-1.28116
1.31784
-0.0104123
1.73806
1.92376
-0.000636975
1.69163
0.449549
1.11304
-0.267349
-0.871309
0.266013
2.56003
0.884286
-1.35975
1.00656
-0.347651
0.929486
-0.704422
-0.036037
2.20163
-0.0846871
0.0209893
0.864901
0.875935
1.06015
1.48336
-0.637099
0.338113
0.645727
-0.707712
-0.592099
0.197002
-0.4223
0.10143
-0.71374
-0.691028
2.08265
0.205138
-0.0263088
-1.12701
2.08435
0.123771
-0.808835
0.15386
-0.575516
0.799705
-2.28613
1.18961
-1.10902
-1.48559
-0.100578
-0.0121696
-1.54065
0.000576899
0.663673
0.827507
0.642473
-0.179254
-0.150351
-0.373816
-0.476781
0.541324
0.581459
1.04496
2.01994
-0.189325
1.20779
-0.365927
1.38996
-0.00177897
0.466913
-0.508946
-1.29283
1.19977
0.768127
-0.893644
0.394139
0.0141742
0.190123
0.682267
-1.2856
0.661119
-0.016728
-0.384896
-1.20119
-0.474609
1.54036
1.84305
0.0111799
0.0255877
-1.49475
-1.33822
-0.690596
-1.02588
1.47162
1.04552
-0.297655
0.874029
0.159925
-2.10356
-0.536587
-0.944357
-0.718351
0.378968
0.8624
0.461861
0.60915
-0.333893
0.0198827
-0.423605
0.69959
0.739627
-0.133908
-0.509691
0.105651
-0.299369
1.48465
1.17172
1.47288
-1.71748
-1.40893
-0.280618
-0.205211
0.32154
0.13266
1.78615
-0.826247
0.508206
0.473929
0.847392
-0.865699
-0.177304
0.593514
-1.73068
-2.32893
0.576444
0.0235046
-0.210715
1.6059
-0.9628
-1.69194
-0.0435993
0.261016
0.331434
0.834699
-0.438171
1.30911
-0.582106
0.212894
-0.747629
-0.70365
0.634212
1.02879
-0.149004
1.4464
0.643073
-1.87483
0.171501
-1.27357
-0.0327702
1.28962
0.0621052
-0.18298
1.76863
-0.244219
2.20285
-1.92848
-0.673573
-0.849569
0.721873
-1.60975
-0.707559
-0.882419
2.0212
0.251444
0.800183
-0.87013
-0.0269696
0.305577
-0.718649
0.41903
-0.810437
-0.198712
-0.109908
1.20193
0.0119323
0.710929
-1.36902
-1.04545
-0.826205
-0.891303
-0.0257637
1.30347
0.195327
-0.684124
0.908732
0.500419
2.31253
1.12784
1.59952
-0.624499
1.63573
0.335875
0.783237
-0.440776
-0.0403714
-1.21383
-0.162217
0.602196
0.44222
0.0378013
-0.789556
-0.41768
1.47145
-0.188643
1.38014
0.299534
0.00914428
-0.44659
-2.3574
-1.7062
1.34732
0.817974
0.340909
-0.555446
-0.567322
0.0940772
-0.442773
0.0317955
-0.606047
1.44956
0.752152
-0.931727
-0.0835712
-0.495403
-0.570205
0.120589
1.56079
-0.316529
-0.303343
-0.559792
-0.822043
0.659338
1.16472
-0.0784152
0.791997
0.318416
0.255412
-1.73165
1.94313
-0.284608
-0.581398
-0.907239
0.396982
-0.00760741
0.539204
-1.0289
0.42577
-0.840378
-2.0952
0.244272
1.25392
1.29087
0.490536
0.442658
-0.306771
1.29212
-0.805098
0.334249
0.2697
-0.488862
0.530767
-2.08199
1.62056
0.764284
0.0305391
0.908111
1.17118
-0.810349
-2.06861
0.301039
0.187143
1.12173
-0.633327
0.387865
0.225992
-0.000979014
0.302083
-0.573562
-0.147116
0.645175
0.592367
-1.14184
-0.717771
-0.664327
-0.72702
1.56389
0.657966
0.33323
1.46589
-0.923339
0.30077
-2.15776
-1.48002
-0.206499
-1.36572
-0.161967
0.701537
0.962306
0.828682
-0.237178
-0.0470853
-0.37364
-0.364967
-0.106331
-1.18207
2.41032
1.43798
-0.300296
0.579022
-1.05425
-0.0670562
2.07354
-1.63803
-1.53165
-0.307596
0.377636
0.384383
-1.35881
-1.84295
-0.484424
-0.547707
0.588784
-0.84534
-0.747272
-0.449116
-0.491005
1.27485
-1.14005
0.852342
0.000806742
1.08614
0.711974
0.899391
0.994972
-0.76801
1.93271
-1.29773
1.20417
-0.406202
-0.583484
-0.347492
0.984228
-2.00591
-0.0813789
-1.69179
0.301931
-1.10871
-0.631904
0.807205
0.650467
0.460458
-0.233815
1.52322
0.809576
-0.784549
1.61701
-0.390221
-0.198389
-0.998298
0.0607051
0.143001
-0.104828
-1.13299
-0.296456
0.551792
-0.394245
1.31857
-0.0565703
0.505195
-0.3291
0.399821
-1.63691
0.291245
2.03144
0.991481
-1.70459
0.197734
0.712128
0.0437487
-1.30475
-1.38525
1.07062
-0.37948
-0.826251
2.81957
-1.46659
-0.226301
0.133004
0.456763
-0.568921
0.53848
1.4406
0.277633
0.2537
0.993454
2.07193
-1.54367
-0.826486
1.69323
-0.206527
-1.0011
0.0416001
-1.59552
1.66964
0.917649
-0.624806
-1.16759
0.514765
-0.541103
-0.278351
1.12718
1.37209
-0.914581
1.47428
1.63719
0.986757
0.41352
0.113139
-0.211767
2.14247
-1.50427
-1.08254
0.327725
0.681972
0.233148
-0.828453
-0.706359
0.552148
-0.613271
0.594586
-0.169271
0.125662
-0.842524
0.531802
1.0144
0.27446
1.23766
-0.0764362
0.0581556
0.123671
-0.983576
0.564735
-1.03155
-1.50793
-1.23425
0.42554
-0.936931
0.13888
-0.301731
0.142533
-0.2069
-1.22663
-1.90065
-0.489571
0.494199
-0.0879154
-0.948444
0.677068
-0.479132
-0.273493
1.53575
0.90727
-0.698893
-0.326565
1.63532
1.3098
1.41244
1.09009
1.14639
1.39592
-1.00089
1.47349
-1.08916
-0.364079
0.740242
-1.08411
0.0972683
-1.34754
0.786773
0.591322
-1.97901
-1.3635
-0.68609
-1.73058
-0.0172416
0.69175
0.175828
0.833652
-0.417248
-1.41016
1.82546
1.22744
-0.34241
-0.598677
-0.946997
0.0264057
0.646065
0.180722
1.21765
-0.451267
0.411012
0.674472
-0.426133
-0.421912
0.60384
-0.215746
0.659314
-0.64614
1.6694
-0.543395
-0.284412
1.06554
-1.27826
1.2335
-0.272559
0.69964
-0.622738
-0.812599
-0.331462
-1.83449
0.0694019
-1.00978
0.246305
0.267072
0.18837
-0.0931109
0.664635
-0.263907
-0.537359
-0.0325749
0.150753
0.0140984
-1.15461
1.54089
1.93698
0.449813
-1.61417
0.0644944
-1.84996
2.52095
0.648038
-1.47902
1.06481
0.695481
0.873248
0.0912666
-0.328766
1.08152
-1.31886
-0.257806
0.984408
0.644293
0.899176
-0.00889342
1.48613
0.746148
1.54642
-1.50754
2.09958
-1.05384
0.434628
-0.737343
0.0668148
0.203365
-1.13493
-0.0590478
1.9707
-1.66502
1.32194
-1.11865
0.0187662
0.561519
-1.2525
1.25483
-0.380538
-0.577362
-0.186838
0.0346653
0.232494
1.00941
0.189684
0.23182
0.933118
-0.508408
0.466297
-0.297242
1.02413
0.425356
0.788132
0.458049
0.124107
0.783411
-1.04203
-1.01102
1.90178
-2.24203
-0.80912
-0.700226
-0.786839
-0.228949
-1.62522
1.40484
-1.47411
-1.35162
-0.34197
0.929933
-1.26295
-0.355991
-1.17628
-0.315283
0.444238
0.477723
-1.06427
1.95811
0.33665
-0.578899
-0.452995
0.88532
-0.455041
0.835097
-0.897148
0.386901
-0.0899949
1.3973
1.48409
0.303469
0.867336
0.0391671
1.37892
-0.967205
-2.23038
0.248801
-0.0996134
1.38069
-1.25211
-1.09527
-0.0997287
0.512597
-1.10446
-0.625456
-0.805891
-0.830822
0.660672
0.436003
-0.161473
-0.860102
1.44424
-0.0139198
0.936836
1.15693
1.04803
-0.76421
0.384271
0.719151
0.0943654
1.12945
-0.699866
-1.4563
-1.52065
0.235891
0.182959
0.706022
0.447351
0.536521
1.15979
-2.05144
-0.290804
-1.3852
1.9617
-0.15451
-0.315611
-0.232249
0.398319
-0.435827
0.939632
-0.477199
-0.334385
-0.0884029
-0.349046
-0.25632
-0.0150529
-0.377869
0.00116453
0.87517
-0.160545
-0.418938
-0.636241
2.01793
0.330986
0.325781
0.458344
-0.334477
0.038076
1.4932
1.41474
-2.72796
0.396879
0.49878
-2.24745
-0.10181
-0.250208
0.0360907
-0.421535
-0.593851
-0.224261
0.582184
1.08432
-0.482048
0.768933
0.432813
1.19462
0.0115987
-0.429282
0.29215
0.292768
2.64227
0.589283
1.19181
-0.840054
0.366161
1.38095
-1.4669
0.0300093
-0.194086
-0.422471
0.645885
-0.872579
2.00902
-0.618982
-2.46561
-1.10368
-1.98106
1.59187
0.518722
-0.796889
-0.238358
-0.380579
-1.12834
0.486714
-0.459825
-1.17897
3.35349
-0.897168
-0.155482
-1.68311
-1.14081
-1.2903
-1.43338
-0.818411
0.109807
0.707369
0.187261
-0.689634
0.712357
1.09374
-1.03789
-0.244665
0.575328
-2.18828
1.40816
-0.104372
0.339332
0.139962
-0.57349
-0.259746
-0.62512
-0.541685
1.84388
1.5974
0.819785
0.482766
-0.927144
-1.48383
0.914057
-0.773542
0.0660806
1.75082
0.655288
-0.57065
0.467098
0.819554
1.24499
1.24192
0.956638
-1.11399
-0.310324
-1.11204
1.1668
0.995672
1.06179
0.391632
0.625151
1.08971
-0.863819
1.7959
1.30384
-1.30333
0.346154
1.02727
-0.370322
1.49235
-0.224204
1.30396
-1.5321
-1.28555
-1.34752
0.125585
-1.40275
0.771187
0.618939
-1.79833
0.58895
-0.379096
-0.396067
-0.352319
-0.941427
-0.485179
0.98498
0.622992
-1.14561
-1.13582
0.736762
0.565619
-0.366103
-0.468498
-1.20127
-0.219195
-0.713011
-0.592991
-1.83193
-0.10797
-1.36168
-2.56902
-0.549904
0.0476607
-1.62011
1.23239
-0.145038
-0.229189
-0.818931
0.125032
1.27829
-2.72678
1.80024
-0.727303
0.475628
-0.480732
-0.306682
0.93166
-0.202368
-0.0802429
-0.999596
0.269019
0.84496
0.0621168
-0.578377
-0.0700321
-0.111149
-0.757254
1.92215
-0.00899765
-0.487859
-0.796039
0.308956
0.541499
-0.00401436
-1.37398
-1.93705
-0.663435
0.762817
-1.44769
2.00537
-1.10081
-1.09738
-0.659768
0.494519
0.0927431
0.419248
0.808535
-0.700231
0.842852
1.28681
0.692758
-0.367313
-0.73406
-0.708401
-0.675862
0.952023
1.05093
-0.400102
1.81213
-1.10259
-0.295701
-1.13606
0.358382
-0.322282
0.557166
-0.269105
-0.940068
0.664325
0.798503
-1.04843
0.662379
2.60129
-0.491621
-1.42452
-0.513802
-0.694177
0.947817
-0.588761
1.12301
-0.882288
0.478366
1.65203
-0.978709
1.58399
0.196167
0.375937
-0.17405
-0.683724
0.245172
0.348349
-0.565148
0.696385
1.09965
-1.15983
-0.901384
0.550032
-2.42816
-0.464324
1.35103
0.0786437
-0.459379
0.0610265
-1.81064
1.57759
0.749816
-0.896197
1.76046
-0.352531
0.376938
-0.2711
1.50287
-0.878803
1.90079
0.183561
-1.18447
-1.35498
1.66931
-0.461567
-0.410183
0.477121
1.92066
-0.868126
0.559395
-0.106611
-0.123282
-0.458281
-0.715518
-1.56362
-0.996725
-1.19295
-1.69675
-0.618649
-0.427613
1.78635
0.567908
0.349032
0.807193
0.394187
1.28289
0.640067
-1.63676
-0.702846
-1.24041
-0.314186
0.277958
0.685539
-0.307065
-1.10515
0.720956
0.358509
-0.0202652
0.597643
-1.25469
0.393048
1.24468
0.585774
0.367789
1.39699
-0.400573
-1.28749
-1.83257
-0.376664
0.0495041
1.29053
0.00543257
0.638477
1.71961
0.579017
-1.45146
1.37262
-0.601617
-0.635086
-0.276563
0.220837
-0.135141
0.548554
-0.301808
-0.265683
-0.275504
1.41723
-1.62723
0.499209
-1.97163
-0.273748
0.459446
0.0833514
-1.02024
-1.9392
-0.483704
0.27195
0.815316
-0.216413
0.0502905
-0.321994
-1.8727
0.864148
0.477606
-0.785317
-1.66899
-1.15728
-0.582816
0.805521
0.839621
-1.13621
0.223462
-0.680848
-1.07465
0.709849
0.850279
2.13399
-0.295461
2.06707
-0.368071
-0.906843
-0.79116
0.61967
1.10051
0.134241
0.955447
0.190265
-1.30532
0.383725
-0.127541
0.0256221
1.62883
0.298045
2.15095
-0.319211
-2.89166
1.05629
1.05699
-1.96653
2.03773
-0.00967367
-0.739604
0.836316
0.949291
0.27553
-1.54194
0.62702
-0.743245
-0.522327
0.352984
1.14778
0.813456
-0.939714
-0.311766
-2.62374
-0.35103
-0.804894
2.07552
-0.25332
0.292271
0.596037
-1.41798
0.447951
0.279871
1.47818
1.30098
-0.812754
-0.519601
-0.0217095
0.283231
-0.345718
-1.39381
-1.98469e-05
0.830193
0.181905
-0.0728233
1.33398
-0.760995
-0.282591
0.532566
-0.119243
-1.01604
2.22106
-1.31032
0.750259
0.663417
-0.381123
0.405952
1.67455
-0.596089
-0.640185
0.0143084
0.289955
-0.534952
1.05586
0.659755
-1.45772
-1.26068
-0.461466
-1.394
1.24605
0.407912
-1.06391
1.53247
1.02371
1.43169
-1.72209
0.614147
-0.297508
-1.07512
0.111188
0.709388
-0.0869851
1.20419
0.342682
-1.75991
0.463265
1.24935
0.730932
0.445947
-0.0845419
0.420717
-0.0627752
-0.468705
0.163837
-0.869589
-0.419101
-1.12554
0.172936
0.790093
1.91788
0.369472
1.32001
0.480292
0.568893
0.849165
0.276151
1.36306
-0.14133
-0.130036
-0.191082
1.6731
0.223109
0.833361
1.01617
-0.122594
0.997606
1.54425
0.455169
0.54557
-0.773328
0.51443
0.174748
-0.26939
-1.02575
0.633795
-0.49349
-0.839208
0.391391
0.92272
-0.564161
1.35973
0.105648
-0.611964
-1.40149
1.55007
0.563539
0.0240095
0.739084
0.65826
-1.11407
-1.27808
0.760103
2.58917
1.3875
-1.50514
-0.860592
-0.289206
-1.794
-1.97469
-0.480042
0.282882
-0.418175
2.90252
-0.208743
-1.61325
-0.291115
-2.0676
-1.44595
0.341344
-0.202444
0.0658398
0.151048
-1.63526
0.287833
0.168335
0.929617
-0.47838
0.835301
0.641204
0.374001
0.377651
-1.44879
-1.03623
-0.973867
-0.733082
-0.843229
0.325887
1.2722
0.259929
-1.15574
-1.6701
-0.339523
0.851139
0.303488
-0.185463
-0.721464
0.489083
0.524651
1.41678
0.805593
-1.00718
-0.668321
2.25241
0.229749
0.562534
0.274021
0.846661
0.234041
-0.878035
-0.920397
-0.640109
-0.679497
0.488106
0.184396
0.122597
0.0267052
0.784172
-0.0153633
0.401706
-1.17007
-0.761631
0.803925
-0.126765
-0.972782
-0.982671
0.513316
-0.454731
0.671014
0.214859
1.46754
-1.25674
1.74534
0.59335
0.433855
0.440916
0.893807
-0.199217
-0.350191
-0.881517
-1.50716
0.836549
-1.95191
-0.207702
0.397987
-0.13321
-0.354869
0.298859
1.84253
-0.231379
-2.07578
1.21068
-1.17922
-1.23682
1.70784
0.22363
-0.294034
0.61173
-1.0537
0.0952742
0.107849
0.0521426
-0.343989
-0.681276
0.609105
0.207421
-0.569249
-0.637553
-1.29043
-0.747967
1.91658
-0.62171
-0.358058
-0.654315
-1.68719
0.76803
0.0745494
-0.757728
0.0755699
-1.28582
-1.48733
0.453228
-1.9183
1.40856
-0.722561
-0.510585
-1.60068
0.662203
-0.0768683
-0.758971
0.25941
-0.298666
-0.0874291
0.194789
0.0326664
0.813447
-0.538935
-1.16962
3.1865
0.000675263
-0.41845
0.578408
1.87656
0.442524
-0.370708
0.0815127
-0.562283
0.818624
1.23399
-0.534933
1.95491
0.872288
-0.490642
0.817205
-0.133731
0.188774
0.481484
0.986185
0.599865
0.948989
-0.99808
-0.402712
0.397188
0.31593
-1.05067
-0.567192
0.201078
-1.78486
0.28164
-0.761628
-1.30911
0.934894
-1.78195
0.833071
0.0287416
0.0440249
0.411258
0.213967
-0.585533
1.44023
0.0147035
0.975642
0.384608
-0.276759
1.91475
-0.141766
0.214418
1.19633
1.73657
-0.622532
-0.875307
-0.376323
-0.194648
-0.369639
0.621939
1.70145
-1.37565
0.586415
0.648698
0.353268
1.28268
-0.278841
-0.326403
0.713517
-0.27133
-0.495332
1.23245
-0.687817
-1.95686
-1.20623
0.310241
-0.241292
1.65905
-0.835338
0.787074
0.741438
0.512095
0.70161
1.10147
-0.37957
0.444186
0.868274
-1.55957
-0.862852
0.836517
-1.196
-0.323201
1.47827
-0.714835
0.415424
1.09541
-0.457011
-0.16234
0.731928
-0.0657083
-1.86407
-1.84454
0.887629
2.14653
-0.0517029
1.03126
0.125199
0.845316
-1.28527
0.494428
-1.04594
-0.112256
-1.29252
0.31923
-0.300563
-0.55331
1.04838
-0.149278
1.11507
-1.06571
-0.75413
1.13669
-1.0686
0.377344
-0.79955
0.720724
-0.396803
0.392624
0.64473
-0.68683
-1.08748
1.52537
0.113427
-0.407462
-0.32515
0.836625
-0.44715
-0.352962
0.651107
-1.16878
0.649818
0.662678
1.41469
0.27644
-0.460873
-0.767961
-1.79522
0.702081
1.69275
2.10797
1.42158
1.4089
-1.78661
-0.122168
1.834
-0.93029
0.658666
-0.815011
-0.204214
-0.054437
-0.723925
-1.76614
-0.914604
-0.0638576
1.9511
1.0014
0.0972556
-0.50956
-0.47269
1.35012
1.33104
0.11807
1.26415
0.97891
-1.16704
0.506507
-0.749177
0.584075
1.20795
-0.940652
0.602863
0.453304
-0.653159
0.327076
1.13146
0.192559
-0.097584
1.99717
-1.123
-1.14853
-0.213161
0.322398
0.383315
-0.475272
-1.08291
-0.630545
-0.6696
-2.14304
-0.645269
-0.336451
1.08172
0.615364
1.22353
0.287245
1.15627
1.32887
-0.62697
-1.08796
-0.151741
-0.899082
-1.07528
-0.516788
-0.358552
0.172973
0.485008
1.07708
-0.16172
1.40274
0.592028
0.94733
-0.804007
0.868939
0.420312
-0.0424409
-0.483749
-0.228687
0.753113
0.772703
-0.854354
0.0866452
0.436244
-0.0856462
-0.895176
0.260286
0.876053
0.511535
-1.50591
1.38654
-2.14191
0.150653
0.521857
0.981392
2.29074
-0.196326
1.05024
-1.08116
0.0640617
-0.137211
0.670789
-0.284099
-0.153723
2.00801
-0.536769
-0.796022
0.000140025
-0.277469
1.81376
-0.888036
0.571132
0.434314
-0.954023
1.74954
0.28097
1.04762
-0.462721
-1.50395
-0.92341
-1.57718
-0.977946
-1.69814
2.17107
0.450653
1.5043
-2.41166
0.928281
-0.628374
1.55804
0.805514
-0.554383
2.26936
-0.519687
0.427539
0.20011
-0.389248
1.10149
1.21346
0.111357
-0.156034
1.49833
0.298574
-0.834167
-1.2858
0.31676
-0.00713767
-0.769858
0.432312
1.61659
0.587825
0.358576
-0.546483
0.358323
0.128635
-1.19227
0.894924
-0.202506
0.266002
-0.82518
0.711559
1.43824
-0.737313
0.850618
0.596348
-0.927102
-0.611574
-0.488022
1.2298
1.97848
0.975908
0.199669
-0.651896
0.754558
-1.27911
0.862235
0.738037
0.0118858
-0.265498
-1.05036
0.288499
-1.15603
1.85165
0.0592387
-1.48884
-0.481408
0.108539
1.18733
0.974773
0.590709
0.771339
-1.42919
-0.840449
0.137701
-0.850015
1.04355
0.474816
0.688462
-0.784488
-0.57831
0.408111
0.9129
-0.812444
1.42396
1.00046
0.214361
1.86619
0.0279681
1.5391
1.24825
-1.1939
0.293055
1.24688
-0.174501
-0.374541
-1.18167
-0.405634
0.78214
-0.104234
-0.306649
0.416242
0.264493
0.290991
-0.510101
-0.897552
-0.309455
1.11829
-0.306298
-0.125152
-1.23173
0.466593
-0.644308
-0.279347
-0.19475
-1.14044
1.38723
-1.08296
0.645639
0.88117
0.593399
2.38285
-0.386323
0.940276
-0.834993
-0.288804
0.58766
0.201276
0.521186
-1.25975
0.825687
2.44668
1.37689
0.458194
-0.628752
0.150257
0.330606
1.6102
0.689526
-0.874867
-1.42019
0.185239
0.265467
-2.1891
-1.23207
-0.775024
-0.288824
-0.997947
-0.0398995
-1.1231
0.416371
0.884004
-0.208452
0.9206
-1.03136
-1.3293
0.593217
0.757378
0.509052
-1.09829
1.9841
1.27152
0.664853
-0.265711
-0.730633
0.618594
0.94592
-0.429238
0.0464741
-1.03161
0.793737
-0.158343
0.962612
-0.98
0.0615149
1.15653
0.300499
-1.28963
-1.71147
0.0519004
-0.408203
2.15357
-0.18581
-0.959638
-0.497556
0.176998
0.124001
-0.386303
0.120885
-1.00513
0.678219
-1.64921
-0.836067
-0.273191
0.222295
-0.887754
-2.37762
0.681701
-0.49301
0.490959
0.620375
-1.72253
0.268171
0.339792
-0.93723
0.0848674
-0.994555
-2.44335
-0.574656
0.00672549
-0.949111
-0.398516
-1.04759
0.640352
-0.469532
0.620673
-1.58663
0.280984
0.389949
-0.0622714
0.336487
-0.54264
-0.27647
0.747135
-0.298666
-0.493995
-2.43851
-1.33029
-0.174382
-0.618099
-1.60286
1.11289
0.176717
-0.923362
1.67774
-1.30199
0.636075
0.434098
0.777019
-0.84858
0.990733
1.42779
-0.637578
-1.13169
-1.12067
0.82797
0.967983
-0.476754
-0.09847
-1.75198
1.0191
0.0485879
-0.22018
-1.13457
-1.36301
0.523585
0.473116
-0.970031
-0.0899423
-1.9674
-1.57418
0.765156
1.01268
0.915512
0.825315
0.975905
0.00261571
-0.782537
-1.57512
1.43473
-0.153838
-0.700507
1.10634
0.188099
-0.594389
0.0361483
0.818079
-0.866027
-0.263601
2.76985
-0.197893
-0.88788
1.73438
-1.42635
-1.5595
1.54596
1.67255
0.924323
1.82545
2.34028
-1.44713
0.758051
-0.336221
-0.335315
2.30573
0.124119
-1.80441
-0.0763963
-2.30987
-1.47759
0.513667
-0.846741
0.709314
-1.94143
0.295434
2.35207
-2.03032
0.884507
-0.232092
0.536152
-0.094003
1.16003
1.19152
0.284645
0.213784
-1.21364
1.13086
-0.271945
1.07609
0.218146
1.29009
-0.487962
-0.316331
-0.442012
-0.53718
0.0626599
0.445461
0.425957
1.19994
-0.651231
0.200981
0.861461
-1.29589
0.0716589
0.68179
-0.647387
0.525731
0.0433814
0.784724
-1.29597
-2.07686
0.197876
1.07464
0.192571
-0.245365
0.472106
0.45519
2.15682
-0.601007
1.76364
1.46157
0.789404
0.426152
0.857307
-2.0532
-0.778297
0.421533
0.671238
1.29359
2.50874
0.299236
0.605341
-0.149129
-0.304232
1.4407
0.137375
-1.46069
-1.6552
-0.994283
0.188029
0.937828
0.488545
-0.600502
-0.0810915
-0.936997
-0.188024
-0.225099
0.67961
-1.01893
0.533743
0.749148
1.11704
-0.0758475
0.188394
1.15289
1.47766
-1.46202
1.19799
0.431508
0.12865
0.614518
0.858032
-1.56333
1.52735
-0.328631
0.189696
-0.128616
-1.11735
-0.260829
-0.851705
-0.467517
0.281052
-0.780112
0.0615072
-0.263127
-1.44018
-0.839562
1.69654
1.52414
0.643922
0.457415
-1.66929
0.716325
-2.16491
-1.29844
0.347287
-0.569881
-0.511794
-0.498891
-0.85884
-1.57224
1.35317
-0.528557
0.313215
0.425052
0.401304
-0.270651
3.23883
-1.6624
-0.748624
-0.108025
-0.866777
1.3336
1.12417
0.556631
1.82137
0.976036
-0.905492
-0.415609
-1.52513
1.24178
0.559778
1.52635
-0.0284191
0.542527
1.64915
0.553798
-1.09556
0.562598
0.265046
1.74893
0.216678
-0.00212141
0.958988
-0.484174
-0.288658
-0.292555
1.36461
-0.549038
-0.574697
1.52079
1.61873
0.833882
0.643446
0.89903
-0.361033
-1.51514
0.646525
-0.278712
1.12596
0.807066
0.780945
-0.280588
0.0912302
-1.07925
0.259168
0.602093
0.556248
-1.79138
-0.925719
-0.341108
-0.846038
0.936622
0.536561
-0.610118
-0.644375
-0.937174
0.133112
0.572472
0.412116
1.11392
0.073612
-0.444052
2.27406
-0.187692
1.59053
-1.33216
-0.408987
1.79191
-1.51743
-1.43162
0.838389
-1.56099
1.08041
0.670433
-0.888164
-1.44688
-0.409332
0.333703
0.236832
0.346995
1.27385
0.410043
-0.170246
0.899022
0.436306
1.58285
0.783156
-0.0034247
-0.854049
-0.713662
-0.451969
-0.258158
1.15831
-1.14404
-1.23874
0.809356
0.714224
1.55448
-1.20332
-0.373958
0.843044
-1.38249
0.620824
-0.570536
-0.0527562
0.712137
-1.08323
-0.975621
-0.544609
0.934125
0.221235
0.45607
1.40175
-0.907694
-0.980711
-0.626984
0.109485
0.48264
-0.959961
1.43318
1.16928
0.309906
1.20799
-0.973062
-0.0215934
-0.54763
1.02175
0.616718
0.593398
1.25179
0.166459
0.455292
0.81733
-0.150445
-0.576332
0.246298
-1.54494
2.34816
-0.891526
-0.0125985
-1.11481
-0.212524
-1.45409
-0.777674
0.440224
-1.05575
0.0210776
-0.943572
0.326881
-0.696659
-1.02554
0.325585
-1.20689
1.34948
0.588835
-0.204535
1.73599
-0.401826
-0.212097
0.948177
0.216403
-0.194692
0.238332
0.91577
-1.26619
-0.570611
1.23014
-1.43542
-0.513124
0.432842
-0.779399
1.45982
1.63033
0.676276
0.827609
-0.517481
-1.51382
0.481749
-1.66947
-0.583875
0.512968
0.692857
0.974095
1.85525
0.332507
-0.278109
1.0513
-0.810923
-2.61979
-2.15483
1.975
-0.979912
-0.237097
-0.80564
-0.623338
1.03353
2.03368
0.234832
1.33131
-0.807643
0.382895
0.838188
-2.44935
-0.219984
-0.49466
1.92985
0.488344
-0.63932
0.819744
1.23239
2.20036
-1.52773
1.18465
-0.138937
-1.00976
-0.178193
-1.36767
-0.686874
-0.322209
-0.729465
-0.276531
-0.383877
-0.286323
-1.45429
0.75802
1.72665
-0.35414
1.35957
-0.0971743
-0.718845
-0.716189
-0.178553
-0.0929664
0.246882
0.634048
-1.01435
-0.0138621
-1.01259
1.37655
1.77511
-0.47224
-0.529446
0.430564
-1.35649
-0.801005
-0.522614
-0.0851469
0.436999
0.15828
-1.20644
0.595813
-0.457653
-0.058402
-1.00732
-0.78512
-0.467317
1.63619
-1.27253
1.6167
-1.27455
-1.14043
-0.890283
-2.09271
0.061402
-1.80907
-2.40841
0.850105
-0.863999
0.938634
-0.68797
-2.02509
-0.528983
-0.441761
-1.42699
-0.462561
-1.36455
1.25267
1.39971
-1.52767
-0.993226
0.371047
-0.253343
0.108763
-0.792678
-0.847385
0.543501
1.29698
0.345346
1.12642
1.78771
0.19464
-0.446945
0.418645
-0.51317
-1.81972
1.69743
0.962887
2.01817
-1.31874
-2.03447
-0.338726
0.58684
0.492072
1.77448
1.23928
1.33595
0.160888
0.893108
-0.638623
-2.20953
1.08534
0.084813
1.3009
0.634811
0.820385
-0.756998
1.43646
-0.185084
-0.146996
-1.27403
-0.824189
-0.0210917
-0.57668
-0.110927
1.52567
-0.864812
-0.45893
1.23981
-1.85929
-0.917742
-1.23954
0.0991737
1.13338
0.655274
0.0668589
0.689949
-0.0773531
1.35175
-0.497286
0.358988
0.571478
0.072352
-1.25623
-0.0471197
0.0978857
-0.673971
1.38045
0.219507
-0.424077
-0.136423
1.22901
0.431965
1.17929
-0.59633
-1.41432
0.75664
0.105049
1.80676
-1.27654
-1.0712
0.253094
1.1317
0.1125
0.856325
1.22714
-0.584893
-0.695491
0.227679
0.0186391
-0.0135814
-1.72142
-1.16146
-2.09226
-0.952393
-1.50383
0.0941524
-1.88895
0.10425
0.676165
0.488948
-1.4807
-0.345288
0.252104
0.311932
0.443326
0.894302
-0.914365
-0.243134
-2.04047
-0.861338
-0.204615
-0.855073
0.0671276
-0.690607
-0.512132
-0.5786
0.482902
1.58004
1.52665
-2.12232
0.796209
-1.40279
1.0933
0.235272
0.314806
0.340518
0.0127202
0.570489
1.30072
1.06688
0.21346
-0.385346
2.09754
0.0154305
-0.546157
0.107835
0.344585
0.684694
-1.81215
-0.973399
-0.475313
-0.251793
0.470748
1.17805
-0.465991
1.39238
-1.72
2.39418
1.33006
-0.15982
1.14594
0.192055
-0.262294
-0.732697
0.450203
-2.72046
1.82744
0.864614
-0.825315
-0.191885
-0.0404766
0.113131
-0.0514865
-1.20292
0.615325
-0.310696
1.32219
-0.43945
-1.22154
-1.38196
0.240051
0.857432
0.748643
0.340743
-0.639713
0.215767
-1.1164
-0.314819
-0.485682
0.94196
1.54343
-0.119575
1.50856
0.686203
1.5592
0.70673
0.146487
0.767745
-2.16937
-0.352598
-0.554542
-1.21405
2.02032
0.971046
-2.48898
0.778127
0.372827
1.22162
0.577519
-0.0433869
-0.211828
1.52775
-0.467448
-2.05094
-0.187766
0.719852
0.546309
-0.431749
1.35606
-0.512853
0.337747
-0.18646
1.65628
-0.237417
0.758119
1.46162
1.23116
-1.46587
1.0625
1.24738
0.626186
-1.01954
1.07479
0.801081
1.05354
-0.779586
0.161917
0.10439
-1.03888
0.919511
0.695279
-0.0356147
1.76758
0.734762
-0.647063
0.680636
0.462076
0.377254
0.31286
-1.24294
-3.02019
-1.61225
0.148782
0.415029
-0.239119
0.207416
-1.00598
-0.554817
1.42701
-0.41225
1.59614
-0.312203
0.789286
1.01995
-1.76405
0.245784
0.667836
0.33136
0.897947
-1.17597
1.6611
1.31002
-1.0405
-1.47859
1.52193
0.728879
-1.53855
-0.180603
1.80616
1.26915
-0.46519
-0.387035
0.0944656
1.08089
0.713651
1.39591
-1.48284
-0.161726
-0.117374
-0.149569
-1.26682
0.502731
-0.547149
0.790842
-1.31197
2.24119
-0.154417
-0.788222
2.09096
-1.01196
0.0179932
-0.534624
0.114473
-0.409726
-0.0340395
1.11106
1.52151
-1.69433
-0.184883
0.481706
0.319565
0.665019
-1.66519
-1.11063
-1.34636
-1.38703
2.00334
-2.23416
-0.427769
1.30954
-1.0568
-1.20553
0.297685
0.553441
0.646243
-0.953982
0.161642
-0.309993
-1.07056
0.269077
0.165735
-1.19485
-0.476357
-1.00889
-1.61473
1.56271
-0.495926
1.72154
1.39227
0.580931
-0.695845
0.882298
-1.21684
1.16399
-1.53921
0.389784
2.51509
-0.656859
-1.08244
0.928073
0.659793
-0.229943
0.610541
2.57795
-0.603182
-0.205955
-1.12887
0.645952
2.02134
-1.32647
1.02351
0.325586
1.08344
0.884829
-0.99132
1.4027
-0.013475
-1.04392
0.301624
0.992136
0.139475
1.19957
-1.54546
1.50731
2.28319
-0.224224
0.5128
-0.0835298
1.36307
1.61498
0.798217
0.751474
0.160506
-1.62915
-0.790045
-0.73131
-2.02917
-0.344544
0.335155
0.286986
-0.233155
0.146673
-1.26613
-0.451272
-0.561416
1.52282
-0.172508
0.726978
0.859706
0.4593
0.604597
0.66214
1.50547
1.27161
2.03006
-0.362598
0.464891
-2.04783
0.088294
-1.05075
0.131268
-1.44503
-1.89173
-2.27087
0.722723
-1.1966
0.736414
-1.89118
3.02136
0.488002
0.3799
-0.940765
0.229838
-1.05296
-0.0454785
-1.13161
0.623318
0.18873
0.112828
-1.10351
-2.24837
0.665688
0.144809
0.778322
-0.859195
0.305071
0.448262
-0.930279
2.04934
-1.13993
-1.45961
-1.75039
-1.18214
0.52437
-1.40858
0.419038
-0.566748
-0.128587
1.65977
0.435093
-1.35214
-1.07089
0.951287
-0.306857
0.402747
-1.72078
-1.55545
-0.535464
-0.0403646
-1.3318
-0.280329
-0.143365
1.27041
-1.3381
0.586544
-1.80813
-0.60408
-0.649134
0.175383
0.0851004
1.56442
-0.843569
-0.378322
0.0598539
0.872373
1.97595
0.636711
-0.955046
-0.0557587
-0.429859
-0.237717
0.895389
1.69207
-0.512262
1.49789
-2.85471
-0.364606
0.0472631
-0.356895
-0.147887
-1.42887
1.753
-0.935453
-0.858057
-0.587235
0.675446
0.597988
0.0849643
-1.41576
0.13372
0.580124
0.442016
1.69697
-0.96553
0.543623
-0.00676177
-0.22041
1.36781
0.182356
0.71873
0.247407
-0.187735
0.407862
1.15578
-1.56424
-1.34424
1.43138
-0.843814
1.13316
0.910606
-0.259968
-1.6786
0.309844
1.36792
-0.194079
0.872108
-0.860107
-1.20318
-0.501295
2.21454
0.922149
0.490609
-1.04284
1.3232
1.77355
0.772829
-0.204825
-1.58145
0.495943
-0.767017
0.662252
1.44955
-1.70014
-0.416576
0.697084
-0.0812614
-0.968537
-0.264347
0.34123
-0.57153
-0.80704
-0.828351
0.00730998
0.948246
0.223629
0.47961
-0.338186
0.308165
-0.417169
1.74483
-1.19166
1.09647
-1.00136
0.317848
-2.05631
-0.0672536
2.02735
-0.639574
1.92682
1.25499
-0.452322
-0.103547
-0.022809
-0.72644
-1.5076
0.203216
0.0516675
-0.548772
-0.062698
-0.466579
0.622702
-0.213765
-1.21656
-1.06929
-0.599165
0.461183
0.476573
-0.0432363
1.33289
-0.989152
0.115852
-1.16824
-1.0756
-0.841133
-2.26625
0.843643
0.186961
1.54991
-0.814098
-0.276381
-0.419884
1.59564
1.68453
-2.44968
1.63342
0.0731703
-1.88536
-0.043581
-0.314083
0.279994
-0.729076
-0.63662
-0.714192
-0.675232
-0.088568
-1.53257
0.449933
-0.635472
-1.08092
-0.991826
-0.0628712
0.624186
-0.927388
0.539671
-0.762272
-2.51806
0.874205
0.0978408
-0.807327
0.214635
-0.230029
0.168365
-0.269923
-1.82982
-0.317992
-1.42685
-2.13496
0.185085
0.31012
-0.437476
1.64538
-0.631048
0.61112
0.250839
-0.187395
1.41781
2.1906
-0.144712
-0.16265
2.18615
1.01053
-0.768404
-1.15274
-0.284036
0.161786
-1.27414
0.266352
-1.64407
0.285558
0.411102
0.931738
-0.00494922
-1.79639
0.0345097
0.304891
-1.91349
-1.18819
-0.863567
0.0867676
0.393329
1.86266
0.166311
0.177567
0.89704
1.32218
-0.610134
-1.26626
-1.49561
0.404802
-0.536254
-1.54068
-0.87121
-0.209634
-0.851946
-0.859871
-0.478241
1.15655
-0.910722
-1.55586
-0.684517
-0.888518
0.72041
-0.0969793
-0.212294
0.428028
-0.358919
-0.0248526
-2.25749
-0.223315
0.0828438
0.826816
-0.222786
-0.405583
-1.14668
1.06651
-1.42212
-0.817021
-1.74346
-0.287004
-0.372709
0.0829966
0.454323
-1.4055
0.398589
0.437025
0.459013
-1.78396
0.0453968
0.30842
0.700301
1.83807
0.254343
-0.225694
-0.250019
-1.74643
1.66685
-0.925058
0.394335
-0.259572
0.146899
-1.54829
0.302675
-0.646584
0.186855
0.22368
0.425413
-0.0839403
-0.349682
-0.21176
-0.622094
0.0203272
-0.230984
0.266582
-0.555956
0.186259
0.902296
0.813064
0.261887
1.32554
-1.46918
0.304362
-0.334661
-1.11634
0.678812
0.270923
-1.59916
0.0881636
0.499294
-0.893755
-0.0122284
-0.409922
-2.09807
0.368302
0.194046
2.20716
-0.241498
0.260394
-0.429588
-0.463805
-0.302768
0.449649
0.11969
-1.2998
-0.628211
0.976653
0.0338327
0.29886
-0.148495
0.657053
0.581429
-0.533045
-0.31467
0.564261
-1.32141
-0.635136
1.38741
-0.343421
-0.295375
0.11603
0.192159
-0.0104635
1.01593
2.91066
0.821774
1.19118
-1.06561
0.31078
1.05937
-0.00153445
0.843804
1.00826
-0.851937
1.51748
-1.44819
0.205758
0.604803
-1.08731
0.154073
1.56521
0.115609
0.409794
0.436793
-0.280342
-0.124323
-0.547396
0.169865
0.753123
-0.450829
-0.740775
-0.965949
-1.74825
-1.49277
0.370875
1.03371
-1.02748
-0.829192
-0.451224
-1.6557
-1.26442
1.02084
-0.828544
-0.874182
-0.342647
0.701754
0.879546
-0.370169
-0.667303
-0.191226
-0.674954
1.48469
0.617815
0.395635
-1.62394
0.124381
0.802906
0.110113
0.357536
0.930298
0.43492
-0.05738
-0.707746
0.414958
-0.765469
0.614766
-1.65907
-2.10014
-2.59577
-0.473242
-0.176224
0.889567
-0.170046
0.339562
1.25247
0.544554
0.608172
0.94808
-0.653734
-2.04439
0.218645
0.154894
0.574927
-1.15534
1.3445
-1.47945
-0.520024
-0.133871
0.520505
1.44554
1.34075
0.153461
0.829859
-1.3608
1.02837
0.148392
-0.0839879
1.7204
0.0612321
0.0467835
0.266552
0.470974
-0.254983
-0.0898927
-0.906544
1.41068
-1.47888
-1.02979
0.889765
0.0320317
-0.558006
-0.646449
-2.29332
1.83555
-1.72637
-0.182395
-0.891569
1.2188
-0.172979
0.667315
-0.388607
-0.0221353
-0.303688
0.575926
-0.00274772
-2.22392
1.72926
-0.354954
1.18435
-0.769537
-0.228944
-0.04691
-0.827175
-1.35164
0.198021
0.805759
-0.365282
-1.0485
-0.0457684
-0.124238
-0.501415
0.119694
-0.426015
-0.269257
-1.7545
0.0131355
-1.97979
-0.108696
-0.0523541
-0.783886
0.680262
-0.703532
-0.289993
1.70593
-1.37209
-0.167492
0.191237
0.377253
0.356918
-0.863456
1.08859
1.09791
1.08611
0.788487
-0.0282761
1.6005
0.701908
-0.0651729
0.672302
-2.06312
0.548913
1.2211
-0.615086
-0.545471
-1.16279
-0.473797
1.13862
-2.22582
-0.743038
0.127999
-0.564213
-0.125299
1.24409
0.316862
-1.29354
-0.833371
0.955558
-1.78972
-0.992188
1.49461
-0.0236207
0.316206
0.0021614
-1.30532
-0.300959
0.508498
-1.14746
-0.845697
2.25172
1.24742
-0.195566
0.0708812
0.44729
-2.04814
1.63186
-0.513132
0.51859
-1.33351
-1.82089
-1.94457
-0.343312
-0.562114
0.76598
0.757395
0.669413
-1.58449
-0.943158
-0.693884
-0.659057
1.02575
1.78916
-0.577298
-1.17527
0.342474
-0.32554
1.48881
-1.88458
-0.405964
1.07033
-0.749246
0.420407
-1.17412
-1.39616
0.215556
1.87591
1.69151
1.9882
1.20926
0.295157
-0.982947
0.206822
0.654298
-0.395651
-0.366301
-1.09283
-0.824671
-0.985187
2.32509
-0.493746
1.39793
0.559552
1.8142
0.820603
1.47617
0.35763
-0.484984
1.04123
0.984487
0.417379
1.53024
-0.982887
-0.0838793
0.63496
-0.730767
-0.764893
0.0729164
0.614803
0.212568
0.248562
-1.0238
-0.463
0.478277
0.650913
-1.44371
-0.201271
-0.836777
0.872775
-1.0242
-0.0523916
-1.77073
-0.740719
0.169693
1.41984
-1.20876
-0.711554
-0.00864612
-0.733953
-1.06423
0.634234
0.0411837
-1.44862
-0.758436
1.30343
1.25128
-1.42753
1.97057
-1.23798
0.73614
1.00071
0.780845
-1.80432
0.223104
-2.68363
-0.630275
1.04287
1.68964
-0.143298
0.654551
-1.53032
0.158944
0.700579
-0.653799
0.604399
0.187861
-0.80559
1.74361
2.12635
0.976334
-1.15518
-0.479275
0.867871
-0.34392
0.278393
0.446912
-1.65079
2.04392
-0.348456
-0.201449
2.45576
-0.166402
-0.27195
-1.54373
-0.452168
1.14713
0.088004
-0.948863
0.11668
1.01198
-1.31794
0.0122028
0.357953
0.621318
-0.671479
-2.44641
1.18102
1.37853
-1.93575
-0.28052
1.67343
-0.837743
0.578084
0.923675
2.12805
0.0482672
0.314726
0.527805
-1.08134
1.11342
-0.167346
0.886303
0.07143
0.554504
0.446973
-0.295267
2.04438
-0.177136
1.28501
-0.977554
-0.367145
-0.327335
-1.53812
-0.227756
-0.200135
0.915573
-2.45879
-0.63399
-0.208454
0.548681
0.735275
-1.60305
0.837446
-0.750867
-0.126145
0.507547
-1.88742
0.644321
-1.38074
1.23029
1.12585
1.6286
0.0712463
0.168233
0.109109
-0.756856
-0.583745
-0.451096
-0.85293
0.228784
-0.384903
0.123537
2.30157
0.450701
-0.0888096
-1.0184
0.353549
0.408422
-0.117825
-0.321159
-0.915158
-0.533317
0.509542
-0.616416
0.832448
0.0376352
0.335543
-0.298581
-0.814956
-2.18907
-0.579696
-0.550154
-0.416987
-0.328138
-0.0494955
-1.03888
-0.150403
0.351176
-0.87063
-0.301355
0.773073
-0.402875
-1.43255
-0.48497
-0.530764
0.605786
-0.832743
-0.451154
1.78535
-0.43721
-0.426971
-0.544747
-0.773423
0.571127
-1.44113
-0.53855
1.0977
1.99648
-1.05382
0.513847
-0.318689
-0.30637
0.843841
-1.19356
0.922057
0.290433
1.14773
-1.73155
-0.860894
-1.37358
1.09213
1.76482
-0.0596377
-1.24135
0.0916387
0.208797
1.51517
0.916966
0.259577
0.619467
0.834285
1.71046
-0.202084
-0.779267
-0.388087
1.05657
-1.66171
0.182796
1.38803
-0.915609
1.60721
-1.31304
0.467979
0.167459
0.795467
1.08768
0.819091
-1.87256
-0.376645
-0.69888
-0.108779
0.858643
0.715039
0.521465
-0.645462
-0.259251
0.19817
0.242369
1.40781
-2.37162
0.539923
0.29011
0.114213
0.013011
-0.332769
0.410743
-0.73399
0.583737
0.390633
0.693335
-1.04021
2.15508
-0.310487
-1.05403
-0.270015
-1.0816
0.572332
-0.945384
0.374686
-1.58685
0.0179327
-0.142724
0.546055
0.551841
-2.00469
2.13859
-1.22738
0.875671
0.765702
0.220663
0.676442
-0.830873
-0.561113
-0.357673
0.865601
-0.33052
-1.42516
0.757208
-0.552088
-0.51255
1.61896
0.41729
0.829856
-0.920177
1.17935
-1.18083
-0.429133
0.964177
-1.0084
1.02705
0.68163
-0.0799832
-1.3499
-2.10557
-0.95261
-0.0395819
-1.01325
-0.911447
2.08884
0.336584
1.3241
-0.350703
-1.084
0.731385
-0.155211
-0.120341
-0.200511
1.01125
-0.739535
0.970379
-1.30297
2.34603
-0.991869
-1.03942
-0.998172
-0.973287
-0.570747
-1.59597
-0.759981
1.95199
0.800305
-0.885424
0.0161912
-0.598908
-1.42842
0.982482
-0.828585
-1.51469
-0.401706
0.522873
0.387845
-1.98476
-0.192571
0.4928
-0.50928
0.170989
-0.46978
-0.0934273
-0.612061
-0.141646
0.174104
-0.711058
0.817475
-0.480131
-1.26452
-0.535498
0.0492884
0.796751
-0.764258
-0.618975
0.443319
-0.794755
-1.36488
-0.43627
0.397911
0.525842
0.998946
0.25746
-1.78615
-0.135616
0.249606
-0.05212
-1.38408
-1.52959
-0.739782
-0.298643
-0.498137
-0.0155802
1.98052
-1.49721
1.17132
-0.813492
-0.963953
-0.00505403
-1.40816
-0.350686
1.27801
0.430842
0.977313
0.984132
1.43808
-1.69825
1.15069
-1.22899
1.6602
-2.65167
0.137142
-0.0519087
-0.452673
0.150661
-0.352658
1.95178
-0.766991
0.362432
-1.04044
-0.887597
-1.89253
1.26406
2.53851
-1.22581
0.0670842
-0.0989227
1.46801
-0.918762
0.779536
-0.00692435
-1.0898
-0.467665
0.726308
-0.828992
-0.158091
-0.684983
-0.435441
-0.518644
-0.597276
1.06034
0.447731
0.266021
-0.284086
-0.188915
0.490635
0.224342
0.956758
-1.01211
2.32648
1.66164
-0.196156
-0.48949
-0.362656
0.184474
-0.0474889
-0.547589
-1.16616
-1.65344
-1.37026
1.1793
-0.706537
0.342621
-0.333283
1.38293
-2.0386
0.274763
0.804169
0.305318
-0.87006
-0.95296
0.49127
-0.0624209
-0.934403
-1.25567
-1.05514
0.99396
-0.276253
1.13476
-1.79942
-2.36579
0.9554
-0.52016
0.206758
0.0954242
-1.26597
0.601762
0.788456
1.14977
-2.18452
-0.0474339
1.67365
-0.252177
-0.293685
-1.84947
0.758019
0.745706
-1.17501
-0.661537
-0.96722
-0.472707
-0.239235
-0.721431
-1.3785
-0.360918
-1.89136
-0.561109
0.373697
0.086425
-1.34361
1.03701
0.599062
0.250415
-1.68762
0.509714
-0.359154
0.462335
0.641848
-2.43109
-0.232617
1.15044
-1.24287
-1.04575
-1.32253
-0.933065
-0.266429
-0.831448
2.04908
-0.249903
1.59284
-0.554794
0.862329
-0.871325
-2.22606
-1.65677
-0.0808517
1.12977
0.649935
0.294922
0.303972
0.203807
-0.25479
1.40357
-0.674834
-2.26316
-0.742235
-0.74695
0.548261
-0.225874
0.575925
0.280322
-0.413016
-0.757371
0.463277
-0.00164571
-0.702491
0.137311
-0.241515
0.436572
1.89644
0.349819
1.2088
-0.0276749
-2.24146
-0.100015
0.224131
0.599525
-1.03681
1.00873
-0.791131
-0.105098
-1.02667
0.530957
-0.582894
1.20994
-0.876949
0.106765
-0.665065
-0.0804437
-1.24717
-0.994143
-0.499541
-0.943282
0.651379
-1.91786
-0.160599
-0.160188
1.6266
1.30258
-0.143476
-1.48139
1.31433
-0.465741
0.0307029
-0.39984
1.36072
-1.31845
0.745763
1.04731
-0.101114
-0.563989
1.2341
1.31151
0.478448
1.91531
0.0955948
-2.20376
-0.632213
-0.497692
-1.16929
0.163846
0.486716
-0.030871
0.888065
1.05335
-0.343212
0.481387
0.155851
0.438332
-0.581059
1.42758
-0.444463
-1.01804
-0.726892
-0.0676484
-1.30089
1.2872
1.71858
0.140999
0.683633
-0.37412
0.584995
0.270747
0.234993
-1.33772
0.307952
1.16018
-0.0643952
2.23421
0.975271
-0.444185
0.584053
0.946687
0.46047
-1.45646
-0.44102
1.02805
-0.943436
-1.13067
0.263552
0.964846
-0.315142
-0.0515028
-1.2359
0.309712
0.115712
-0.189094
-0.241468
-1.39799
-0.497109
2.6047
-0.706816
-0.540809
0.00475513
-0.282064
1.37129
-0.04703
-0.459045
-1.60884
-0.0559395
-1.64176
-0.26633
-1.18713
-1.40438
-1.51173
1.57346
-1.05237
1.03584
0.364722
-1.28976
0.0594954
-0.306029
1.04191
-0.151966
-0.582812
0.477767
-1.20201
-0.508772
-1.69714
0.471154
0.054859
0.87639
0.308722
-0.897854
1.52022
0.466755
0.1911
0.284978
-0.977563
-1.43496
-0.292174
0.67932
1.51226
0.000255828
1.32664
0.805034
-0.656502
-0.610016
0.288964
0.826638
-2.23666
0.562751
1.33999
-0.473351
-1.0139
-0.794632
0.911262
-0.167345
0.204609
-0.261221
-0.556282
0.192061
1.54744
-0.746876
-1.41397
0.350421
0.458635
0.764087
1.51344
-1.47135
-0.644842
-1.86171
0.223797
-1.62444
0.384236
-0.00895258
-0.00727334
0.56033
-0.535479
0.500007
-0.954788
0.22849
-0.570626
0.389819
1.44667
-0.926748
0.371557
1.47412
0.702587
1.33065
-0.786959
0.502422
-0.286454
0.141126
-0.818118
-1.69083
-0.914227
-0.284921
-0.461237
-0.343988
-1.08251
2.15984
-1.56505
1.20303
-1.21736
-0.432989
-0.701903
1.67652
-0.680425
-0.241619
0.206691
-0.773536
-0.442808
-0.374849
-0.539063
-0.344933
-0.0776668
0.551611
-0.967879
-0.983015
-1.09591
1.75703
0.607478
-0.887322
1.54232
0.221942
0.735386
-1.14969
0.377572
0.230584
0.195694
0.455195
0.822973
-0.158741
-0.00588216
-0.749938
-0.621531
-0.0651732
0.211955
-1.08717
0.46693
-0.0204543
-0.214272
-0.381547
0.126926
-1.51917
0.073843
0.688815
1.89582
0.155023
1.11052
-1.02007
-0.160715
-0.560786
0.825921
0.224206
0.638709
0.327778
0.196757
-0.538327
-0.5306
-0.354504
-1.50185
-0.603549
-0.68087
-0.815295
0.34597
-0.52023
0.254576
0.51184
-1.35867
-1.42993
-1.34783
-0.369068
0.764447
0.923904
-0.822121
-0.03941
0.492784
-0.831682
0.367819
0.645827
-1.24385
2.15227
0.133042
-0.247778
0.671997
-0.332734
-0.283175
-0.169247
-0.537283
-0.344824
0.575158
-0.241969
-0.449225
-0.708119
-0.182434
-1.43388
-0.390851
-0.926942
-0.0359023
-0.0949791
-0.0762505
1.25931
0.598474
0.40885
-2.10785
0.545586
-0.97996
-0.32361
-0.556818
1.50742
-1.18799
-1.34554
-1.14126
-0.0288556
-1.38917
0.363665
-1.45221
0.566782
-0.238163
0.435155
0.619833
-0.343205
-0.839429
-0.522999
-0.917356
0.0737105
0.913552
1.70094
-0.182803
-0.824882
-1.44531
-2.03772
0.225408
-0.653266
-0.257106
-0.68152
1.22522
-1.69598
-0.326455
-0.362715
-0.821767
-1.10511
0.100976
-0.878961
-0.612076
-1.07676
1.06897
-0.0152083
1.32662
0.353011
0.239145
2.08402
0.505674
-1.27398
0.704116
0.385111
-0.975387
1.6041
1.30228
0.533722
1.08904
-0.75445
-0.685958
1.26515
0.317767
-0.399843
-2.47658
0.186769
-1.45415
0.638002
-0.316132
-0.843132
1.64092
-0.820021
0.676052
0.852048
-1.58923
0.378466
-0.247585
-0.204194
2.08189
2.59315
2.0108
-0.59022
-0.420938
-1.3475
0.233313
-1.3955
-2.10301
0.0900733
1.89313
-0.665641
-0.789923
2.34809
1.13315
-0.889738
0.303389
0.960084
-0.835597
-1.62296
0.420796
0.49799
-0.212712
1.41093
-0.287199
-0.567899
-0.838805
0.47135
-0.956393
-0.350478
-0.369315
0.21784
0.0319911
-0.200167
-0.901515
1.45023
0.295824
-0.41596
0.00344226
0.143574
0.966509
-0.975989
1.00839
-0.691031
0.70807
0.920242
-0.138551
-0.545248
0.840148
-0.28066
-1.81319
-2.16673
1.06107
0.366925
0.680829
0.644664
-0.0720537
-0.69281
0.0872466
-0.865472
0.160822
1.00753
-1.03201
0.719746
-0.516289
0.885471
-0.841696
0.44451
-0.76325
0.202149
1.17563
-0.230315
0.031729
0.571324
1.11937
0.0369433
0.451109
-0.245895
0.962423
0.640879
0.64188
-0.419838
1.27464
-1.24713
0.566752
-1.67269
-2.46748
-0.451691
0.117425
1.43744
-1.51103
1.20803
2.85149
-0.849084
2.34433
0.855061
-0.159677
0.171574
-1.67968
-0.223117
-1.58138
0.644477
1.917
1.87675
0.464338
1.40872
-0.237841
0.316574
0.0879743
0.56098
0.275616
0.208816
0.394208
-1.08255
-1.69221
1.5686
-1.25033
0.577292
-0.728272
-0.025598
-0.130143
-0.702527
-0.720586
-1.02175
0.12173
-0.451999
0.22639
0.383845
0.471423
1.00117
0.156253
-0.841483
-0.467737
-1.22149
-1.31529
0.0446356
0.46617
0.982518
-0.607572
-0.478154
1.45709
-0.275004
0.357778
0.478766
-2.77729
-0.063642
1.04703
-1.84727
-0.367654
-2.37158
-1.71539
1.72421
0.0963669
-0.525517
0.308117
-0.205418
-1.42645
2.39406
-0.990939
-1.27173
0.841365
-0.564235
1.2102
-1.72127
-1.67042
-0.975529
-1.11992
-0.862534
0.468369
-1.29445
0.350645
0.466625
-1.56591
-0.0196656
-0.970528
0.292541
0.415137
0.291205
0.114146
-1.16652
-0.917253
1.17587
0.705842
-0.067479
0.806501
1.11212
0.59011
-0.0782593
0.147278
-0.822833
-1.02483
0.865988
1.7274
1.77972
-1.28014
0.866436
0.285479
1.56844
0.279302
-0.249328
-1.67575
0.0968648
0.710711
0.515669
0.793254
1.62856
0.838075
-2.37851
-0.642303
-1.5707
-1.69175
1.58862
-1.04552
0.213076
-0.0399735
0.356615
-1.02806
-0.221181
0.493389
-0.40751
-1.16671
0.645405
-0.0282083
-0.712655
-0.277418
0.301231
-0.601902
1.1962
-0.150018
-0.261131
2.62108
-1.83797
0.0694981
-1.31241
-0.188299
-0.704096
-0.711177
2.01735
0.600813
-0.678031
-2.30339
1.54455
0.474645
0.262585
-0.177897
-0.377386
0.402323
0.453418
-0.49342
-0.249307
0.0701616
-0.156874
0.513285
-0.247306
-0.200167
-0.120401
0.280598
0.253077
-0.967113
0.413375
-0.735956
1.40923
0.35812
-1.40096
-2.62857
-0.443369
-0.416815
-0.982654
-0.783419
-0.346707
0.982574
1.03665
2.77416
0.586464
-0.594734
1.48977
0.173901
0.221562
-0.552239
0.0111246
-1.70208
-0.676641
0.463048
0.0290806
-0.685472
-0.353884
0.517271
-0.458074
-0.506589
-1.46976
-1.52785
-0.219313
0.369067
-0.292903
1.25216
0.226166
0.176658
0.930673
-0.203906
-0.0197326
-1.08817
-0.105844
0.547534
1.7955
0.462865
-0.240208
-1.31148
-0.464148
1.26443
0.504461
1.27285
-0.738948
0.371197
-0.112347
1.87321
-0.423385
0.438128
1.44331
0.0801763
-1.57823
0.412689
0.586072
-0.00472169
-0.277443
0.760028
-1.36464
0.950633
0.757919
-0.668122
-0.192701
-0.840505
0.494071
1.57163
-1.91424
-0.635892
-0.367914
-0.0614085
0.566815
0.136204
0.956747
2.39798
-1.34724
-0.174862
0.658321
-0.855383
-0.739574
-0.123509
0.0161151
-0.37145
-0.26389
0.571656
-0.350628
0.102373
-1.58152
1.24109
0.992085
-1.00669
0.800516
-0.0817353
0.390799
0.461377
-0.445156
0.646826
-0.28283
0.797677
-1.37855
-0.327085
-1.17638
2.14212
0.938077
1.5271
-0.615899
0.110941
-0.0448927
-0.0472636
0.415716
-1.28984
1.31937
0.1107
1.57581
1.52002
0.474753
1.05052
-1.62916
-0.83828
0.0144467
1.25019
-0.810118
0.628014
0.142061
-0.753301
-0.105036
0.197913
1.17569
-1.10127
-1.18864
0.101153
1.30465
0.280081
0.0305465
0.989986
0.314734
1.02428
-0.0988543
2.07159
-1.15562
0.110538
0.11559
-0.479767
-1.19741
0.732366
0.334276
0.796662
-0.129392
-0.882172
0.344478
-1.27979
1.46691
1.25742
1.80328
-0.771223
0.702507
-1.54548
-0.663689
0.873212
-1.35698
-2.20461
2.14219
-0.134597
-0.263377
-0.939445
-0.214126
-0.359872
0.368286
-0.333042
-0.842016
-2.14479
-0.638418
1.84562
-0.127688
-1.33804
1.38923
1.05007
0.225314
-0.608491
-2.24671
0.688756
-0.765068
-0.367439
-3.23445
0.774134
-0.0126734
-1.93998
1.26846
-0.172739
-1.95469
0.34274
1.82407
0.0423977
-1.63715
0.611023
-0.417382
-0.460379
0.306569
1.88715
-1.37924
-1.03466
1.04105
1.5482
0.284352
0.573637
1.47369
-0.665839
-2.10892
-1.02426
0.0727692
-1.29014
-0.1559
-0.239687
-1.17593
-0.291686
-0.0298196
-1.43644
0.618508
1.02994
-0.000793746
-0.334001
0.210269
-1.31554
-0.828776
-0.354648
-1.58474
1.17807
0.699259
0.497769
0.0556662
-0.140077
2.38831
1.4831
-0.10245
-0.237163
1.32811
1.18183
1.52839
-1.0577
0.626047
0.788419
-1.35981
0.316158
1.56293
-0.313929
1.47755
1.25996
-1.79252
0.465046
-0.365346
-0.983666
2.43244
-0.164523
-1.05966
0.548668
-1.03922
-1.23441
2.82105
0.14251
-1.21155
2.53981
-0.886599
-0.969664
-0.176633
-0.787998
1.26853
0.640838
1.61834
-1.34188
1.04453
2.25937
1.19092
-0.285595
-1.32408
-0.0302185
0.784341
-2.19274
1.37701
-0.0722361
-0.0282926
0.336085
0.195223
0.42068
-0.382661
-1.06064
-1.53088
1.69241
1.87177
-1.2381
1.73067
-2.05045
-0.875673
-0.230775
1.10487
-0.871601
0.430682
-0.514896
-1.50345
0.271766
-1.0131
0.269055
0.49796
-0.997234
0.182072
1.03673
0.108049
-0.626608
-1.08831
-0.909791
-0.158304
0.917617
1.33075
0.838481
-0.35849
-2.61038
2.00186
-0.394411
-1.11742
-0.907844
-1.29764
0.084952
-0.42504
-0.0643287
-1.14272
0.0949164
-0.120617
0.403016
1.23929
-0.561465
0.324469
-0.886701
-2.21024
1.01965
0.258535
1.52517
-2.08095
-1.68517
0.66674
2.07798
0.567289
0.512677
0.238866
1.30725
0.636939
-0.529319
0.664735
-0.46398
1.13183
-0.504311
1.58768
1.37099
-0.0138979
0.850461
0.501997
0.663781
-1.11886
1.96939
1.21549
-0.59107
0.442175
0.0403763
1.94968
1.08892
-0.586623
-1.35601
-1.01368
0.998521
0.705414
1.17936
1.19409
0.226591
0.145081
0.495608
0.86949
2.41748
-0.727228
-0.814695
-0.2966
0.0871947
3.0761
-0.0491497
0.907731
0.623013
0.27544
-2.60963
-0.757571
0.124699
0.814644
-0.712729
-2.24115
-0.262772
-0.0898686
0.517478
-0.51675
-0.486274
-0.494505
-0.461135
-0.280497
0.357265
0.651772
1.14533
0.107077
2.65656
-0.479922
0.0610245
1.26549
2.03209
0.345127
0.281608
0.989687
-0.403234
-0.257859
0.349969
-0.354846
0.52395
0.570928
-0.273624
0.942936
0.670924
-0.541382
0.344648
0.251908
-0.986274
-1.53632
-1.90236
-1.24195
0.588835
-0.169537
0.171821
0.510597
0.441575
-0.659469
0.217493
-1.32807
0.949835
0.778698
0.110578
-0.617625
1.14374
1.16225
0.103145
0.534776
-0.476342
1.12672
-1.66409
0.492169
0.753342
0.394359
-1.7275
-1.4102
-0.744824
-1.92987
-0.677369
-0.669832
0.86227
0.422993
2.54812
-1.71913
0.346492
-1.39922
0.595063
1.93747
0.18508
1.31698
0.0778108
0.43776
-1.31983
-0.0485728
-0.346638
0.879877
-0.544136
0.41845
-1.02624
-0.340699
-1.70953
0.745122
0.192012
-1.51998
0.988475
-1.54282
-0.521415
0.252405
1.00219
-1.12011
1.09717
-0.418499
-2.00467
0.514248
0.168016
0.59233
0.301612
0.140149
-0.693249
-0.015321
0.204272
1.04726
-0.575904
-0.220272
0.596299
0.790953
-0.375047
0.303689
-0.988823
1.51335
-0.633207
-1.40831
1.44948
-0.728843
0.616144
0.307118
-0.354029
-0.456965
-1.8439
-1.23301
1.89359
-1.48543
-0.198342
-0.908396
-0.876188
0.769369
-0.262498
0.323225
-0.974424
0.111753
-0.0442879
-0.56311
0.52708
-0.390349
0.490915
0.505273
-2.04882
1.46677
-0.977107
-1.56417
-1.21482
-0.440187
-0.0722361
0.948557
-1.59611
-1.01119
-1.60035
-1.67449
-2.14113
-1.5624
-0.419329
0.896142
-0.676486
-0.181034
-0.703414
-0.380193
1.25375
-0.726527
-0.897243
1.92206
-1.27122
1.3182
1.44615
-1.4196
-0.48917
-0.764812
-1.85223
-1.20207
0.496162
1.23162
-0.0779428
1.08574
-0.456521
0.774114
-0.662858
-1.27828
-0.371691
0.284084
0.916241
0.808954
-1.64889
1.84824
-0.242809
1.0102
-1.38282
0.65168
1.06746
-1.92655
-0.35407
0.133177
-0.628356
-0.403703
-0.639438
-0.935418
0.389073
0.627476
0.201441
-0.323725
0.966445
1.05309
-0.582417
-0.300097
-1.49282
1.21526
1.45103
-0.265828
-1.9808
-1.16088
-1.21089
-0.0157863
-1.28233
0.259821
1.29544
-0.406899
-1.11641
-0.0468464
-0.420301
-0.354195
0.373257
1.1602
-2.03427
0.266652
-0.172889
0.883959
-0.816034
0.622988
-0.925521
-2.16927
-0.721458
0.602445
0.664749
-0.0124443
-0.523363
0.0896833
0.232793
1.95771
-1.05966
-0.966806
-1.88074
-1.24101
-1.02186
1.52122
-1.57184
-1.30642
-0.959695
1.27083
0.577239
0.400927
-0.541772
-1.79139
-0.253462
0.81294
-0.189696
-1.08298
2.30624
-1.30182
-0.291603
-0.0311383
0.794945
-1.65796
-1.98949
-1.49268
1.23219
1.11945
-0.103846
-0.511047
-2.2992
-0.0849189
1.52487
0.238733
-0.234708
-0.184127
-0.815179
0.242723
0.145537
0.397583
1.97414
1.26481
-0.254191
-0.823651
-0.651377
-0.558662
-0.835497
0.623393
0.0279038
-1.95965
-1.00878
1.84952
-1.50878
-0.606851
1.6317
0.209268
-1.07448
-0.192492
0.719972
1.81746
-0.944954
0.789938
-0.390612
0.647617
-1.01067
1.05777
0.164794
-0.769156
0.755522
1.27511
-0.150444
0.256361
-1.34114
0.575399
-0.216852
-0.308547
0.646293
0.441516
-0.839792
0.938424
1.32176
0.443195
1.22623
-1.4494
0.555496
-0.369554
-2.78109
-1.19914
-0.145824
0.0882847
1.61719
-0.0713603
-1.0907
0.223359
-0.463412
0.523192
0.333591
-0.508344
-0.719001
0.29118
0.275602
1.50036
-1.10902
0.259584
1.1725
-1.22399
0.722916
0.368457
-0.310873
-0.350783
0.661932
-0.343453
0.575243
0.953225
0.999642
0.323371
-1.66948
-0.544014
0.0702317
-0.921214
-1.05366
-0.770188
0.738949
-0.0874482
0.683262
-0.15229
0.293137
1.92895
0.32659
-0.474197
1.327
1.80855
-0.829539
-1.00843
-1.25991
0.0994812
-1.45364
-2.22621
-0.757738
0.172146
-1.64337
-2.05317
0.746553
0.221364
1.80786
0.179092
-0.671118
-0.221791
-0.544682
0.393479
2.06804
-0.0146366
1.82896
2.17898
0.931467
-1.46626
-0.744072
0.102385
0.707279
1.12373
1.13995
0.511451
-0.20987
0.778948
0.0788265
1.0218
1.79945
-0.37793
-1.07897
0.716103
0.0850746
1.74515
1.16771
0.77335
-0.597349
0.0126037
-0.424356
0.329491
0.406242
-0.722922
0.411164
0.129281
-0.529987
-0.284344
1.67011
0.985189
1.25777
0.809104
1.18214
-0.829273
0.175041
-0.0570394
-1.03387
-1.35099
-1.28778
0.583021
-0.244033
2.60972
1.11083
1.29535
-0.2964
-2.00569
0.234391
-1.415
1.79663
0.360601
-1.45723
0.608353
-0.876482
-0.124296
1.15113
0.648584
1.18689
-0.972905
-0.931484
-1.48372
2.09334
-0.495539
0.0421146
-2.52701
-0.629919
0.714506
-0.512529
0.683829
-0.181835
0.0190331
1.85105
-1.53999
-0.651604
0.918136
-0.695924
0.206839
0.215405
-0.350304
0.771827
-1.6191
-0.943452
-0.737241
0.284908
-0.107598
-0.566679
-0.00232307
1.50879
0.304634
0.466325
-0.881078
-1.58176
0.162198
-0.812498
-0.717748
-1.06634
-0.861072
-0.146955
1.43991
2.22162
0.174899
0.705621
2.15669
-0.933562
0.0925625
1.88424
1.39477
-0.148406
-2.5434
-0.282935
-0.665152
-0.0330394
0.849176
0.545079
-0.763802
0.597954
1.1701
0.920332
-1.21347
-0.358176
0.902335
-1.24667
0.901857
0.878441
0.0921499
-1.34018
0.900609
-0.0419314
-0.42126
-1.25726
1.94493
0.658014
-0.222068
-0.592984
0.61882
-0.104875
-0.139302
-1.47709
0.114242
-0.64735
0.277476
-1.72742
-0.0487259
1.03225
-0.104741
1.17278
-0.494383
-1.19102
-0.814113
-1.95354
-0.134409
-0.856356
1.73138
-0.770015
1.59872
1.15623
0.861277
-1.49286
0.544926
0.411319
0.514763
0.389084
1.95843
-0.803083
-0.815345
-1.88836
-1.58306
0.0633228
0.321907
0.0990254
-0.895564
0.367182
-1.28544
-1.66825
-0.211991
1.11171
-1.44404
0.522924
0.503002
0.0909559
-1.22496
-1.93417
0.0670262
-0.0829421
-1.97321
-1.78395
0.477761
-0.872841
-0.068657
0.174216
-0.00678108
-1.01865
-0.383224
-1.14312
-0.51403
0.872824
-1.4662
1.18492
0.278811
-0.31967
-1.61661
-0.816302
1.31236
0.518688
-0.675782
-0.980617
1.2987
1.44756
0.336066
0.369327
0.353287
-2.12057
-0.79873
0.749874
0.570374
0.224049
0.1191
-0.427948
0.502153
-0.314839
-1.80461
1.14979
1.28705
-0.0941005
-0.078447
1.69436
-0.78739
1.19329
-1.3933
1.20366
-2.19497
-0.103398
-0.908806
-2.07683
1.15095
-0.945122
-0.0889987
-1.83076
1.73802
0.226827
-0.0082596
2.17453
0.288168
-0.553166
-0.18699
0.202051
-1.7973
0.270242
1.01604
0.746445
-1.85607
0.117313
-2.2549
-0.671684
0.588744
0.665107
-0.456122
-0.494928
-1.96444
0.727539
1.48238
2.45816
0.35412
1.32703
-0.13466
0.174548
0.506498
0.466369
0.675467
-0.842856
2.36141
1.28289
-0.358202
0.567473
-0.478445
-0.0776355
1.43833
-0.151635
-0.527063
-0.179456
0.627228
0.893711
-0.478875
-1.18284
-0.526922
0.759101
-1.33357
0.0262713
-0.969361
0.21664
-0.172013
0.233913
0.209814
-0.839761
-0.348337
-0.67367
0.178836
-0.242311
0.870325
0.707869
0.0931657
0.223797
0.561173
-0.425378
-0.112663
0.0844824
0.964038
-1.44303
-1.1812
0.948948
1.7254
0.17878
-1.12967
1.31515
0.160563
1.69917
-0.0145886
0.733729
0.310513
-1.30355
0.827774
0.844014
-0.717641
-0.571104
1.15319
1.09586
0.236432
1.075
0.249334
-1.78799
-0.25429
-2.05029
-0.132451
-1.26616
0.318567
0.271691
-0.0391229
2.67074
-0.423883
-0.253668
0.746678
-0.374181
-0.775244
-0.314826
1.36376
-0.39103
-0.42329
1.42964
-0.354335
1.60521
-0.342135
-0.895453
-0.649812
0.968735
-0.741733
0.396269
-1.09125
-0.359938
-1.29222
0.936241
0.65847
0.893422
-0.253098
0.436208
-1.98619
1.16114
-1.2272
2.65767
1.83571
0.413612
1.40609
0.627396
-0.592757
-0.5852
-1.26364
-0.501638
0.533135
0.768901
-0.0235493
1.86263
-0.203131
1.83061
1.01902
0.861964
0.0515579
1.07486
-0.798
0.33655
1.17092
1.85821
0.300512
2.32
-0.0878821
1.63763
-0.958432
-0.864751
0.704053
-0.360455
-0.18166
-0.327363
-1.59988
0.319754
-1.97773
-0.891875
0.188179
-0.720479
1.16565
1.53992
-0.211023
0.117635
0.0978418
0.787666
1.81042
0.732333
0.419891
-0.733784
-0.0498829
-0.760689
0.336991
1.87797
0.0598864
0.831082
-2.51019
-0.0339125
1.84142
1.56127
-1.08964
-0.709642
0.00796614
0.377154
0.706805
1.19474
-0.227241
-0.0620443
0.534703
0.387008
1.87852
-1.185
2.55402
-1.7284
0.369373
-0.181134
1.1114
-1.42333
0.640426
0.523236
0.435348
-0.1878
1.46345
1.12258
0.211478
-1.13536
-1.2566
-0.814652
-0.621665
0.838162
-0.0957647
-1.2325
0.310384
0.488512
0.019954
-1.29929
-2.04117
0.595183
1.00153
-0.684343
-0.476747
-0.546981
-1.06623
-0.568076
0.689587
-0.132226
0.412738
-0.179576
-1.19312
0.986803
-0.518607
-1.54155
-1.08042
-0.219576
0.484969
-0.498783
-0.204885
0.196008
-1.34298
1.27763
-0.199506
0.651161
0.306417
1.11996
0.103948
0.231985
-0.411378
-0.533916
-1.02433
-1.38567
-0.346595
-0.898989
-2.16711
-0.935808
-0.0638586
0.434968
-0.560824
1.35932
-0.00933153
1.10639
-1.2732
0.196792
-0.334589
-0.948178
0.765413
0.966084
0.67673
0.446786
-1.47878
0.637545
-0.901152
-1.09011
0.139768
0.229374
1.43026
0.0954236
-0.21361
0.638187
-0.422082
-0.848485
0.622027
1.03289
0.65829
-0.0123987
-1.12239
-0.366843
1.93676
1.09215
-0.957893
-0.397855
0.665198
-1.04691
1.54092
0.777873
1.18781
1.97453
-0.171519
-0.405954
0.045174
-1.19614
-0.482038
-0.0131229
0.234998
-0.356437
-0.00198431
-1.675
0.271029
1.38504
0.205123
0.0481109
-0.83459
1.05983
0.69895
0.280049
0.627815
1.3134
1.09422
-0.0390317
-1.21529
0.108448
-1.15423
-1.04539
0.538287
-0.390774
-0.675034
-0.104745
-0.394924
-0.703952
-0.914876
-0.113125
-0.979726
0.606423
-0.550278
0.225921
1.23188
-1.67744
0.483275
-1.22098
2.17221
-1.59319
0.619503
-1.20331
-0.81001
-0.414032
-0.568316
-1.24056
-0.374864
-0.774961
-0.296732
-0.413741
-0.340853
0.0206588
-0.201384
0.241578
0.285809
-1.56888
1.03
-0.690521
0.212417
1.34593
0.606173
1.02722
0.0302658
0.781462
-0.97978
-0.672998
-0.86756
-0.178433
0.0384631
-0.791738
1.80239
-1.14319
-0.511269
-0.122492
-2.16579
0.611057
-1.71656
0.0288479
0.535436
1.38922
-0.497147
1.20499
-0.00527156
-0.316518
-0.602209
-0.184643
-0.736235
0.0165944
-0.601546
0.777491
0.263439
1.53586
0.37614
-1.22344
1.56793
-1.08115
0.716586
0.357279
-0.616534
0.547334
0.106872
0.217701
-1.00561
-1.60686
-1.60503
-1.44551
0.0908151
0.638752
0.119703
0.384198
0.52028
1.46273
0.969188
0.821941
0.619133
-1.39714
-0.165166
0.636475
-0.428663
0.144693
1.0212
-0.0989679
-0.530499
1.66133
1.08053
1.62603
1.14258
-1.33594
-0.59107
0.425263
-1.43761
0.126391
-0.650154
-0.338476
0.284087
-0.385192
-0.890177
0.248951
-0.369219
-0.385484
0.222014
-0.243642
0.219119
1.38064
0.219303
2.09126
1.50079
-0.0803059
-1.26956
-1.46771
0.223439
0.973042
1.52852
-0.944023
-0.531988
0.387956
0.644123
-0.181623
-1.43589
-0.622363
-2.62717
1.20053
-1.50145
0.567367
-0.605445
-0.130305
-0.379498
-0.643957
0.725098
-2.03663
-0.5049
0.394241
0.767941
-1.17659
1.05876
0.28082
-0.811995
0.502937
-0.232538
-0.975274
-2.02771
0.599044
-0.15518
-0.208191
-0.101635
0.608325
-0.0160821
0.968216
1.25843
0.28474
0.64585
0.615496
-0.880505
1.01936
0.239995
0.712556
-0.448424
-1.30982
1.07275
0.214337
-0.633406
-0.304445
0.55377
-1.8127
-0.512707
0.320385
-1.31295
-0.960706
-1.26968
-0.782315
-1.5769
-0.276693
-1.69182
-2.00747
0.567901
-0.387589
1.25915
1.00215
0.237276
-1.12932
0.765792
-0.839039
1.02022
0.545266
-2.04648
-0.161261
0.59075
0.760379
-0.98807
-0.455094
-0.164658
-1.28431
-0.194567
-0.437034
0.0470907
2.00949
0.705643
2.1868
0.00501194
-0.221361
-1.05912
-0.0633817
-0.364174
0.00306467
-0.148959
-0.827571
-0.95983
-1.16607
0.0433018
0.141989
-1.54201
0.628773
-0.435212
-2.7257
0.391639
0.0388612
-0.73164
0.369643
0.233198
0.0980434
1.11779
0.178929
0.193425
-0.677344
0.00323517
1.22455
0.103417
-0.0761914
-0.902313
-0.906053
-2.20597
0.0661805
0.481033
0.222124
-1.73102
0.711292
-1.31144
-0.713544
-0.0479492
0.424675
1.24852
0.296195
-0.02049
0.796127
-1.92938
-0.889632
-0.704333
0.795341
0.160697
-1.69829
0.0544555
-0.502308
-0.015547
0.76711
1.45572
0.143339
1.97687
0.0882855
0.145055
1.91075
-1.24611
0.913667
1.38044
0.677055
1.30213
-1.31826
-1.47038
-0.835063
-0.453847
0.395248
0.588802
0.0167863
0.506123
1.56856
-0.953909
1.93515
-0.590123
-1.20357
0.0458292
-0.363724
-0.191554
-0.588276
-0.8413
1.15486
-0.233653
-1.19885
-1.47506
0.474581
0.349928
-1.34011
-0.232241
1.90196
2.19203
-2.96727
-1.08443
0.102962
0.278929
1.61846
0.822397
0.342732
-0.574303
-1.42706
-1.29129
1.43768
-0.537672
-1.00463
0.686993
-0.710896
-1.34359
-0.691377
-0.932782
1.54364
-1.17573
1.75848
-0.0706135
1.21203
-0.613266
-1.87255
-0.194985
1.00285
-1.25706
0.884736
-2.36704
-0.826976
0.408361
-0.466928
-0.359464
-0.952264
-0.589548
0.0706288
-1.84066
0.898471
1.44317
-1.83435
-2.13099
-0.1295
0.458822
0.288807
-0.85288
0.99206
1.21296
0.684365
-1.62573
1.87882
0.416915
-0.915588
-0.0625852
-0.02987
-0.0371446
0.739752
-0.257581
-0.0356469
-1.2038
1.07918
-0.955086
0.904438
2.4243
-2.24926
-0.383342
-0.370034
2.14684
-0.618153
-0.878687
-2.03108
-0.776036
0.427456
-0.0530169
0.433241
0.0542504
0.547903
0.171909
-0.0596128
-1.08724
-0.711672
-0.770776
-1.60607
-2.38447
-1.66781
0.84086
0.288038
-1.11983
1.61361
0.763696
0.741531
1.32611
0.264351
0.60391
-2.06087
-1.2889
0.804158
1.30495
0.674421
-1.68813
1.58943
1.35329
1.81117
-0.713373
0.665099
-2.25586
1.26681
-0.260675
-0.700223
-0.299644
-0.468498
-0.885667
2.15567
-0.385215
-1.652
-0.170902
-0.29644
-0.453874
-0.00946396
-1.05022
-0.731451
-0.963051
-1.06531
-1.66868
0.177458
0.920775
0.0621996
0.927515
-0.643537
0.00081644
0.403682
0.493069
0.224192
0.7895
1.16266
0.252336
-0.428943
-0.610072
-0.154266
-0.400618
-0.172735
-0.358377
1.33745
1.019
0.647776
-0.744034
-0.574532
-1.2561
-1.33958
-1.08245
-0.690967
1.17379
0.00349826
-1.4833
-1.49063
0.149205
-0.964271
-0.796849
-0.874865
-0.644009
-0.828901
1.38859
-0.121789
1.09757
-1.53408
0.473994
-1.78469
-0.172492
2.19823
-0.933587
0.943434
0.929122
-0.71452
-1.48442
1.46241
0.970572
-0.816125
-0.715221
-1.39771
1.28341
-0.299181
-0.700642
-0.225798
0.846428
0.401455
-0.871832
1.14216
0.0831641
0.0307775
1.1551
0.000405753
1.15972
0.802024
-2.42463
-1.27493
-0.00745388
1.10097
0.274046
0.679709
0.153084
1.73362
0.246914
-1.08576
1.1994
0.168721
-0.709184
-0.572645
1.19049
-0.81677
1.91574
-2.09356
-1.37825
-1.12941
0.209147
-0.656533
-0.887595
1.4246
0.139746
-1.64958
-2.58495
-1.44618
0.368774
0.706204
-1.71415
0.608178
0.0409178
-0.546647
-0.923873
-0.810693
1.54199
-1.17208
-0.540813
-0.906048
-0.963632
0.812259
-0.673718
-0.0526457
-2.02416
0.94815
-0.577471
-1.10391
0.0115596
-0.305937
-0.415384
0.139752
0.248835
0.247261
-0.135414
2.18484
0.40418
-1.57215
0.667106
-0.788151
-0.810946
-0.626791
-0.292256
-0.114074
-1.3128
0.666584
-1.53567
-1.3079
-1.46764
0.11047
0.549811
-2.21931
-0.680472
-0.259049
-0.976519
-0.468008
0.671907
-1.70526
-0.0444089
0.355737
0.512612
-0.849471
0.886237
-1.14596
0.0164293
-0.401695
1.14158
1.07781
-0.678057
1.01504
-1.46362
-1.42552
1.62215
0.0688224
-0.0692758
0.861174
0.0223183
0.0461622
-1.43664
-1.42535
0.116353
-0.328298
-0.89865
0.75587
0.432527
-0.0473459
0.231839
0.369206
-1.84474
0.816274
-1.11661
-0.271829
-1.11536
-0.866371
0.119549
-0.445718
1.21047
-0.272012
1.06003
0.712598
1.38671
1.84365
0.69193
-0.25286
0.957153
-0.221315
0.115954
0.458677
-0.635134
-0.0630907
-0.00653201
1.23428
0.389849
1.32929
0.119317
2.68527
-0.0292215
-1.12711
1.21614
-0.141757
-0.228998
-1.55373
-0.957953
-2.21765
-0.409214
-1.18387
1.09445
-0.660696
-2.36323
0.935675
-0.767007
-0.122228
-0.593584
-0.484923
-0.78543
-1.97602
-1.61613
-1.21701
-0.605456
-0.872117
0.237868
0.251091
-0.0540636
-1.05713
-0.366181
-0.402862
-1.94921
-1.02416
1.18751
-0.5306
2.1988
-1.42653
-0.195435
1.30914
-0.481674
-0.339044
-0.400118
1.14399
-0.616042
0.921611
-1.39294
-0.605467
0.00726059
0.70748
-0.0274573
0.303297
0.57292
0.702653
0.489409
0.636405
1.61735
1.74218
0.155276
1.24012
0.583909
-1.39573
1.21096
-0.826434
0.477061
-0.317423
0.783581
1.89222
-0.489208
-0.144971
1.81894
0.453589
-0.833255
2.76607
1.13381
1.46337
0.524752
-1.1213
0.618415
-1.06495
0.372404
-0.462381
0.140826
0.341362
0.264831
-1.81781
1.2382
0.991409
1.16513
-1.62885
-0.25915
-0.463012
-0.220353
1.05595
0.126536
-0.396691
-0.154436
-1.99333
0.85172
1.62422
-0.105488
0.264394
-0.209157
-0.0718061
0.935136
1.54188
-0.18457
1.78027
-1.47408
1.55825
-2.16468
0.542876
0.513443
0.491769
-0.903531
-0.0752639
-2.17233
2.02317
-0.507367
1.9789
0.167053
1.6135
1.02746
-0.419651
-0.339215
-0.275033
0.511229
2.04669
0.348544
0.246189
-0.146345
-0.113743
-0.753688
0.22433
-0.492878
-0.337184
0.894892
-0.0297709
-1.17839
0.331386
-1.4269
0.0542486
0.049499
1.61971
-0.0907847
0.787204
-1.29392
1.60288
-1.565
0.219657
1.55671
-0.320137
1.83465
0.368221
-0.75559
-0.251409
0.860364
-0.866254
-1.3447
-0.696826
-0.183377
-0.902942
-0.21998
1.19168
1.0045
-0.55744
0.371569
1.0387
0.485814
-0.945104
-1.67286
0.0674745
-1.85122
0.525799
0.51738
0.719494
0.850745
-0.281843
-0.0272943
0.0226618
-0.304534
-1.38477
0.960871
-1.45737
0.687874
0.0490361
-0.306908
-1.09717
-0.420664
-0.0668945
-1.12124
-0.632067
-1.60823
0.0913964
0.767923
-0.310619
1.06827
-0.453068
-0.469733
-1.97584
-0.0936093
-0.396502
-0.149592
-0.107297
0.371174
0.253554
-1.27922
-0.221941
0.680274
-0.828004
-0.86157
-0.436067
-0.226861
0.534367
0.445754
1.27659
-0.171652
0.54853
0.274068
0.500205
0.238825
-1.76508
0.461977
-0.334109
0.130158
-0.335358
-1.069
-0.604018
0.978527
1.13216
0.820546
-0.605023
0.239726
0.537869
-0.0851188
-0.202342
1.39572
-0.249564
0.921866
0.527832
0.018344
2.29488
0.373229
-1.03825
2.5021
1.35675
-0.233359
1.57138
-1.20154
-0.361081
-0.703172
-0.781467
-2.08415
-1.30454
-1.65815
-1.47434
0.22829
1.18024
0.959081
0.391385
0.203158
0.783686
-0.406687
-0.586484
0.656567
1.33622
1.11662
1.50798
-1.59291
-1.23983
-0.998703
-0.843251
-0.321152
1.39553
-0.366188
-0.405771
0.579643
1.20186
-1.61008
-0.83849
0.0951775
1.91721
2.37481
-0.366756
1.97373
-0.508122
-0.102008
-0.595725
-0.527189
-0.126981
-0.625281
0.937574
0.106687
0.382403
1.14931
-0.915527
0.0444537
-1.44108
-0.612231
-2.00918
-0.671966
-1.81555
1.05477
0.699553
0.00334988
0.204025
-0.0151958
0.158838
0.151084
-0.5082
-0.841516
-0.657504
0.158267
-0.188734
-0.307646
-0.251247
0.515998
1.69099
0.121978
2.76097
0.421416
0.335546
0.781058
0.788389
-0.18346
0.226392
1.66476
0.916682
0.306838
0.494857
-0.191214
-0.0237835
1.38542
-0.526379
-0.000704626
-0.374684
-1.66921
-1.22834
1.56448
-0.527356
0.686036
0.046623
-0.437553
0.461461
0.974467
-0.895029
-0.464779
-0.163622
-0.11991
-0.700795
-0.0816303
-1.54164
0.0439456
1.45406
-0.825825
-1.62204
0.198767
-0.581688
0.751339
0.510025
0.593263
-0.501217
1.94159
-0.699394
-0.99178
1.3608
0.043482
1.30157
1.58071
0.480142
-0.324146
0.801287
0.349272
-1.14493
-0.800453
0.987779
-0.125121
-1.31459
1.29798
-0.971068
-0.522337
1.63751
-1.20315
-0.637826
1.74994
0.928069
-0.0138558
0.429105
1.3454
0.6277
-1.19605
-0.0284619
-0.539181
0.598468
-0.539638
-0.936128
-0.244446
2.55761
0.57907
-0.376263
-0.670348
-1.15623
1.23026
0.167243
0.860898
1.36905
0.151093
0.407463
0.630254
-1.06213
0.847251
-0.297456
2.24702
-0.433509
-0.925193
0.0317566
-0.298307
0.904412
0.0826402
-1.0558
-0.675839
-0.335192
-1.85398
0.432202
-0.969778
-0.306343
-0.595385
-0.320743
-1.34167
-1.14204
-1.66494
0.10551
-0.322907
-0.156297
-2.16862
0.132634
0.473844
0.018349
1.52705
1.67728
-0.0193812
-1.31639
-1.05515
-0.208214
-0.663967
1.09726
1.84598
-0.353132
1.54769
-0.415758
2.33841
-1.27661
0.191483
-1.04213
0.355167
-1.0234
0.0511429
-0.649264
-0.646458
1.1862
-0.897655
0.307797
-0.640847
2.30397
-0.720995
-1.18244
1.60576
-0.110647
-1.31096
-1.22499
-0.137762
1.2255
-1.10781
0.00616791
0.335043
-0.936554
-1.59776
-0.356094
-0.358326
0.0640123
-1.20558
-2.23945
1.21667
0.120431
-1.00434
-0.272697
-2.08787
-0.110948
0.647573
0.313376
0.254068
0.348329
-1.29144
0.858568
-0.270511
1.02822
-1.05935
0.207013
-1.26242
0.919142
1.55027
-0.226698
-2.67353
0.0808198
-0.671117
1.11018
-1.35127
1.18021
-0.732947
0.0784363
0.650685
0.776102
2.77096
-1.34038
-1.13424
-0.892881
-0.75915
-1.47544
0.100999
-2.03445
2.3528
-0.520314
-0.764044
-0.08908
0.104625
0.0886004
-1.51157
-0.69708
-0.681734
-0.854946
0.296051
0.129495
0.029668
-0.736611
-0.222027
1.36031
-0.110062
-0.662628
1.16325
1.23953
0.80357
1.01685
-0.924009
0.0403681
0.844439
0.0548396
-0.551224
-0.508422
0.332878
-1.35342
0.177497
1.80248
-0.152979
-0.0816119
-0.875198
1.41865
0.0243106
0.705258
-0.272454
-0.247569
0.878315
0.907611
-0.527267
-1.54913
0.343537
1.73595
-1.92099
-0.23908
0.424135
1.73779
0.727458
0.160883
-1.06696
-0.706941
-0.290075
0.493218
-0.934777
1.46704
0.609077
-0.505713
-2.08368
0.680458
1.85453
-1.32852
0.808793
-0.387159
0.771389
-2.14081
-1.45649
-0.887703
-0.995358
0.528468
1.7014
0.150991
-0.623451
-0.991357
1.09951
-1.0296
1.02191
-0.277785
-0.911272
0.386888
-0.0972081
0.158412
-0.592879
0.699987
-0.67133
0.434449
-0.453331
-0.321322
1.2366
0.179266
1.84597
-0.252939
-1.39011
-0.571003
-1.06711
0.453843
2.26974
-0.824668
-0.396702
-0.30316
-0.293498
0.475799
-0.422681
1.09443
0.928268
0.661728
1.68922
-1.13541
-0.793635
-0.514564
0.0502562
1.97967
0.434136
-1.02061
0.0438287
1.49832
-1.50502
0.702032
-0.0120708
-0.723639
0.730059
0.0463159
1.15897
1.41264
1.90942
-0.440275
-1.48519
-2.69333
1.04469
0.345252
1.34249
1.52711
-2.03157
-0.824107
-1.15633
1.41742
0.24555
-0.824459
-0.690826
-0.622456
1.46717
-0.0788385
-1.00092
-0.830757
-0.339029
-0.281203
-0.771316
-0.876464
-0.213808
-0.630347
0.204737
0.258385
0.513161
-1.67058
-0.055557
-0.976862
-0.49929
0.831688
-0.47821
0.237235
1.8015
-1.52301
-0.867852
0.344188
1.04434
0.779896
0.0784451
-0.0351672
-0.415477
1.00944
-0.695864
0.216997
2.2891
-0.277316
1.503
1.81052
-0.822766
1.10362
1.7455
-0.0718472
0.890642
-0.843002
-1.83216
-2.13289
0.713673
-1.64079
-0.93055
1.5865
0.161745
-1.34456
-0.36173
-2.11017
-0.155076
-0.819023
-0.446525
-1.77212
-0.180719
1.17051
-0.45031
1.31887
1.00998
-1.06803
0.23316
-0.573927
0.527758
-1.79597
-0.104762
-1.28792
0.576775
0.959238
0.308871
-0.944236
0.723941
-0.0219215
0.145183
0.188927
-0.12337
-1.33206
-2.63352
-1.41357
1.63403
-1.10644
-1.76537
0.612431
1.97945
0.182205
-1.40292
-0.357733
-1.25488
0.660807
-0.78737
-1.42613
-0.119996
-1.86117
0.581463
-0.384673
-1.42678
-2.17825
0.621607
1.71556
-2.24462
-0.225607
1.50539
0.852335
-1.15055
0.776343
0.422073
0.919948
-0.742853
-0.506078
-0.0331868
-0.44026
-0.134688
-0.0140206
-0.552582
-1.78523
-0.739806
0.855018
0.963391
0.5119
0.638823
0.0472309
0.60301
-1.45793
1.09705
1.40817
-0.920488
0.652686
0.485379
0.780554
0.30295
0.673996
-0.487305
-0.276533
-0.0645077
1.28271
-0.827392
-0.0770549
0.74843
-0.0310813
0.855496
0.892087
-0.736246
-0.192605
-0.371111
-0.519451
-2.30086
0.451562
-0.74918
-0.91953
-0.88987
-0.323649
1.18198
2.24489
0.892089
1.79038
-0.957712
-1.36509
0.528588
-0.281867
2.16961
0.501715
0.00431976
0.871202
-1.71018
1.03356
-1.01706
0.633203
0.641169
0.0452182
-2.07262
0.850975
1.45857
-1.84123
-1.72613
-0.157527
-0.0414873
-0.618826
-1.11316
0.0168665
-0.810224
2.02713
-0.395878
-0.242072
-0.505244
-0.197552
-0.371657
0.843996
0.289579
-1.48367
-0.450194
0.939977
-0.853928
-0.651558
-0.128026
-2.02046
0.286863
-0.668385
-1.28149
0.123615
0.700184
1.37179
-0.0929331
-2.60369
0.671662
-0.431831
-0.67097
1.36312
-0.436651
0.0555274
-0.969887
0.611275
-0.967798
-1.81262
0.62837
-0.842987
-1.71237
0.85142
0.877175
-0.0389554
-1.94486
-1.70946
0.538227
-0.458265
-0.120479
-0.31659
0.0316848
0.936608
0.439772
-0.332611
-0.446393
-1.11542
-0.19453
0.879249
-1.21178
-2.10385
0.955492
-0.405795
-0.23961
0.06073
-0.707788
-1.05187
-0.186818
-2.23092
-0.912754
1.26983
-0.0690485
0.647967
-0.859947
-0.137832
0.586808
0.0107378
0.138384
-0.437605
-1.71912
0.770671
0.307187
0.650537
-1.16618
-0.412395
-0.104568
0.979182
1.72883
-0.926511
-0.458811
1.1465
-1.24019
0.937136
-1.58907
-0.958105
0.0184984
-1.30984
0.777198
0.0838572
0.25317
1.46898
0.748294
-0.538135
-0.462001
-0.2266
-1.25133
0.81753
0.734412
-0.0382845
0.205093
1.24676
-2.01175
0.916498
1.42584
-1.16174
0.435213
0.494506
0.539123
-0.0292444
-1.74213
0.32602
-0.469817
-1.96982
-1.04146
0.589284
-0.479376
0.0869967
1.63893
-1.59824
0.177191
-1.10789
-0.0266471
-0.653903
-0.310663
1.37782
-1.34781
-1.00412
1.08668
0.67565
-0.365375
0.473211
-1.05311
1.4731
-1.32287
-1.00303
-1.28137
-1.5922
0.255612
-1.68981
0.146106
-1.45731
0.652668
-0.858271
0.283558
0.375521
1.15826
0.430615
-0.435584
0.854252
0.00348536
0.569898
0.432714
0.0175859
0.136297
0.212897
-0.0731418
-0.695689
2.24634
0.0195014
-0.313975
1.34614
0.871109
1.18439
-2.04406
-1.16593
0.334414
-0.255285
0.381353
0.00580863
0.615794
0.547629
-0.577528
1.22092
-1.73182
-0.51804
-0.0348891
1.62519
-0.114606
-0.61284
-0.0301007
0.573147
-0.87047
0.998521
0.715897
-0.561482
-1.96755
0.991634
0.263252
-0.295088
-0.868379
-0.268934
1.09563
1.22936
0.8999
1.14869
-0.376729
1.83486
1.77633
0.0503578
-0.76155
-0.8716
0.84796
1.88136
-0.11536
0.356566
-0.473558
-0.65526
-0.00250269
0.282415
0.866287
0.411482
-1.14955
-0.670541
0.332917
-0.115077
1.22938
1.16059
-1.7026
-0.744351
0.563002
0.230877
-1.03606
-0.471057
1.54796
-0.100337
-1.03811
-0.298912
0.473086
-0.359244
-1.76507
-0.709459
-0.410657
-0.393799
-0.734732
-0.905703
0.0381299
3.10817
0.30973
-0.55877
-0.462285
2.3988
0.365975
1.37247
0.275587
1.17005
0.752693
-0.0362534
0.333502
0.302994
1.3755
0.961434
0.295336
1.0837
