1.28969
0.304127
-0.555607
-0.106826
0.176178
0.0205689
1.89592
-0.448556
0.554586
-2.43435
-0.13387
0.312386
-0.0437204
-0.186888
0.781878
-1.07985
0.998657
0.0406581
0.461826
0.565255
-0.36073
0.606924
-0.219665
-2.06802
0.297262
-2.22963
-1.73097
0.344549
1.32793
-0.0995412
1.10645
0.0622463
0.923795
-0.333165
-0.07176
-0.50245
-0.898157
-1.18207
1.16967
0.59836
0.0607724
0.854806
-1.59209
0.772709
-0.428083
-0.34735
0.443188
-0.0164227
1.10603
0.953143
-0.121341
-0.495603
0.847365
-0.24071
-0.0403699
-1.59556
-0.616664
2.45841
-0.48832
-0.439402
-0.413651
0.171605
0.264903
-1.26655
-0.971602
0.611978
-0.463513
1.35889
2.36648
-0.167895
0.445385
2.0327
-1.61331
2.00032
0.900864
1.03107
-1.15026
-0.472952
-2.26555
-1.00627
-1.34424
-0.00899128
-0.361168
-1.23216
1.06969
-0.113458
0.0159109
1.38257
-1.36465
-1.39742
-0.895682
-0.910926
0.510061
-0.581532
-0.4766
1.13868
-0.815908
-1.13909
0.615982
-0.258366
0.243355
1.93542
-0.543231
1.81169
-0.406206
-1.15732
-0.939255
-2.01321
0.0795122
0.361137
1.79825
-1.48138
-0.214756
0.664439
1.34861
-0.896836
0.647318
-0.151219
1.36463
-1.78142
0.925515
2.11429
-0.550558
0.64356
-0.00598285
1.80027
-0.0240693
0.0401783
-0.514778
-1.11898
-1.53715
-1.31061
-0.473135
0.381662
1.15009
3.41508
0.709038
-1.0928
0.751648
-0.0669093
-0.551425
0.477032
-0.175493
-0.264735
1.73832
-0.96596
1.4712
-1.10261
1.07573
0.190661
-1.37845
-3.65306
1.44214
0.935416
0.982015
1.00182
-1.17925
-1.07346
1.20671
-0.410907
0.224442
-0.434204
-0.0930294
-1.46518
-0.907426
1.45463
0.712987
-0.193584
-1.81321
0.397771
-0.960719
1.8923
2.05553
-0.762595
-1.02772
0.275641
2.18796
-1.41869
-1.0317
0.158405
0.51432
1.00837
-1.33908
0.611581
1.39363
-0.996968
0.667112
-0.957419
-0.320654
-0.725301
-0.36519
0.37179
0.453039
-0.215269
0.329292
-1.17599
-0.307961
1.97727
0.599133
-0.871295
-0.988289
0.734088
-0.538497
-0.51359
-0.795448
0.423701
-2.81382
0.0743857
0.554089
-1.25276
0.124198
-1.23597
1.5396
1.28141
0.215061
-1.21543
0.968704
0.640255
-0.445409
-0.637554
-0.548257
-2.08895
-0.0716802
0.0482314
-0.145977
-0.178058
-0.580699
0.566154
0.902705
0.00489943
-0.113089
-0.441377
0.725281
0.0227322
-1.0225
1.82334
-1.21806
-0.782152
-1.47069
-0.45685
0.307868
0.30593
2.26206
-0.481434
-0.239507
0.51491
0.524629
0.817526
0.982276
-0.444699
-1.21633
1.60485
-0.72229
-0.613977
1.57036
-0.720476
-0.441487
1.32889
-1.57945
1.51886
0.306083
0.312205
0.876527
-1.46353
-0.442574
-0.327617
-0.805144
0.130923
1.2603
0.265869
-2.25017
-0.568094
0.416239
0.254713
0.842011
-0.28528
0.364201
0.908018
0.983589
-0.57884
-0.00163973
-0.0737003
-0.807013
-0.972465
-0.652382
-0.494454
-0.0207534
0.660655
-0.465812
0.457081
-1.15575
-1.70094
-0.170953
-0.15878
1.95781
0.234676
-1.09063
-0.904905
-0.438275
1.30495
-2.50109
-0.930721
-0.396675
0.015608
0.934856
-0.746824
0.104589
1.37265
-0.286658
0.155829
0.362064
1.22737
-0.00256661
-0.692615
0.155099
-0.0153102
-1.26679
-1.39991
-0.348759
-0.735371
-0.596757
-0.6959
0.179181
0.616371
-0.68425
2.30903
0.320895
1.8266
0.437397
0.882577
0.829549
0.761851
0.0531179
0.348011
1.44751
0.891485
-0.482403
0.445646
-0.696729
-0.23388
0.517705
0.268023
1.33964
0.0477821
-2.46447
-0.0942265
1.68659
-0.211217
-0.0231376
0.423672
1.48031
1.54462
0.433669
1.50224
-3.47001
-0.0989131
-0.0399378
0.0400631
0.61886
-0.249279
0.308472
-2.04929
0.545711
-0.465705
0.023016
-1.30619
-0.266385
-0.0179301
-0.191505
0.337964
0.0496703
0.472448
-1.04658
0.232728
0.687938
1.25003
-0.617588
-0.724469
2.36518
-0.324883
-0.0761939
1.49848
-0.565435
0.0607207
-0.415524
-1.19242
0.458773
-0.042164
-0.806033
0.796139
0.32285
0.4565
-1.68522
-0.08635
-0.348072
0.343019
-1.43499
0.371227
-0.0343989
1.35645
-0.378734
0.673354
0.0518754
-0.343109
1.05749
0.703326
-0.0188342
0.012899
-1.43762
-0.308421
-1.29527
0.179481
0.546859
0.39736
-0.663693
-0.089495
-0.198125
-0.50142
1.01278
-0.501547
0.0410089
-0.398471
-0.262082
0.0240323
0.82686
-0.957445
0.165746
0.666246
-1.29814
0.105546
-0.335073
-0.2861
0.0841135
-0.607811
0.287235
-1.50741
-1.03935
0.0333134
-1.094
-0.614121
0.223705
-0.879179
0.390097
1.10992
-0.362379
0.574066
-1.19841
0.528858
1.74349
-0.520919
0.700818
-1.52635
0.207912
0.769781
3.32888
0.685798
-0.414002
0.906702
-0.434662
1.96111
-0.461779
-2.58159
0.79259
0.274295
0.235169
0.655061
-1.31824
-0.54012
-1.10546
1.66183
-0.804833
0.475761
-0.197872
0.807474
0.507057
-0.585238
0.198628
-0.647204
-1.21534
-1.64424
-1.28871
1.00432
-0.0389439
0.126715
-0.925902
-0.364107
1.06634
-0.478054
-0.837558
0.776582
-2.93127
0.00467751
-0.282862
1.54085
0.374989
0.844405
-1.60285
-1.72404
1.4577
0.636811
0.139936
1.59475
0.141351
-0.0554583
-0.726481
0.963928
-0.660859
-0.856872
-1.75057
-0.585297
0.0538214
2.61063
0.937722
-0.169761
0.445097
1.5377
-0.71108
-1.46331
1.66311
0.114638
-0.652
0.574491
-0.669341
0.0935725
1.03864
-0.822815
1.03341
0.7682
-0.576296
-2.11806
-0.231667
0.660751
0.49532
-0.267763
1.16351
-1.51772
-0.958313
-2.4149
0.827568
0.710006
0.217236
0.250822
0.499309
0.541045
-0.232649
0.786137
1.03032
-0.755244
1.37917
0.583849
-0.850646
-0.560558
-0.684998
1.73877
1.59017
0.899903
-0.550147
-2.60468
-0.702606
0.840485
-0.214007
1.23409
0.130381
-0.707636
1.33008
-0.652325
-0.895331
-0.789132
-1.04414
-1.4712
0.0971425
1.40263
0.115232
-0.628088
-0.645951
-1.74017
0.706433
-0.556585
-0.601795
1.98181
-0.721494
-0.757192
0.0720927
0.422941
1.22956
-0.511894
1.08258
1.18899
-1.51549
1.71857
-0.647608
0.227619
-2.57172
0.396235
0.782785
-0.116094
0.388072
0.677721
-0.731217
1.75165
0.850571
0.185597
-2.34333
0.191619
-0.186489
-1.0715
-1.6604
-0.360812
-1.85024
-0.219712
-1.63552
0.34286
0.12674
1.23925
-0.114563
0.742428
-0.339785
0.296491
-0.121851
0.0102139
-0.312778
0.330873
1.21046
-1.18361
1.09584
-0.510501
-1.82578
-1.70987
1.26947
-0.136673
-0.835884
-0.0423647
1.68778
-0.963326
0.786625
-2.22622
0.639483
-0.388562
1.0849
-0.408234
-0.371345
1.28872
-0.605235
0.427391
0.297524
1.73985
2.74232
0.368866
1.03816
2.6176
-0.525565
-1.19841
0.508455
0.840879
-0.314759
-0.267381
1.82136
-2.41803
0.91303
0.141339
0.329571
-1.18026
-0.652462
-0.692809
0.439464
-0.631888
-0.175123
0.574747
-0.577353
2.30228
-0.15319
0.132905
0.0989666
0.24033
1.40278
-0.943984
0.775971
2.38168
-1.15085
-0.135446
-0.470624
1.11401
1.45926
0.170162
0.254362
-1.1384
-1.88343
0.318152
-1.16159
-1.13246
-0.597607
0.994498
-0.989075
0.0859804
0.449529
1.41029
0.677854
1.23088
0.0626099
-1.35212
0.831483
-0.70964
-0.0665284
-1.09285
-1.60681
1.27487
-1.32177
-0.256317
1.05197
0.471303
-2.21814
-0.658741
-1.3619
0.360572
-0.450325
-0.841886
0.749075
-0.41383
-0.363226
-0.0354391
1.04162
-0.213927
0.0391544
-0.328456
0.855275
-0.0661959
-0.554142
-0.980056
0.658658
0.561004
1.36392
-0.711668
-0.163419
1.50271
-1.1943
0.0221087
-0.436307
-0.0741204
0.734253
-1.6449
0.87323
-0.832015
-0.719428
0.767747
-0.918498
-2.03031
0.379334
0.676095
-1.59647
-0.192995
-0.332
-0.698556
1.69574
-0.875116
-0.40173
0.276284
-0.938047
0.801249
-1.14015
1.52756
0.274487
0.942517
1.52471
0.656218
-0.214441
-0.977754
-0.526344
2.67324
0.295318
-2.69923
0.50548
-0.675206
-0.486581
-0.720576
0.638122
0.897504
1.22281
-1.57035
-0.115798
0.337466
0.325587
0.70855
0.520208
1.98926
0.217229
0.220539
-1.19506
0.0474479
-0.0130127
1.11189
1.48067
-1.52564
-0.250103
-0.73787
-1.23946
-1.2809
0.150102
0.563328
1.37827
-0.364199
-1.26888
0.233515
-0.020093
-0.212816
1.35315
0.560773
-0.578097
-0.361836
-0.918767
-0.684636
-0.279774
0.307137
-0.0830009
-1.32866
0.271811
0.268141
0.00815996
0.262277
-0.297986
0.206031
0.869496
-0.299328
-0.319282
-0.915527
0.340333
0.310091
-1.46772
-0.983227
-1.85918
-0.129415
0.0799428
0.617478
1.48169
2.08104
1.69188
0.590526
-1.08513
2.02059
-0.618823
-0.92886
1.30328
2.69925
0.310445
0.314271
0.975464
-0.936981
-0.503193
0.152888
1.23731
-0.329212
0.633685
-0.337775
-1.13846
0.299201
-0.699171
-0.385168
-0.986014
0.654989
-0.219837
1.03108
-0.953315
1.30565
-0.141988
-0.81216
0.31065
-0.182338
-0.080858
-1.19267
1.28586
0.550782
2.66702
-1.2736
1.37609
1.39277
-0.679955
0.370169
0.618967
-1.8986
0.770009
1.03165
0.305614
-0.841731
0.103915
-1.66055
2.79342
-0.558113
-0.648861
-2.04309
0.146006
0.771902
0.228973
-0.14327
-0.0483934
1.80103
0.5724
0.312454
-1.22844
1.31416
2.35782
0.0966359
0.745177
-0.337672
0.261336
0.367489
1.09233
-0.307956
1.04144
-0.344771
-0.72905
-0.533725
0.0948978
-0.60966
1.79902
-1.26706
1.84403
0.766134
-0.721646
-0.405801
-0.275182
0.348946
-0.187917
0.510282
1.53722
-0.78688
-0.591114
0.294003
0.13431
1.05361
0.190527
0.171539
-1.01193
0.797766
-1.43033
-0.375293
-0.529928
0.433941
0.660434
-1.2886
0.7375
0.376876
-0.146967
0.116802
-1.76278
0.289689
-0.341232
0.266283
-0.654601
0.524702
2.47887
0.30354
-0.243313
-0.415499
0.781853
-1.25477
-0.539485
0.000483661
0.594899
-0.10905
0.370825
1.29014
-0.655213
0.116897
-1.38358
-1.75613
-0.489601
-0.351111
-1.18568
0.331301
0.869711
-0.138177
-1.38754
-1.29326
-0.295458
0.359776
-0.401498
0.0334395
1.51691
-0.0837642
-2.29118
2.72295
-0.180479
0.860445
-0.0671052
-0.714569
0.697044
-0.0640919
-1.14493
-0.798089
-0.107822
-0.219519
-0.58293
0.368436
-0.0357628
2.43396
0.892985
0.614396
1.56771
0.0266863
-0.0604683
-0.509221
0.368011
0.921594
0.169501
2.40499
0.483396
0.533558
0.595224
-2.75306
0.630568
-1.23144
0.855143
-1.04108
1.67432
0.455157
-0.0313908
2.17924
-0.0720652
0.127386
-0.939742
1.42113
2.63642
0.0714609
0.545584
-0.788016
-0.625216
1.04093
0.963605
-1.7646
-1.82818
-0.0173185
-0.281184
0.888611
-0.137462
-0.304379
-0.424326
-0.0928222
-1.5739
2.64718
1.5049
-0.78287
-1.26335
-1.4133
-0.250417
0.0754928
-0.553546
-0.665811
0.202808
0.056923
-0.0415136
-0.344942
0.225231
0.512934
0.0872915
-1.27788
-1.72078
-1.96329
0.899376
-0.475971
1.0658
-0.115482
1.34279
0.0123451
1.47101
-0.156132
-0.391219
0.443834
-0.078385
-1.86595
-0.211196
-1.16249
1.22001
-0.271962
0.964158
1.52249
1.85641
-0.862164
-0.611627
-0.138812
-1.11823
-0.121838
0.422843
0.605665
0.411014
-0.512834
-0.0804701
0.836394
0.326637
0.537544
-0.333808
-2.18679
-0.537777
-1.78702
-0.0504953
0.331272
-0.933695
1.49593
-1.61394
2.13024
0.557875
1.83817
-1.22339
0.134806
-1.53851
-0.561315
0.0685373
-0.581238
-0.461593
-0.499685
-0.857602
-0.44199
-0.541656
-0.290579
-1.14615
-1.20597
-0.126555
0.989389
-0.409646
-0.316376
-0.0499363
-0.205231
-0.329952
0.190139
-0.219397
-0.873457
-0.426781
0.0665245
-0.294891
0.477677
0.128914
1.41674
0.387398
-0.836791
-0.406484
-0.880832
1.4349
0.763504
0.525222
1.32804
-0.561695
-1.23493
-0.517177
1.30795
0.903562
0.205041
-0.830044
0.234401
-0.165083
-0.263749
-0.774051
-1.12402
2.0275
-1.17749
1.60719
1.38767
-0.967347
0.396722
-0.400273
-0.938491
0.0682416
-0.296406
0.000822614
-1.06001
0.19911
-0.356452
-1.09554
0.307442
-0.37873
0.834213
0.631237
1.68304
-0.527221
0.175673
-0.112193
0.82129
-1.87977
-1.06756
-1.54882
-0.618996
0.746322
-0.723646
0.43853
0.859649
0.586671
0.627832
0.825674
-1.49574
0.813592
0.156225
1.07956
0.758198
0.0968654
0.0308606
-0.652605
-0.351911
-0.563697
-1.37647
0.67117
-0.0912293
-0.112277
-0.510202
0.870358
0.457023
-0.398539
0.987714
1.09436
0.527616
-0.85736
0.267564
1.66266
-0.298788
-0.0858509
0.259117
0.173004
-1.09653
-1.33507
0.254752
0.205516
-1.66509
0.710542
-0.2576
-0.866469
0.365849
-0.192058
-2.19296
1.17865
-0.649637
-0.260405
0.216332
1.00194
-0.102361
1.42663
-0.200634
2.1093
-1.22756
0.184952
2.24474
-0.992236
-0.770103
-0.283495
0.474963
0.408979
-0.460172
1.2752
0.218538
-0.0233908
-0.1852
0.249288
0.91869
-1.0654
-0.776837
0.724395
-1.58479
0.0528933
1.65894
-0.0807419
1.11065
1.81122
-0.788144
0.607747
-0.564444
1.69146
0.154373
-1.04491
-0.125761
-1.1449
-0.243671
0.449048
1.13927
0.685452
0.408586
-0.221088
-0.49556
-0.507449
-1.24902
2.37615
0.198705
0.78571
1.0889
0.550536
0.114497
1.09644
-0.744424
-0.245633
0.513319
1.35696
0.8191
0.965665
0.0866583
-0.0153029
-1.4697
-0.799952
-0.246196
-1.00864
-0.408163
-0.762891
0.906239
-0.0185405
-0.705866
-2.2736
0.867494
-1.98138
2.77556
-0.0336906
0.0885213
-0.803829
1.63329
0.466155
0.570559
0.608301
-0.493413
-0.564217
-0.104567
0.435448
-1.28501
0.558733
2.02127
1.90649
-1.18691
1.08012
-0.64149
1.24123
-0.16405
-0.0665696
-0.0987189
0.438207
-1.06369
-0.976232
1.04068
-0.56428
-0.334114
0.323553
-0.146515
-0.489502
-1.55979
0.990668
-0.0134811
1.35605
-0.602617
1.56029
-1.17165
-0.572914
-0.580119
-0.358345
0.502835
-0.357606
1.94014
0.151799
-0.230972
0.981289
2.0683
-1.93749
-0.425095
-0.803537
0.0234216
0.305182
-0.509999
-0.670691
-0.13583
1.71296
-0.549906
1.90764
-1.00213
-0.0865787
-0.0256852
0.601479
0.394703
0.377423
1.67478
-0.823603
-0.106468
0.999261
1.33479
-0.212758
-0.255186
-1.87325
-0.241356
0.411819
1.66441
1.81252
-0.594667
1.35166
-0.206853
1.74771
0.585007
-0.612733
0.387225
-1.09466
-1.81302
0.4692
-0.0567017
0.132097
-0.179375
0.646496
-0.546858
1.51299
0.424395
-0.954807
-0.448269
0.326517
-0.640722
-0.286117
-0.81922
-0.29276
-1.91481
0.506021
0.363015
-1.62117
-1.34511
0.165649
-0.356596
-1.49409
0.88962
-0.519331
-0.662758
-0.178227
2.14725
1.60334
-0.190492
-2.86023
-1.1529
1.37431
-0.817173
-0.2656
-0.373558
-0.827175
0.27939
0.0692819
0.823218
-1.1678
0.179796
-1.34408
-0.39295
-0.547489
-2.15475
-1.21597
-0.360248
-0.04286
0.7547
-1.01812
0.0692329
0.522515
0.318324
-0.793328
2.34093
0.0103888
-1.3735
-0.688807
-0.60508
-0.690127
-0.847326
-0.952224
-1.57426
0.531016
0.233928
-0.205604
-2.21126
2.69212
-0.900991
-0.0142319
-1.45875
-0.0200772
0.0137687
0.337339
0.110153
-0.786502
-0.945087
0.634823
0.143801
0.285989
0.195657
-1.08634
-0.154586
0.139294
0.658894
0.00965132
1.06622
0.38274
1.74004
1.04837
0.171753
-1.24502
-0.0708119
-0.528461
0.67791
1.43745
-1.58854
0.258935
-1.13693
0.0347143
0.548019
0.143456
-0.516331
1.35975
0.704667
-0.567471
0.338137
-0.461772
-0.110283
0.00184578
0.126307
0.260014
-1.71413
-0.246034
0.341945
0.425883
0.981103
-0.660421
0.875116
-0.470045
-1.31858
-0.168552
1.60367
0.12774
2.20777
1.28147
-0.148255
0.452936
1.93556
-0.458203
-0.537115
0.428336
-0.523116
-0.698769
3.06299
1.74724
-0.429717
-0.103766
-0.995785
1.58011
1.17467
0.403162
-0.154616
0.26352
-1.22062
-0.184587
-0.240434
0.368723
1.06891
1.48059
-1.48797
0.0969402
-0.286905
-0.793642
0.275146
1.90215
-0.572123
-1.094
-0.911973
-0.679687
-1.20173
1.43039
0.596514
-0.903896
-0.576529
-0.47301
0.337145
0.342329
-0.625828
0.173044
-0.125098
1.12705
-1.82741
1.19129
0.205764
-0.901834
0.690572
0.0528131
0.757008
-1.10184
-1.64792
-0.603478
-0.231807
-0.0634418
-1.93899
0.401888
1.36929
-1.7193
-1.21968
0.332059
-0.650224
1.79631
-1.65155
-0.00815055
-0.548809
-1.50456
-0.750702
-0.59664
-0.489944
1.17907
-1.4962
0.788287
-0.42335
-0.0425484
1.12608
0.106812
-0.664177
0.0725656
-0.817756
-1.00935
-1.31484
0.165259
0.250079
0.859919
-0.160324
-0.71046
-0.32014
-1.37814
-1.51605
0.258878
0.79431
0.272176
0.0255977
0.30642
-0.889029
-0.861032
1.12821
1.87448
-1.61268
0.083196
1.08797
1.25501
-0.998802
0.831029
3.13456
-0.558289
0.595517
0.119142
0.630141
1.08577
-1.52198
0.538075
-0.241367
0.958655
0.112718
1.36832
-0.277714
-0.657099
0.65964
0.485088
-0.393038
0.416339
1.04982
-1.45053
1.05141
-0.423768
-1.15978
1.119
-2.47672
1.59338
-1.42875
0.0521308
1.47076
-0.581487
0.472852
-0.0477015
-1.46993
-0.34575
0.872313
0.466195
0.48874
1.70895
-0.37869
2.09727
-0.628875
-1.14116
0.157561
0.497531
0.190154
-0.24135
-0.244491
0.648443
0.507113
-0.562951
0.406696
-1.30443
-0.886807
1.65313
0.677778
1.38498
0.55412
-1.78096
1.85974
-0.538544
1.7836
0.960432
-0.249487
-0.17687
0.204594
0.75949
-0.424665
-0.851413
-1.1166
-0.535237
-0.197777
-2.2869
0.299058
0.683759
-1.33591
-0.5067
-0.720622
0.526253
0.828766
0.808292
-0.291946
1.05067
-0.324741
0.137302
0.839403
0.760112
-0.0186319
0.425639
1.09751
-0.22549
-0.865089
0.910155
0.602363
0.171554
-1.07974
-0.238287
0.0539752
0.941524
2.33964
0.208321
-0.419677
-0.277439
-0.108352
0.787066
-0.82498
0.358011
0.228725
0.166122
0.175923
-0.0718148
0.0791864
0.676185
-0.371963
-1.49752
-0.275715
1.59766
-1.43901
0.512547
-1.50775
-1.99311
-0.404839
-0.005949
0.853061
-0.175983
-0.775857
0.412332
0.0610661
-0.0622287
-0.69467
-1.59579
1.80213
1.47612
-0.0979123
0.537158
0.179298
-0.792081
0.879926
0.257636
3.42226
0.31861
-1.44177
0.424923
-2.48884
0.465943
0.871615
-0.672682
-0.335693
1.08549
1.57742
1.17193
-0.627649
-0.607732
0.914636
0.0927417
0.646509
1.38259
1.36321
0.409163
1.43091
0.678272
-0.765591
-1.82029
0.533559
-0.00571857
-0.830034
-0.863006
2.76904
0.984394
-0.62199
0.501475
-0.93209
-0.589323
0.344701
2.09315
-0.923179
0.596161
0.222008
-0.566646
-2.19825
0.468644
-1.24622
1.57943
0.143525
0.601908
-1.47133
-0.774199
-0.395646
-0.526441
-0.125508
-0.234684
-0.0711549
1.19658
-1.36133
1.80575
0.77647
0.984378
0.226398
0.848763
1.18076
-0.352823
0.1174
0.72734
-0.762853
0.518321
-0.746249
0.967821
0.650627
0.355729
1.01516
-0.361067
0.77771
0.613644
1.29224
-0.287666
-1.11202
-1.3577
-2.84708
-0.454716
1.59315
-0.9327
0.30298
-0.811072
-1.2589
0.265012
-0.668621
1.88623
0.00138713
0.519369
-0.352605
-0.240231
-0.488883
-1.17451
-0.885608
-0.709088
-0.237205
-1.07701
-0.785904
-0.636484
1.12475
-0.385614
1.22209
0.0781723
-1.15612
-1.15992
-0.338034
0.882431
-0.569908
0.451629
-0.144663
1.78391
-0.365005
0.124337
0.825595
1.35353
-0.23018
-1.09233
-1.0305
-1.51494
-1.46517
0.318696
0.463355
-0.415867
0.363795
0.178415
-0.007136
0.460598
-2.31015
-0.486118
0.0549128
0.417979
-0.560534
-0.131999
1.61147
-0.362754
1.30443
1.66407
0.730706
-0.71997
-1.48139
0.0255009
1.26363
0.215997
0.35619
-0.628914
0.472996
0.88548
-0.385801
1.32994
0.240139
0.173856
-0.365739
0.0409139
0.720781
0.467945
0.617262
-0.679678
-0.362505
0.991027
-0.018953
-1.51625
1.67878
-2.01013
0.575412
0.937839
1.77574
-0.907622
1.84748
0.950986
-0.443059
-1.28329
-1.86971
-0.531724
1.65027
-0.343588
-0.638508
0.800319
1.35631
-1.49061
0.814836
1.30903
-0.256934
-0.126178
0.850077
-1.20169
1.38532
-1.38537
-0.190826
0.915087
-0.547735
1.63675
-0.667693
-1.32827
-0.491266
-0.941185
-1.83869
-0.166051
-1.12555
1.70999
0.330705
1.1354
-0.661717
-0.831486
-0.965905
0.676306
0.0837275
0.285727
0.858586
0.342102
0.217452
-0.920016
-0.725723
1.03359
-0.0228847
0.118748
-0.395481
0.666707
-1.05137
-0.186806
1.69965
1.14956
1.34113
0.486172
1.38348
0.190248
-0.844879
0.0210847
-0.625055
-0.348873
-1.14002
0.590662
2.0887
-0.2235
-0.644787
-0.996732
-0.236955
0.171911
0.151645
0.00306456
-0.770266
0.472663
2.52017
0.669485
-1.29552
0.819221
2.78988
0.0830572
-1.84329
-0.154995
-0.13894
-1.12402
1.30563
0.464482
-1.04207
-0.382439
1.33264
1.70043
-0.342639
0.514645
0.792236
-0.312902
0.646263
0.308866
0.280711
-0.576286
-0.326427
-0.460402
-0.945813
0.167595
-0.622298
0.988823
-0.100522
2.42
-1.13739
2.22272
-0.535199
1.00117
0.0258331
-0.370796
1.34058
2.02303
0.702954
1.59064
0.462477
-0.711855
-0.152352
-0.0328966
0.530112
-1.31319
-1.29166
-1.60669
-2.20918
1.09281
1.02275
-1.00468
-1.42036
-0.243007
-0.215538
-0.234866
0.210837
-0.249691
-0.135087
-1.22853
0.71989
-0.334645
0.305959
2.99595
0.425955
0.201749
-1.25726
1.04154
-0.0806103
0.843882
-0.332953
1.42127
1.61582
-0.321545
-0.744672
3.06918
-2.1763
-0.0400288
0.389647
0.252972
-0.488571
0.996788
-0.214308
0.589063
1.31967
-1.39634
-0.902073
-2.0047
0.558206
-0.772259
1.23491
-1.87387
-1.1468
-0.418076
-1.08715
-0.461737
-0.0837572
-0.868265
0.746647
0.3739
-1.0243
-0.106029
-0.272766
-0.759535
2.74132
-0.322327
0.465846
1.02882
-1.34491
1.93668
0.40791
-0.195987
0.733872
-0.666759
-0.26926
-1.79553
-0.431708
-0.352562
-0.0112305
-0.000437256
0.34339
0.120215
0.561888
-1.18097
-1.05382
-0.041523
0.524184
0.560588
-0.348573
0.708341
-0.715052
0.447324
0.819684
0.880603
1.08202
-0.85103
-0.706902
1.34232
-0.829114
0.551791
-2.45078
0.569999
-0.731587
-0.820417
1.00783
0.214749
1.03946
0.340838
-1.74713
0.678066
-2.02937
0.402217
-1.47878
0.163911
-1.0107
0.643839
0.10301
-0.848728
-0.0193546
1.55687
-0.0213048
-1.64391
-0.723769
-0.191832
-0.32995
-0.454729
0.561839
0.767743
-1.14318
-1.67195
1.29301
-0.224192
0.122944
0.382644
0.652493
0.134501
0.219552
0.373585
-0.810301
0.17023
1.1099
0.292596
0.0225315
-0.645883
-1.698
0.870321
1.6184
-0.326696
-0.606545
0.515198
1.70545
-1.22947
-0.0391663
-0.780315
-0.761293
0.0448899
-0.50671
-0.907436
0.0776021
2.2182
0.836429
1.5343
-1.36281
0.0660959
0.310659
-0.488245
1.37403
0.329612
0.265162
-0.187883
-1.4522
-0.58402
1.20113
0.151876
0.169963
-0.39421
-1.22784
1.94215
-2.08876
0.83534
0.0519931
-1.14151
0.573394
2.76958
-1.20435
0.574024
0.0778309
2.17037
0.756431
-1.68211
2.14017
-0.0267546
-0.877479
1.74272
0.130293
0.0549864
0.0250571
-0.207301
-0.437275
0.515198
-1.42339
-0.260828
0.913155
0.885267
1.61374
-0.42287
0.166198
0.894787
0.127084
-0.596898
-0.294096
-1.22688
0.671059
0.948978
-0.443676
-0.507775
1.1742
-1.60573
1.99033
-0.603602
-0.38551
1.25203
-0.793998
-1.9106
-1.48005
1.22749
1.5703
-1.71823
-0.533261
0.755307
1.26149
-2.28467
0.287598
0.569626
1.69141
-0.737276
-1.39689
-2.16458
-0.739355
-0.684503
-0.506991
0.609057
-1.03128
0.959185
-0.0189825
-0.122542
-0.218801
-1.06054
-1.09294
-1.28274
-0.608111
0.242239
1.29467
-0.343199
0.927361
-0.319724
0.793804
-0.350928
-1.24439
0.929572
-0.27761
0.279271
-0.467663
1.56646
-0.48424
-1.06297
1.04346
-0.0997975
1.6827
1.35289
0.310622
-0.451903
-2.66821
0.794335
2.15854
0.672702
-0.192133
-0.303239
0.402696
-0.409546
1.03317
0.279554
0.271798
0.393727
-1.016
1.59975
0.100585
0.774145
0.276978
0.661716
-0.744547
0.409432
1.45306
-0.322557
0.246718
-0.237983
-0.501084
1.53024
-1.92817
0.443727
1.40875
1.24688
-0.474593
0.391838
0.308921
-0.986245
0.587081
1.14563
-1.37704
0.447523
-0.324886
-0.612739
1.15682
1.52443
-0.470248
-0.110211
-1.06015
0.785963
1.70273
0.543009
-0.0463174
0.283025
-0.0424062
2.45872
1.75449
-0.271007
-0.139056
-0.225426
0.194594
-0.358637
1.14601
0.731952
-0.234298
-0.408346
-0.954945
-2.36527
-0.0699704
0.217548
-0.184224
0.204543
0.524157
1.76584
-1.08072
1.77958
1.36619
0.62501
-0.453543
-2.25972
-0.0226222
-0.947586
0.340635
-0.249327
-0.700378
1.18441
-0.433852
0.887186
0.464427
0.254306
0.225163
-0.487281
1.05072
0.260494
1.27349
1.13834
0.274522
-1.18138
0.917178
0.385531
-1.43879
0.0404884
-0.780039
2.15097
-1.79522
-0.988545
-0.434239
-0.318358
0.129725
0.458683
-1.29374
-0.362205
-1.81436
0.263674
1.10515
0.731688
0.606318
0.730836
-1.14058
-0.245214
-0.431542
-0.775289
-0.369408
-1.6227
2.59184
1.41365
-0.790576
0.680771
0.356305
1.63257
0.584608
1.94656
0.618068
0.641402
0.222267
-0.0408074
-0.285807
0.414765
-1.51154
0.165383
-0.960867
-0.751427
-0.0436471
-2.00886
-1.17033
0.409605
0.138688
0.0887194
-0.81438
-0.347273
-0.43048
0.584574
-1.65544
1.04156
0.44353
-0.367339
-0.59717
-0.600779
1.4062
0.1548
-2.27326
0.497972
-0.156965
0.686359
-0.98604
-1.68849
-2.57835
1.00508
-1.19493
-0.00603426
1.28521
0.237904
-0.0536405
1.35226
0.36599
0.34235
-0.51621
-2.21036
-0.643365
-0.0797661
-0.211366
-0.530164
1.8525
-0.646859
-1.64858
-1.09248
0.552397
1.77769
-0.349675
0.844118
-0.438118
-1.84027
-0.898297
0.66707
-0.338849
0.09988
1.47713
-0.672651
1.04431
-1.55181
-0.461411
2.42476
0.404772
-1.16087
-0.430417
0.426862
-0.180565
0.270465
-0.0823036
0.639318
0.807319
0.306594
0.861977
1.60436
0.310143
0.75558
-0.910098
-0.41178
-1.84091
1.03758
1.0136
-1.23762
-0.363518
-1.73946
-0.274974
0.594922
0.184665
0.917647
0.0173776
0.108314
0.159409
0.881804
-0.840137
0.0812443
-0.746505
0.72711
2.37198
1.13691
0.610539
-0.458287
0.418095
-1.70717
-1.28208
-0.718954
1.05508
-0.169025
0.211304
2.37752
-2.10156
-0.932109
0.60279
0.218871
1.28761
-0.22734
0.430182
-0.419122
1.9796
0.5978
-0.189938
-0.946837
0.263866
-0.362999
-0.374199
0.312653
-0.0415415
0.682466
-1.35312
-0.584116
-0.794926
0.568991
0.875358
0.226171
-0.525847
0.445322
0.914586
-0.66615
-1.33183
-0.429705
-0.557251
0.304189
-0.324154
0.782307
-0.847244
-0.656887
0.650423
-0.749496
0.656605
0.0310672
0.595973
0.92827
-0.257378
-1.23181
-0.773599
0.585608
1.45673
-1.82127
-1.34452
-0.625174
0.916228
0.25013
-2.48488
-0.0129046
-0.118241
0.72923
-0.479862
-0.72542
1.98284
0.154128
1.37179
-1.12878
1.63637
-0.568302
1.22645
0.0942726
-0.0562521
1.0513
-0.565129
0.170911
1.0388
-0.586511
0.79482
-0.777921
-0.548291
0.787108
1.07264
0.267483
-0.215774
-1.23931
-0.495956
-0.550824
0.610935
0.0156125
0.261329
1.00816
0.571099
0.143908
0.280203
0.37928
-0.764458
-0.193806
0.981592
-2.13739
0.31427
0.327894
0.938331
-0.494926
0.362379
-0.112919
0.246258
0.703845
-0.601616
0.576692
0.764182
-0.553906
0.725842
-1.52937
1.53445
-0.0756599
-0.209251
1.49781
0.336083
0.392173
1.01467
1.71491
-0.0414412
0.878693
0.1191
0.115326
-0.654316
-0.362521
-0.35367
0.215887
0.379193
-1.17935
1.35542
-1.88527
0.631662
0.203468
-0.720022
0.980835
-0.631261
-0.547351
-0.0851911
-1.24092
1.86653
-1.23475
-0.57436
-0.734434
-0.911367
0.966357
-0.522145
-0.984499
0.346571
-0.630726
1.01293
0.748153
0.580168
-1.81463
0.496916
-0.0126367
-0.246263
-0.495016
0.236883
-1.61044
-0.405524
-0.287466
-0.586252
-0.612972
1.81741
-1.60004
-0.672415
0.0104413
0.536705
-0.770644
-0.311774
-1.02982
-1.28119
-0.324996
-0.588563
-0.410578
0.0161424
1.30037
0.441001
-0.0199995
-0.0817269
-1.18326
0.391974
-1.25362
-0.0922537
1.03929
1.31615
-0.649743
-0.680247
0.584719
-0.266712
-0.300698
1.22095
-0.707386
2.11457
-1.38239
-1.51216
0.788236
-0.608399
0.249668
-1.87329
1.30935
-1.16252
0.440752
-0.421646
-1.50176
0.3402
0.420849
0.783842
-0.0169906
-0.638137
-1.71238
-0.0994802
-0.489868
-0.340235
-0.940362
1.25576
-0.734181
0.289771
0.617928
-1.06401
0.171644
-0.308847
0.500949
0.243165
-0.219463
-1.33857
0.377032
1.36644
0.338978
0.782568
0.0833476
0.788404
-0.665415
-0.342848
-0.388137
-0.935645
-0.187069
-0.553123
0.0685752
-0.66485
0.00629812
1.6136
1.37886
0.374904
-0.02752
-1.53054
-0.0365232
0.67475
-1.30124
-1.26486
-0.489838
-0.623432
1.27477
-0.488623
-1.96563
-1.12574
-1.01056
0.542886
0.605148
1.95824
1.72503
0.544352
-0.955345
0.156682
1.43953
-1.35774
-0.490844
-0.552203
1.09097
1.78181
0.72813
-0.470797
1.85086
1.55458
-0.319029
-0.489324
-1.10453
1.54614
1.20032
-0.938695
0.602741
-1.11141
-0.221938
2.07995
-1.38379
-0.166382
0.660659
-0.187807
1.23515
-0.919386
-1.36364
-1.01239
0.144735
0.443066
-0.722822
-1.55024
-0.0437365
-1.6578
-0.847333
-0.895982
0.114648
-0.731019
1.56845
-0.611626
1.21233
-2.14555
1.20103
-0.83616
1.32343
-0.529039
-0.470479
-0.774092
1.41293
-0.947176
-0.890201
1.01684
2.34631
-1.83557
1.88987
0.576723
0.327136
-1.29967
-0.14806
0.161491
0.276088
1.05435
1.24204
-3.07058
-0.450544
-0.915709
-0.569895
0.128738
0.374991
-0.112141
-0.436275
-0.478451
-1.06528
-0.2294
2.70726
0.56155
0.652888
0.54281
1.41991
-1.59108
-0.370138
0.52375
-2.27938
-0.609335
-2.0507
-1.08252
0.219074
0.0684086
-2.57941
-0.149497
-0.249923
-0.0806331
0.394232
-0.415576
0.28247
-0.999575
-0.112524
-2.12448
-0.487349
-1.09835
-3.04599
-0.76923
-0.680717
-0.191863
-0.145043
1.83348
0.641287
-0.925234
2.11393
-0.973514
-0.345672
1.62852
1.02954
1.29429
-1.20643
0.24278
0.0293771
-0.195717
1.48101
-0.188569
-1.48172
-0.413191
1.1852
0.393723
0.125443
-1.13217
0.396251
-0.224933
0.769269
-1.42301
-0.374204
0.292139
-0.437534
-1.13506
-0.0256292
-0.50439
2.3442
-0.00499185
0.460597
0.425476
-0.0277803
-1.21047
-1.25765
0.682746
1.08143
1.58746
0.287214
-1.83399
-0.547573
2.46533
0.925176
0.438779
1.27708
0.481609
-1.52698
0.176877
-2.0922
-0.0350557
0.639257
0.6957
0.673241
0.53703
0.594321
-1.07457
-0.238237
0.944907
0.145743
-0.109871
-0.0668115
-0.866684
-0.205447
1.80467
-0.038922
0.715761
0.920138
0.117716
0.223165
1.84688
-0.606135
0.91831
0.0811268
-0.302853
0.270123
-0.61307
1.95489
0.286755
1.93359
0.782673
0.961053
1.5269
-1.46736
0.172625
-1.68709
-0.058575
1.59783
-0.382063
0.0562071
0.284982
-0.0753902
1.27963
0.279654
0.21516
-1.43334
-1.6427
-0.331796
0.830225
0.111594
-0.247644
-0.761616
-0.270542
0.151732
0.507875
0.162517
-0.0430157
-1.01338
-1.0768
-1.27049
1.84434
-1.10676
-0.980025
0.951536
0.954256
2.91172
0.454931
0.810688
0.293902
-0.648291
-1.18014
0.647248
0.899453
-0.729426
-2.06568
0.627103
0.993363
-1.3417
1.00105
1.40446
0.661274
0.634172
0.332355
-0.492748
0.281985
-2.26525
-0.170811
0.737764
0.564914
1.44784
0.158782
-0.249203
-1.21495
1.57202
-0.0921052
0.614067
-1.03382
0.332144
-0.149993
-0.278091
0.907488
-0.618206
0.140884
-0.455591
-1.57385
0.245345
0.332539
-1.3233
1.60981
0.707973
0.53382
0.0752067
-1.72775
-2.01553
-2.17927
-1.42225
-0.633628
-0.303212
-1.51535
-0.827532
-1.42646
-0.127789
1.04931
-0.036001
-0.190564
-0.0362791
-0.446503
-1.81808
1.91048
-1.39321
0.00823957
1.53492
0.277154
-3.17187
1.81188
-0.548449
-0.613172
1.59849
-1.00886
-0.836831
-0.445122
-0.0840658
-1.41255
0.717711
1.77237
0.0496591
1.72984
-1.13898
1.07236
-0.120618
0.646562
0.392898
2.38362
-0.46588
0.461637
1.30047
0.989636
-0.898128
-1.59086
-1.76612
-0.370375
0.301867
1.02725
-0.0552137
1.11526
1.418
-0.0316736
1.28361
1.52916
1.57201
-0.556052
-1.57753
1.11432
-0.479433
-0.270338
-1.49991
-0.761147
0.771467
-0.626056
-0.0840375
1.38646
-0.114434
1.33249
1.01089
1.28838
-0.227315
1.38361
0.533894
-0.550044
-0.22331
0.14373
-2.82174
-0.467109
-0.825253
-1.58643
-0.835052
0.756311
-0.908457
-0.724528
0.346257
0.264209
-0.137256
-0.741859
-0.370545
-0.826443
0.0434493
-0.112303
-0.897197
0.800129
-1.19394
0.018163
-0.241558
-1.2839
0.0953448
0.791698
-2.09432
0.928105
-0.838402
-0.0704768
-0.333129
0.485176
-0.271501
0.736776
0.263948
-0.995971
0.168497
-0.0529896
1.06226
0.555902
-0.125314
0.103645
0.188742
0.643936
-0.912031
-0.171623
1.39156
-0.831714
-1.15078
-0.688213
0.750303
-0.822909
-0.0323092
-1.85377
-0.42123
-0.278472
-0.087423
-0.845556
0.942934
0.291828
-2.17801
-0.285764
-0.0426761
0.37141
-2.95275
0.0111136
1.23024
1.16392
-0.861188
0.972891
1.3692
-0.473504
0.546096
0.263301
0.986211
-0.164123
1.40243
0.550079
-0.440099
-1.55652
0.846599
-1.13656
-1.08733
-0.41627
-0.191085
0.384035
-1.2937
0.1861
0.931035
0.693758
-1.3721
-0.172049
-0.317944
0.532201
-1.18625
-0.817361
-0.27041
0.415634
-0.362287
-1.81645
0.781125
0.455272
-1.75362
-0.170783
-0.359699
-0.172797
-1.27717
0.324976
-2.61674
0.0852878
-1.28267
-0.643641
-2.27774
0.532392
-0.845776
0.36514
-0.184754
0.984228
-0.294613
1.21683
-0.878997
0.631823
0.0817944
-0.858899
1.15115
0.274777
-0.576781
-0.0774907
-0.688817
-0.125953
0.550646
2.65059
0.219772
-0.28272
0.705128
-0.821616
0.366572
0.0286339
1.0471
0.78661
0.394156
-2.13773
0.516615
-0.781941
-0.255339
-1.34431
-0.626987
0.0329078
-0.436943
-0.29428
-0.608244
-0.351345
1.27425
-0.614918
-1.76988
-1.41266
-1.21827
0.537517
-0.354585
-1.03825
0.0956287
-0.246219
-2.23425
2.19312
0.125812
-1.02379
1.55212
0.232222
0.362457
0.677344
-1.22156
-1.22329
-1.72992
0.835904
-0.843004
0.123662
1.15782
1.46242
-0.994079
1.62268
0.434118
-0.10001
-0.51881
-1.35372
2.45991
0.774087
0.613901
1.20412
-1.62526
-0.514947
1.28647
-0.0749525
-1.56651
-2.51666
1.28699
-0.756241
-0.520643
-0.576167
-0.400881
-1.27182
-0.584047
-2.09776
0.0857291
0.387868
-0.394056
0.352119
0.858757
-0.25867
-0.937243
0.154641
-0.464297
0.889215
-2.00936
-0.710012
-1.95434
-0.399766
-0.989
-0.0549159
0.931889
2.48804
1.48165
1.73687
-1.50944
-1.24301
0.0813629
0.766157
1.00901
0.756344
-0.0400576
0.261768
0.675044
0.510151
0.358568
-0.320946
0.0973566
1.50301
0.718478
-0.115649
0.696389
0.804716
-0.792157
-1.8547
0.135013
-0.0212735
0.600014
-0.940114
-0.816092
0.99694
1.30058
0.132735
0.0827161
-0.95169
-1.25663
-1.05424
2.74999
1.32167
-0.00958306
0.638334
0.108185
0.859407
-0.365478
-1.55567
-0.987344
0.0628758
0.100268
1.01181
0.792898
-0.113293
0.234957
-0.303234
-1.26132
1.20869
-2.17511
1.11913
-0.245025
1.13784
1.10208
-0.668242
-0.636771
1.40439
0.587572
1.47425
-1.17459
0.808679
0.00874206
0.412733
-1.54481
0.420093
0.104765
1.83835
-0.432014
-0.297743
-0.863028
-0.0557762
-1.83953
-2.17143
-0.0834847
0.559823
1.20001
0.0260797
-1.6442
0.752657
0.0825625
0.156226
0.710723
0.0726236
-1.13625
-1.08084
-0.923236
-0.45141
0.41649
-0.706803
0.232048
0.519721
-0.445977
-0.199457
-1.23189
0.145195
-0.329561
-1.13719
0.613586
-1.55089
0.646421
-1.37104
0.26922
-1.28429
-0.739263
0.697267
0.941123
-0.339718
0.315929
1.24484
0.0819997
0.877327
0.428759
0.0420053
-0.21618
0.841658
0.497151
1.98808
-0.360129
-1.03145
-1.24041
-1.27285
0.394248
-0.0238238
-0.106091
-0.130991
-1.32818
-0.662594
0.629122
1.09104
-1.05911
-0.287882
-0.43312
0.0274565
-1.13477
-0.130375
0.15198
-0.330804
-2.0683
-0.729449
-0.391308
-0.128973
-0.0967653
0.763572
-0.824579
-1.12827
-1.38307
0.0663547
-1.52439
0.317282
-0.382454
0.0670821
0.470343
-0.782192
1.03477
0.483152
-1.08112
-0.638777
-1.13197
1.71469
-0.147902
0.47067
0.402059
0.539871
-1.12135
-0.628116
0.146239
-0.362564
-1.12241
-1.39777
-0.950368
-0.517109
-1.01984
-0.857887
-0.891079
-0.953499
0.299264
0.0384947
0.343973
-0.698782
1.64136
0.204515
1.65287
2.19628
1.39952
0.438211
-0.203512
0.518803
-1.20264
-0.890103
-0.539329
0.174979
-1.3202
1.20113
-0.268756
-0.534912
0.17858
0.757359
2.02216
-0.115144
0.376062
-0.686397
-0.693168
1.13103
-0.13074
-0.525406
0.291809
0.739135
0.777665
-0.199576
-1.98403
-1.29347
-0.459041
-0.632401
-0.0626694
-0.971106
1.42368
1.22953
-0.176492
0.231154
2.01951
-1.93884
0.457491
-1.1344
1.35529
-0.0268187
-1.03268
-0.529834
0.315083
-0.0492563
1.4572
0.802815
1.43429
-1.36219
-2.48242
0.0574754
-1.21113
-0.523234
1.54488
-1.16496
-1.60789
0.246105
-0.380149
-0.181163
0.20105
-0.489271
0.565885
-0.539593
-0.352489
-0.964421
-0.386809
-1.07
0.592365
-1.39409
-0.118212
0.295642
1.23636
-0.135005
-0.253142
0.322748
0.919486
0.309182
0.176488
1.75694
-1.00202
1.45114
1.14758
1.58224
1.19508
0.0542228
-0.644012
1.46726
-0.755129
-0.143227
1.13692
-0.959463
-0.270994
-0.506442
0.276766
-0.355463
0.529461
-1.11138
-0.189709
0.458222
-1.58048
-0.151395
1.11906
2.4441
-0.848449
-0.342697
-1.98115
-1.33257
-0.108233
0.568434
-0.737592
-2.01975
-0.785469
2.09284
-0.381187
-0.934936
1.83248
-1.22279
-0.437058
2.07664
-0.698726
0.647065
0.020854
1.65648
1.95785
-1.96178
2.90912
1.60169
-0.0461045
1.08527
-0.0724795
0.122004
0.605574
0.173999
2.11647
-2.95792
0.172329
0.639674
2.259
-1.26302
-0.479945
0.691048
-0.290769
-1.3742
0.18645
-0.655238
-0.101694
-0.699658
-0.119471
-0.173177
1.61978
-0.401419
-2.61485
-1.49169
1.7082
-0.589306
0.159372
-0.140138
0.593106
1.20104
-1.60075
0.718092
-1.23149
0.677559
-0.997347
0.956141
-0.595845
-0.310794
-0.152849
-0.688112
0.275376
-0.410032
0.198262
-1.10089
0.381323
0.0916236
0.894483
-0.365103
0.816364
0.402762
0.784534
0.480337
-0.0397621
1.20164
0.175305
2.24494
-0.0183936
-0.0745387
-0.514764
0.753625
0.537481
-1.38369
0.606434
0.0286321
-0.240631
-0.998803
-0.0579757
0.537055
0.750561
1.20064
0.252324
-1.23702
0.171175
-1.11335
0.773028
0.156309
-0.691444
-0.279097
-0.16648
-0.475884
-0.928911
0.356647
0.0158325
0.354646
-0.443104
-1.49347
-0.0527962
0.528167
-1.81726
-0.314183
0.336762
-0.248627
-0.273193
1.57646
1.11811
0.128722
-0.51664
0.0311159
0.133737
0.990797
0.908094
1.54664
-0.214266
1.34071
0.187022
0.104959
1.74444
-0.623348
-0.0454522
-0.998028
0.738912
0.958989
0.32452
0.580639
2.33424
0.296127
0.78036
0.163702
0.399566
-0.310884
0.631391
0.241621
-0.932199
0.0254739
0.702551
-0.582833
0.167553
0.326917
-1.21931
0.126539
-0.491975
1.39642
-0.794252
0.104171
-0.415691
0.0465754
-1.58642
-1.52384
0.0322259
-0.277792
0.181593
1.95097
0.177093
0.159836
-0.664049
-0.602159
-0.176401
-0.860651
1.02727
1.82737
-2.21636
-1.18907
-0.126736
-1.62728
-0.550726
-0.788304
-1.05357
0.292431
0.257854
1.84708
0.717338
-1.18323
-0.71856
-2.02434
0.283424
-0.459872
1.67731
0.946603
1.73275
0.692419
-0.517309
2.00989
-0.2009
0.829436
0.774772
1.33336
2.92749
-0.554012
0.22724
-2.37303
0.661698
1.29922
1.34832
-0.258541
-0.516781
-1.35001
1.95917
0.941572
-0.505499
0.333491
-0.435136
0.375387
-0.879753
-0.823471
-0.520831
-1.50605
1.2474
-0.248138
0.193124
0.150562
-0.132767
-0.733525
0.850843
-1.70389
1.56993
0.902582
-0.374307
-0.204552
0.623689
-0.118182
-0.124199
0.713676
-0.00166213
-1.46801
-1.31919
-0.551445
-3.02858
0.737139
0.264109
-0.0905835
1.22436
1.15493
-0.625728
0.157439
-1.99986
-1.57368
-0.633617
0.288305
-0.186741
-0.415991
-0.0369564
0.639733
1.46598
-0.570085
-0.766477
-0.087555
1.20871
-0.026524
-2.81089
0.276814
-1.01713
-0.0749671
-0.825708
-0.700453
-0.951299
-2.12626
0.919818
1.49888
-0.38187
-0.0940892
0.0235107
-1.33224
-0.944725
0.326849
1.68805
0.359856
1.02457
1.01178
1.08861
-1.17992
1.83238
-0.12585
1.02062
0.739099
2.43073
1.21162
0.219916
1.40059
1.23183
-0.574931
0.000109624
0.440666
-0.548448
-0.495454
-0.805028
-0.657395
-0.898466
-1.29601
-0.320262
-1.15997
-0.689492
-0.112186
0.851167
0.891049
-0.086902
0.675081
-0.438632
0.699935
-1.8358
-1.21701
-0.818419
-0.907047
-0.715975
-1.12354
0.671313
0.314801
0.711071
-1.7897
-1.33547
1.58763
2.2234
1.08927
-0.623493
-0.560934
0.898099
2.97493
-0.432706
-0.624045
-0.645827
1.20952
0.0871741
0.398674
-0.985749
0.487459
1.05904
-0.737871
-0.75683
0.516269
0.0170382
-0.929995
0.337583
0.177574
0.360747
0.733524
-1.03553
0.106738
-1.44504
1.68389
-0.680095
-0.000546885
-1.35306
1.06235
1.91548
-1.24208
0.46837
0.507504
-0.0998373
-2.73528
0.676223
0.41906
-0.314637
0.747986
-0.212272
-1.46214
0.0268036
0.553437
0.0582535
-1.02258
1.70075
-0.234133
0.283777
0.14354
-2.1023
-3.12338
-1.14238
-1.4255
-1.43518
0.7582
0.757653
-1.41513
-0.14964
-0.739923
-0.183998
0.276415
0.668168
-0.315143
0.168875
-0.0587089
0.57511
0.657632
-0.0264579
-0.173774
-0.361583
-1.17056
-0.733349
0.395136
-0.372207
-0.205963
-0.389902
-0.311604
0.783335
-0.0238391
-0.38919
0.5801
1.59054
-0.26086
-0.438006
0.205194
1.66869
0.76687
0.706115
2.01806
-1.24192
1.43578
-0.745589
0.347116
0.14918
0.912665
-0.407554
0.420477
0.109434
0.891507
-0.87763
1.55766
-0.826103
-0.548857
-0.658749
-0.344364
0.847642
-0.232592
-1.09522
-0.378738
-0.233465
0.615912
-0.502211
-0.98357
1.67944
-0.0387859
0.904602
0.0725217
-1.60058
0.301513
0.429941
-0.926128
2.31364
-0.269965
1.08425
-0.248222
-0.872976
-1.35844
0.731565
-0.68794
1.52641
-0.31384
0.795745
0.567416
2.17874
0.340575
-0.09548
-1.66116
-0.00925203
-1.56429
-1.13729
0.435316
-1.38223
0.0175418
1.26903
-0.453442
-1.84585
-0.649245
1.41677
2.56327
-0.63276
0.968973
1.17873
0.0758018
-0.886593
1.41986
0.587998
-0.876993
-0.268516
-0.38777
0.0662297
-1.2261
-0.666952
0.788885
-0.876663
0.271459
-0.629685
0.508796
-0.489617
0.422532
1.646
0.477921
0.312255
-0.0307155
-1.37084
0.663433
1.6719
-0.247553
-0.971995
-0.361732
1.05513
-0.468914
2.44301
1.0476
0.912513
0.639259
0.814948
-0.612707
-0.326475
1.1281
1.50089
0.225108
0.933386
0.584628
1.38088
0.729599
0.6643
-1.53654
-0.787476
1.4347
-0.506667
2.52673
-1.38622
-1.62378
1.12143
0.823179
-0.753239
0.495292
-0.409848
1.05818
-1.60628
0.135063
1.02486
0.317427
0.780102
-0.0647659
3.60051
-1.5862
-0.323074
0.118006
0.477887
0.0802338
0.691336
-0.561251
0.0140511
0.990893
-1.59823
0.975767
1.21079
-1.24381
-0.459698
-0.46915
1.7233
-2.22334
-1.19306
-0.893039
1.34384
-0.531974
0.0952988
-2.43282
-1.11149
1.08195
-0.256834
0.51708
0.278298
-1.81475
0.0287613
-0.267601
-0.786748
0.564803
0.307396
0.304187
-0.963825
-1.86806
-0.00326889
1.165
-0.179352
0.281044
-1.51486
0.84885
0.389761
0.698682
-1.26548
1.78782
1.18679
0.685198
0.277162
1.65352
0.201936
1.20955
0.412062
0.302639
-1.56001
1.9496
0.151942
-0.0430298
0.206357
1.53358
-0.349678
0.813217
1.47631
0.910098
-0.329165
-0.882196
-1.96326
0.490352
0.36914
1.70094
0.395422
1.4091
-0.404531
0.244003
-0.980315
0.0598362
0.68399
0.845169
-0.698499
0.677284
0.391891
1.74998
-0.533693
-0.988571
-0.442982
-0.267325
3.08601
0.343595
-0.129159
-1.05096
0.690865
0.205602
-1.57995
-0.280716
-0.667938
-0.389021
-0.506832
0.532896
-2.18978
-0.746112
0.052211
-0.422012
-0.550895
0.517458
-0.112078
0.295386
-0.130974
0.763544
0.116432
-0.267804
0.957324
-0.729256
-1.11409
-0.069363
-0.167492
-0.0704541
1.41376
0.52908
0.0308762
1.20446
-1.30716
-1.43651
0.552953
-1.25228
1.74873
0.850297
-0.71558
-0.633723
-0.103902
-2.11336
0.0255545
-0.54279
1.42914
-1.52791
-0.259952
0.389932
-1.14715
0.00391937
-0.9642
0.036372
-0.0505442
-0.084006
-0.294521
-1.13015
-0.811361
-0.759234
1.06879
0.335597
-1.28902
0.517743
-0.0846248
-0.80767
1.23224
-1.03656
0.166224
1.15002
-0.821301
-0.477862
0.680136
-0.425587
-0.0921642
-1.72634
2.59742
-0.0473562
0.252301
1.57176
-1.58976
-0.687552
0.873984
-2.30508
-0.246208
0.401715
-0.0577183
0.429569
-0.205587
0.187406
1.12116
2.76497
0.870924
1.32617
0.861847
0.465776
-0.198516
0.291977
-1.22189
2.34042
-0.0613343
-0.280893
-0.350332
-2.02474
-0.0559229
-1.2922
0.189244
0.260946
0.542089
-1.32469
0.279842
1.78381
-1.81102
1.92657
0.288057
0.116998
-1.07616
-1.84581
-2.43617
-0.401513
-0.563827
1.24455
1.07885
0.70903
0.513546
-0.376058
-1.12648
-1.03339
-0.677954
0.234102
0.304949
-0.0338156
-0.455641
-0.988298
1.35691
-0.480727
-0.789833
0.413108
1.02528
0.116311
-0.136003
0.349986
-0.202874
-0.404161
-1.78296
-0.97898
-0.155465
0.480402
-0.207181
-0.633241
-0.493628
-0.800314
-0.143627
-0.512839
-0.331925
-0.684992
-1.04559
1.76438
1.59989
1.37647
-1.11564
-0.0610596
0.754002
-2.55225
-2.06396
0.143686
0.519227
-1.52782
1.12372
1.07953
0.261939
-0.0703765
0.406869
0.433129
1.45939
1.31395
-1.67274
0.609065
-0.858905
-0.56076
-0.950931
0.33199
1.72678
1.42074
0.518865
-0.16708
-0.934416
1.74077
0.339471
0.00846787
1.83762
-0.0970179
-0.425773
0.229399
-0.0739455
0.773743
-0.894358
-0.708424
-0.254869
-0.498439
2.03416
0.217569
-0.125362
1.71936
0.727712
-0.152124
-1.32929
1.0005
0.899456
0.478651
0.219975
1.78258
-1.97574
1.38565
-0.74602
-1.1769
-1.91842
0.594153
-0.267153
0.44972
-0.729212
-0.332109
0.488532
0.2322
-1.06147
-0.232373
1.07887
0.866995
1.1169
-0.705584
1.1027
0.455783
1.29561
0.419385
0.178408
0.171153
-0.150283
-0.766072
-0.786886
-1.11127
-0.25285
-0.484215
-1.17559
-1.90269
0.149004
-1.03632
-1.70987
-2.90425
-0.611258
0.839028
1.38186
-0.967193
0.727899
-0.764481
1.1234
-0.188666
-0.961183
0.354723
0.990128
-1.22118
1.01189
0.114584
-0.288962
-0.777846
-0.787468
1.00343
-1.39152
-0.718084
0.773979
-1.76108
-0.701077
1.40173
-0.566674
-1.35999
-1.62985
0.143261
-0.527641
-0.085556
0.160604
0.433069
0.637086
1.50735
-0.599801
1.71292
-0.414339
-1.41368
0.369975
1.34659
-0.222057
-0.53261
-0.275719
1.32389
-0.444392
0.837174
0.2275
-1.30214
-0.492373
-0.364052
0.502769
-0.981881
0.166628
-0.517976
-0.102869
1.42086
1.12855
0.399083
-0.669808
0.44803
-1.38251
-1.61037
1.87582
1.60439
1.2913
-1.1513
0.586517
-0.00101681
-0.675213
0.140115
0.240589
-2.84222
-0.539538
0.524958
-0.0733142
1.69455
-1.04219
0.180979
0.824366
1.13543
1.34154
0.73534
-0.67492
0.369321
0.0211585
1.82051
-1.10627
0.341382
0.226662
2.4341
-1.34802
0.741696
1.26258
-0.175754
-0.515393
1.25217
-0.750733
-1.71025
1.17841
-0.382309
0.691276
-0.828538
-0.451266
-0.429667
-0.88349
0.693972
-1.28154
-0.33632
-0.0644871
1.36937
-1.58782
-0.299974
1.23573
-0.358519
1.13782
0.646191
1.86006
0.405712
1.035
1.04938
0.221628
0.738989
0.128975
0.223597
0.913315
-0.19664
-1.27208
-0.233719
-0.204957
-1.59331
0.574307
-1.16407
0.170417
0.0198521
0.636936
-0.0606277
1.26799
0.842942
1.09171
1.4215
1.41711
-0.0355307
0.384096
-0.0159527
0.0232516
1.89819
0.494521
0.871506
0.0940368
0.808147
-0.169251
-0.0113768
-0.0153856
-0.308407
-1.22952
-0.694498
1.44002
-0.526057
-0.616342
-0.0586989
1.03883
0.42502
1.4439
-0.625508
0.400586
-0.57036
1.75791
0.123448
-1.66136
-0.997333
0.0709626
-1.45452
0.283378
0.868005
0.086139
0.549491
1.7694
0.192981
-0.707278
-0.143417
-0.0406695
0.581177
-0.941175
2.31396
0.781983
0.712943
0.451372
1.04165
0.305444
0.43199
2.18007
-0.268659
0.305908
-0.196169
0.880615
0.332156
0.491816
0.777378
-0.978872
0.366127
-1.44565
-0.910541
0.707735
-0.190512
0.289447
0.138924
-0.347287
-0.380379
0.813259
0.453321
1.00674
-0.666124
0.250396
2.44612
-0.308647
1.00627
-0.545085
0.868416
-1.2139
0.390196
2.85956
-0.883821
-0.463224
-1.5336
-0.117417
-0.815883
-0.117015
-1.11273
-0.546353
-2.63104
0.296546
-0.506995
-0.499863
-0.690051
0.654426
0.0595928
-1.03279
-0.971494
-0.619271
-1.49151
-0.0777846
1.06026
-0.701019
-0.816106
-0.778089
0.820171
0.07588
1.06067
1.23816
-1.64626
-0.760914
0.483585
2.18883
-0.960211
0.182405
-1.24175
0.209354
0.611467
-0.30412
0.512425
0.208723
-0.271214
-1.00717
0.602824
-1.79313
-1.55145
0.42509
0.137194
-0.717741
1.36637
-0.147007
0.846792
-1.00265
-0.645202
-0.371901
0.544584
0.774446
-0.431907
1.85843
0.0751857
-1.03523
-1.30082
-0.147019
-0.109573
-0.901258
-2.07284
0.344576
-0.0240453
1.13528
-0.109422
1.55491
0.650435
-1.91985
1.01264
1.71819
0.3134
1.48876
0.425096
1.23132
0.491149
0.299356
-0.738401
-0.194824
0.212793
0.351322
0.514024
0.668581
0.583501
-0.366595
1.10869
-0.49599
0.302265
-0.31755
-2.63113
-0.560316
-0.392632
0.503436
2.26682
0.79391
-0.24197
1.22043
0.0451135
-0.0856414
0.928011
-0.165769
0.0723539
-0.736033
1.75987
-0.197174
-0.797909
0.959642
-1.69152
-0.381574
0.118791
-1.04141
-0.68476
-0.612815
-1.28587
-2.00804
-1.05811
1.68647
-0.188996
0.943267
0.988864
0.198823
-0.0596591
-0.690087
-1.23899
0.654053
-0.0714965
0.945967
-1.08537
-1.75319
-0.972869
0.743795
-0.171961
0.726081
1.00101
-2.27191
0.407938
0.173014
-0.30684
-0.0928773
0.642897
-1.24179
-1.48987
0.458519
-0.600348
0.502676
1.32582
-0.109242
-0.331887
-0.659879
1.77211
0.228474
0.6449
-0.673855
-1.06797
-0.63001
-0.754017
-0.00211422
0.266747
-2.63028
-1.99432
-1.64897
-1.07598
1.14609
0.178255
1.48981
-0.166905
0.321668
-0.429272
-0.815464
-0.662332
-0.696104
-0.350791
-0.54804
-0.732982
-1.04969
0.53943
1.26991
0.456128
-1.33552
0.114329
1.9743
1.49163
0.692647
0.53907
0.807719
0.126894
2.56952
0.240813
0.368943
-0.972437
1.43485
0.665367
0.314944
-0.0629807
-0.912255
1.56174
1.0905
0.133812
-1.38362
-1.63395
-0.392733
-1.9449
0.333527
-0.301452
-0.276803
-0.513326
-0.121815
1.30453
0.0298131
-0.954252
0.199678
1.17151
-0.540676
-1.01378
2.03847
-0.349744
0.155324
-0.130039
-1.20415
0.221081
-0.838452
0.365462
0.346089
-2.46045
0.802843
-0.117607
0.847324
-0.30989
0.777452
0.457415
0.478497
0.611494
-0.557804
-0.297381
-0.235363
-0.0735123
0.478733
-0.879681
-2.4689
-0.907606
0.376479
-0.875968
-0.205626
-0.570265
-0.665761
0.719338
0.519454
-0.15205
1.21556
-1.2103
1.3312
-0.797123
-0.33367
0.478995
0.499402
1.11051
0.473301
0.388109
-2.85053
-0.356121
0.120823
-1.82298
0.913884
-1.25074
1.02456
0.642311
1.21733
-0.820916
0.376011
0.110756
0.326881
0.361496
0.139633
0.215391
0.393166
-1.71492
-0.470869
0.555944
-0.269874
-1.0441
-1.87618
-0.33357
0.942179
1.59613
-0.568377
1.36237
1.32474
2.45862
1.32072
0.7167
0.901623
-0.306339
0.889354
0.51036
-2.36184
0.492479
0.766263
-0.822885
0.295373
-0.968171
-0.00130532
-0.509535
1.64724
-0.263243
-0.370733
0.205755
-0.547202
0.358521
1.3422
0.302309
0.722375
-0.0719523
-0.769821
1.32638
0.0733497
0.405819
0.00447001
-2.08839
-0.21063
-0.621658
-0.18142
2.74936
-0.747065
-1.13752
1.10477
1.42383
-0.185227
-0.806176
-1.48841
0.448702
0.504884
-1.63414
0.225175
0.917197
-0.504346
0.270041
-0.992503
1.3669
-0.0390934
0.367036
-2.13917
-0.182161
0.235566
1.87224
1.81395
0.768065
1.48908
-0.638301
-0.427585
-1.29619
-0.357828
-1.38825
0.383538
-1.14961
-0.244718
-0.922115
-1.38213
0.922191
0.386471
0.424918
0.171894
-0.841567
-0.935326
0.274111
2.1056
-0.603538
0.235131
-1.2546
0.194732
-0.839812
2.45257
0.827936
0.695898
-0.607465
-1.62713
1.05518
-0.160946
0.0538591
-0.864972
-0.302121
1.91676
0.219011
0.240956
-0.204995
0.117787
0.318789
0.210104
-0.524026
-0.702975
0.126508
0.65903
1.50161
1.21054
-0.950801
-2.05123
-0.611736
-0.0147997
-0.683014
0.112811
0.666955
1.43344
-1.69305
-0.330547
-0.237443
-0.0137732
-2.0577
0.722416
0.78589
1.10089
-0.0961397
-0.649711
0.676549
-0.0164358
-0.726578
-2.65208
-0.526975
-2.27218
0.951494
0.49801
-0.992164
0.868878
0.126397
-0.348799
1.40447
-0.731273
0.32993
-1.09106
-1.54528
-0.935696
0.365241
-1.73226
-0.484486
-1.32996
-0.432773
-1.09503
-1.48356
1.19256
0.571724
0.0578309
-0.756552
0.824066
0.344565
-1.27257
-2.02373
0.907209
-0.0692092
-0.875407
0.980274
0.0366378
-1.13765
0.987566
-0.970095
-1.8552
-0.301428
-1.68954
0.902868
-0.70763
0.514098
-0.178415
0.258243
-0.0322605
-0.0775053
-0.332463
-1.16169
-0.661726
0.995119
0.334936
1.43156
0.93222
0.155627
-1.3739
2.44107
-1.20801
-0.00952611
0.908025
-1.2498
-0.156644
-0.535028
0.849344
-0.18242
-0.448869
0.733733
-1.65353
-0.591503
1.3565
0.268275
-2.10282
-1.8129
-0.257547
-0.858495
0.306835
-0.521045
2.04551
0.258853
0.186437
-0.506828
0.331927
1.12203
0.0455484
1.33278
-0.571039
0.179967
-0.46514
-1.64022
-0.27101
-0.164963
0.139021
1.11857
0.279632
0.152043
0.465314
-0.861275
1.09329
0.0147096
-2.15144
-2.47058
0.852915
0.0469554
0.823066
0.545185
0.503136
-0.104453
-1.57655
2.24164
-0.252757
-0.970074
1.21799
0.147467
0.328269
-0.991372
-0.169344
-0.851343
0.384188
0.606497
-1.07739
0.249746
-0.0740648
0.781302
-0.896463
-1.58124
-1.37208
0.300894
-0.918693
1.82984
0.751824
-1.35336
-0.755241
0.290342
-0.898703
-0.451646
0.934006
1.00706
-0.0209382
1.53954
1.40811
-0.544693
-0.22589
1.19545
-0.329996
-0.595557
0.885882
0.561651
-0.855029
-0.581712
-1.76803
-1.86223
0.673939
-0.70668
1.36995
-0.0881751
-0.922893
-0.605275
-1.28955
-0.935116
0.364781
-0.463351
0.201558
0.264027
1.08636
0.549548
0.260832
0.306961
-1.53681
-1.80357
1.53598
-1.49759
0.613756
0.636262
-1.11273
-0.273958
0.974596
1.46043
1.39734
0.788205
0.772806
-0.242377
-0.0819887
0.901341
-0.28187
0.355994
-0.420665
-1.20439
-0.606537
0.026226
1.09364
1.57788
-0.334444
1.36745
0.915184
0.793565
0.6446
1.11114
-0.48452
1.88842
1.3417
-1.06651
0.0977069
-0.703751
-0.547667
-0.417296
-0.349135
-1.48425
-0.219574
0.872084
-0.062432
0.639216
-0.237093
2.09732
0.00605125
-0.482473
-0.512827
0.419526
0.380275
0.00991513
2.24905
0.475984
0.638741
-0.184558
-0.0147129
1.28528
1.21385
-0.128729
-1.08339
0.597228
-1.29851
-0.654414
1.64522
1.01061
-0.295351
-0.583705
0.498318
0.439139
-0.0416676
-0.252664
0.61937
0.364085
0.793877
-0.950711
-0.164549
-1.17153
-0.614252
-1.52588
-0.576133
-0.703864
-1.30958
-1.13584
-0.785771
-1.04495
-0.034168
-1.26111
-0.79243
0.612245
-0.132547
-0.658638
0.0571038
0.014369
0.804719
0.0109819
0.516995
0.49623
0.433697
-1.42985
-0.655565
-0.0174026
-1.1461
2.01999
0.440851
0.352839
0.885086
-0.935539
1.34965
0.639827
-0.234221
0.741092
-0.514751
0.144204
-0.033068
-1.44046
-0.594673
-0.0884802
-1.11292
1.16102
0.310685
-1.06867
0.696774
-0.778747
-0.445809
-0.933593
0.0909166
1.31698
-0.835497
-0.458147
0.870149
0.747171
-0.0782287
0.0658537
-0.461847
1.83558
0.633801
-0.217595
1.05821
0.942529
-0.235356
-0.907725
-0.380254
1.09155
0.509645
-0.363455
-1.93169
-1.26184
2.90175
-0.439732
0.613707
0.303322
-0.482874
0.0322689
-0.192416
1.01563
-1.7872
-0.792009
-1.18084
0.310423
-0.439827
-1.22454
-2.3073
-0.790874
0.805838
0.100762
2.64625
-0.230431
-0.0352541
1.07757
-1.72981
0.771007
2.77448
-1.21528
1.45745
0.493632
-0.509392
-0.61434
0.998964
-0.435773
0.277205
-1.33268
-0.666498
0.726131
0.0773842
-1.45238
0.352844
-0.604441
-0.0804016
-0.375099
1.37175
0.0157574
-0.286575
-0.17632
0.428875
1.80894
-0.286982
-0.956135
-0.69754
-0.815676
1.43003
1.03605
0.0813482
-0.482979
-1.19142
-0.292748
-0.161766
-0.458178
-2.34874
-1.00443
-0.686719
-1.12905
-0.308914
-0.236547
0.179195
0.754929
0.640061
0.274295
-0.202977
-0.695741
0.0146567
0.0978083
-2.50666
-0.837139
-1.99365
1.65051
1.76375
-2.10292
-0.0276973
-0.40282
-0.555242
0.0565898
0.973358
-0.826716
-0.0401859
-0.857602
0.172324
1.40051
-0.966443
1.22758
1.76881
-0.409831
1.24249
0.222412
-0.792067
0.739051
0.865217
1.31466
1.37294
-1.38303
0.32405
0.394942
-0.626315
-0.555074
0.100645
-0.397901
0.18619
-0.38188
-0.0166203
-0.541686
-0.695409
1.4228
0.778136
-0.932861
0.649624
1.40608
0.256283
1.8299
-0.524443
-0.73985
-0.928209
0.439943
-1.17508
-1.20844
0.144882
0.376678
-0.472444
-0.0838253
-0.29936
0.921735
0.924935
-0.30656
-0.248735
0.0287281
-1.03123
0.311372
1.87332
0.433285
-0.964227
-3.02872
1.33241
-0.74807
0.267137
1.02941
0.609232
1.70295
-0.901873
-0.516103
1.0879
1.01869
-0.269179
1.51295
-0.325739
-0.781128
1.40639
1.31177
-0.373344
-0.797027
-0.790136
-0.0888465
-0.0214259
0.19753
0.160813
-0.784189
-0.482115
0.440786
1.011
0.175288
-0.000930846
-0.291984
-1.31664
0.937539
1.37853
0.424431
-0.259951
-0.852952
-1.34018
-0.971153
-0.039475
0.602268
-0.277966
-0.269394
-0.561004
1.04054
0.484979
0.0752466
-1.06529
1.33673
-0.797721
-0.522865
-0.103208
-0.452074
-0.608996
1.01454
0.130428
0.797681
-0.745327
-1.49878
-0.96764
-0.251072
-0.014282
0.719196
-0.0154186
0.878472
0.22706
0.946284
0.822851
-0.265659
-1.44306
0.531321
0.599768
0.556032
1.12739
-1.6681
0.7084
-2.16641
-0.962859
1.2234
1.15047
-0.524157
-0.113092
1.06797
0.240504
0.0962853
-3.05666
0.853759
2.2219
-0.855141
1.64958
0.369333
-1.85921
0.987996
-0.30332
-0.855133
-2.30698
-1.05124
-0.528415
-0.342052
0.0652168
1.62762
-0.939823
-0.145436
1.55529
-0.32638
-0.26021
-0.702658
-0.136899
-0.148642
0.320114
0.519971
1.01037
-0.77351
-0.150066
0.198923
0.38731
-0.316422
-1.18592
0.204662
1.66028
0.63975
-0.746038
-1.23338
-0.258942
-0.75642
-1.14237
-0.395198
-0.457705
-0.738107
-0.502649
0.0845746
-1.25504
-0.998894
-3.05329
1.34797
0.965958
0.511037
-0.637096
-1.3695
0.102847
0.0243528
-1.15338
1.06759
0.764609
0.537224
0.911635
-0.262091
-1.74439
-0.0109878
0.163962
0.256688
0.256142
-0.0106266
0.623208
0.210331
0.547382
1.45671
-0.00808374
-0.656403
-0.0447117
-1.3842
0.538258
1.27464
-0.326319
-0.689983
-0.468498
-0.774861
-1.75982
-0.0627683
0.187397
-0.118085
0.863295
-1.92946
-0.80099
1.61038
0.995819
-0.744945
-0.402818
-0.998633
-1.66982
1.95621
-1.60093
-1.58089
0.116952
-0.903459
-2.9065
1.88721
-2.79683
-0.105656
1.2095
-0.552859
-1.15615
-1.2372
1.96361
-0.469848
-1.558
-0.38226
-0.682471
-0.4117
-0.341515
-1.00753
-0.397704
-0.423806
1.52749
2.67692
0.902874
-1.20181
1.94184
1.21401
0.214289
0.33368
0.294308
-1.28648
0.400991
-1.32772
-1.54555
1.79139
-0.594091
0.829452
1.52522
-1.02237
-1.062
-2.29792
-0.564214
1.87834
-1.8346
-0.706139
0.0686011
1.09231
0.955096
0.141328
-0.571731
0.508408
-0.146657
0.0767392
-0.53652
-0.0273649
1.56829
0.0751431
0.287129
-1.4007
-0.58654
1.08501
-0.913423
-1.24297
0.115364
-1.19031
-0.105472
0.405393
-0.117083
0.114967
-0.838221
-0.954062
-0.355193
0.21194
-0.896073
-0.377425
0.0743531
0.29864
-0.126656
-0.635846
-1.18277
0.901416
2.86559
-0.173061
0.58677
-1.26255
-0.913546
1.03539
-1.69345
0.200851
1.00522
0.373235
0.0511769
0.137308
-0.393093
-0.283689
-1.23949
-0.325087
-0.233458
-1.28061
-0.137165
0.51937
-0.274827
0.385419
1.42264
-0.177416
0.661252
2.64289
0.200944
1.31419
1.56618
1.16439
0.296056
1.28961
-1.47459
1.48858
1.33888
-0.302382
1.25685
-0.900196
-0.323346
-0.759864
0.437951
-0.12138
-0.209963
-0.783284
-0.306186
0.143248
-0.221134
1.47192
-0.569666
-0.24565
-1.64144
0.72739
1.15301
-0.485346
2.05103
-0.0696791
0.799186
-1.28674
0.711014
-0.357723
1.10574
-0.157543
-0.833542
-0.0315731
-0.828244
-1.27642
-0.162605
-0.649191
0.727616
1.51576
0.0112755
-1.20052
1.38798
-1.52172
-0.421252
-0.00553825
0.409829
-2.43001
1.53806
-0.127091
1.96231
-2.44176
-1.3945
-0.0248224
0.147887
-2.85375
-0.745663
0.791942
-0.345252
-0.397959
-0.605536
0.679617
1.10722
-1.13722
-1.03213
-1.97669
0.875435
-0.280471
1.06607
1.37927
-0.181759
1.26586
1.60312
-0.0705293
-0.62248
1.31645
1.28835
-0.685295
1.09329
0.00449676
0.667907
0.0518602
-1.67885
-0.578968
0.7305
0.407728
-0.0999476
-1.56548
0.544179
1.47811
0.59952
-0.17745
-0.353414
-1.63601
-0.261282
-0.653725
0.734873
-1.23885
-0.776064
0.890811
1.7229
-1.80761
0.405391
1.39776
-0.661226
-1.01893
0.748478
0.715959
2.63701
0.493247
0.728843
-0.902731
0.750942
0.229549
-0.405866
0.646158
-0.351599
1.16168
-0.974341
-1.8757
-1.27163
1.00029
0.783047
0.0562725
0.00154738
-1.07048
-0.490409
0.970218
1.18412
0.502112
-1.13477
0.144246
0.0829995
-0.369241
0.549265
0.8242
0.251355
1.66358
0.4719
2.0014
-0.735054
-0.220429
-0.830625
0.33778
0.622513
1.1942
-0.686646
1.67377
-2.207
-0.974229
-1.36471
-0.569552
-0.523329
0.21808
0.869289
0.786646
-2.09933
0.0960712
-0.965405
-0.254932
-0.108063
-0.584846
-0.935048
0.267375
-0.417755
-0.680314
-0.889021
0.293211
0.215211
-1.94468
3.15461
-0.244041
-1.03881
0.720951
0.70461
0.574172
1.57529
0.0355335
0.0942685
0.847967
0.329616
-0.414545
0.865805
1.6549
0.235034
-0.250377
0.0443087
-0.352448
-0.551485
-2.45758
1.5217
-1.50274
0.105575
0.0662866
-1.38381
-0.468875
1.11039
1.28437
0.40517
-1.00408
0.410401
0.650695
0.641487
-0.391291
-0.227099
-0.764235
2.03708
-0.0895876
0.308073
0.746861
-1.32149
0.033327
-1.9857
-0.984453
0.00632076
0.158357
1.29126
0.168772
-0.723068
-0.430569
0.942333
1.1842
-0.120239
0.351227
0.0608856
-0.626079
-0.0319218
0.164062
0.476223
-0.352672
-0.773658
-0.357048
0.681497
0.0704471
-1.50921
1.70724
-0.436959
-2.45091
0.0387453
0.412851
1.6712
0.186251
0.0542243
0.0593781
-0.551979
-0.169735
1.00301
-0.651963
0.116401
-1.35287
1.55612
0.744465
-0.231653
-0.428823
-1.74478
0.315895
-0.092606
-2.85307
-0.265626
-0.00945591
0.615455
-0.535019
-1.01153
1.57781
0.397319
-0.652547
0.700092
-0.297351
0.512282
-0.0967416
1.08517
0.407659
-0.209031
0.39947
-0.76984
-0.221609
0.420847
-1.00929
0.775235
0.692286
-1.0676
0.468652
1.22653
2.03507
-0.979557
0.833396
0.0470472
-0.2786
-1.14468
0.0742298
1.13926
-1.25699
0.174589
1.03442
-0.631687
-0.215358
0.265011
1.68582
1.4841
-0.571378
1.30499
-1.5454
-1.52255
0.337747
0.509246
-0.0760132
0.0194227
-0.835113
-0.0982044
1.4658
-1.4871
0.929923
-0.00890859
-0.620303
1.31326
0.497767
0.449712
-0.509719
1.33413
-1.01128
-0.866766
-1.9008
0.1038
0.899238
-0.273162
-0.445365
0.510748
0.2092
0.26207
1.23552
0.200874
1.09431
-0.199164
-1.48087
0.427387
1.11133
0.0368725
1.58862
-0.779386
0.586753
0.228346
1.32681
-1.16864
1.24558
-0.606399
-0.564565
-0.323539
0.636402
-0.857631
0.66946
-0.552351
-0.558269
-1.72022
0.00844025
0.418162
2.19999
0.863275
-1.34429
0.570614
0.35737
2.82274
1.31967
0.14781
0.365172
-0.276678
-0.727456
0.817384
-0.948387
-0.633894
-0.0330508
0.0275741
-0.827538
-0.883612
0.418678
-0.563141
0.0118112
0.873268
0.244071
0.620856
-0.0999704
1.86764
-1.82554
-0.606972
-0.274521
-0.120221
-0.701324
-0.688548
0.399395
-1.36367
0.236448
-0.901358
0.190352
0.727383
0.762038
-0.648267
1.06604
1.19971
-0.971204
0.757247
-0.618599
-0.33
-0.251614
-0.0519074
0.431299
-0.483136
-0.94696
-1.34577
0.999469
1.18142
0.485819
-1.42976
0.988746
0.178945
0.766175
-0.616336
0.266745
-0.544335
-0.879914
0.0366557
0.981585
-0.0736319
-1.87684
-1.15004
-2.01955
2.13096
0.184318
-0.165008
-0.590897
-0.263931
-0.555621
0.795482
1.80346
0.902036
-1.3405
0.876264
-1.11159
2.15754
1.60889
-0.056008
0.732411
-1.64642
0.804193
-0.084919
-1.5128
-0.503278
-0.307398
-0.775026
0.448644
0.109694
-0.0782537
0.89451
0.905007
1.74469
-0.322531
0.480215
-0.364869
-1.25987
0.11437
-0.189512
-0.131268
0.332537
-0.084119
-0.505769
0.220833
-1.60432
0.773255
0.0999112
-0.664512
1.10045
0.587396
-1.83661
1.91937
0.422166
-0.312201
0.410495
-1.51957
0.313596
-1.31675
-0.823049
-1.09221
0.415712
-1.34454
1.15848
0.639705
2.08751
-0.620802
1.12905
1.21331
-0.667026
-1.90626
-1.53716
0.0153904
1.32218
-1.12241
-2.54384
1.66301
0.842963
0.782747
-0.0948028
-1.08894
0.817539
0.409153
-1.40496
-1.82529
-1.29376
-0.0270787
1.35425
-0.322137
0.3818
0.0477911
-0.509414
1.74357
0.0209692
-1.23925
-0.307036
1.26862
1.34043
-0.325759
-1.52306
1.85217
-1.63085
-0.0570163
0.824601
1.94697
-0.0568681
-0.455325
0.149333
0.584823
0.440474
0.391868
-1.39739
-2.62006
0.536353
1.02183
0.36122
0.811481
-1.79963
1.52152
-0.455884
-1.14837
1.02987
1.13344
-0.135166
-1.89207
-0.884699
0.168351
0.114449
0.49243
-0.22514
-0.539473
0.741776
1.80268
0.314804
-0.739088
-0.390477
0.563693
1.08458
-1.00718
-1.69509
-0.0922957
0.756156
0.385279
0.466456
1.00086
-1.13236
-2.8051
-1.26717
-1.10628
0.437245
0.545798
-1.50972
0.656274
0.588779
0.308936
-0.683071
-1.44548
-0.400264
-1.50495
2.34592
0.407635
-1.06012
-1.21698
-0.549795
-1.70213
0.198127
0.0523288
0.864645
-1.65211
1.29352
2.30621
0.104019
-0.0652922
-0.410543
-0.40353
0.395694
0.840743
-0.5298
-0.154712
-2.17943
0.000526024
-0.979582
-0.29519
-2.37442
-0.988944
-0.474783
0.103583
1.29745
0.158539
0.120281
2.76876
-0.82542
-1.52279
-0.141928
-0.10339
-1.50475
-2.12382
0.16914
1.07759
-0.405353
0.415734
1.44106
1.36676
1.25474
-2.00305
0.894764
-0.779461
0.962771
-2.4069
0.475914
0.359324
-0.347183
-0.656347
0.255714
-0.479442
-1.05956
-0.169652
-1.22316
0.101917
-0.806349
-0.434915
0.478843
-1.40224
-0.389713
0.430952
-1.10797
-1.44045
-1.61004
-0.429618
-0.432685
-1.25134
0.428417
0.88624
-0.619733
-0.0570854
0.0273533
0.470959
-1.54475
-0.620593
-3.25919
0.405837
-0.255928
-0.734214
-0.0666899
0.219997
-0.359897
0.928745
0.277411
-0.839277
2.74653
1.95289
0.659697
0.570886
0.00966433
1.13029
1.20487
-1.106
-0.706772
-0.50015
1.23577
1.82259
-0.769666
1.85781
0.92839
1.26736
1.70037
-0.410805
0.0284653
2.33602
-0.121757
0.0595764
-1.69163
0.00459608
1.39805
-0.0992357
-1.16255
-0.51391
-0.166609
0.244099
0.5682
0.829717
1.02546
0.549076
-0.638956
-0.720298
-1.29861
0.742803
-1.28879
1.06066
0.437744
0.41595
1.293
0.226836
-0.848169
-0.524647
-0.445898
-0.356603
-0.58717
0.905631
-0.0932884
-0.164365
0.422093
1.48077
0.0202273
-1.3451
-0.185444
0.270966
-0.997907
0.115258
-1.0719
-0.606833
0.412867
-0.721359
1.97943
-0.974271
-1.96524
0.380054
-0.444414
-0.498434
-1.45206
1.15719
-1.02498
0.292664
-0.491299
0.268112
0.53613
0.103924
0.851105
0.386807
1.40507
0.892955
-1.34816
0.0669478
-1.46092
-1.75382
-0.107006
1.69626
-0.177659
-1.16242
0.572622
1.10375
0.600558
1.32988
0.419782
1.52352
-0.386947
1.08196
0.156395
1.19669
-1.16827
2.00754
0.175942
1.35411
-1.51353
-1.81008
-1.02822
-0.200109
3.27602
1.66666
0.319814
2.69978
-0.252813
-0.4162
0.83642
-0.13109
1.3226
-0.736641
1.32927
1.72153
1.18578
0.804479
1.62971
-1.97157
0.371334
-0.347908
0.0551496
1.01432
0.777685
-0.885947
1.00761
0.271085
0.206278
-1.1954
-1.26523
-0.0337151
0.78291
-2.13199
0.376471
-1.63003
-0.169445
-0.201689
0.632793
-1.34445
-0.958998
-0.309163
-0.957773
0.613895
0.389014
-2.57807
-0.679424
1.06145
0.24524
-0.633699
0.427717
-0.689745
0.443168
-1.29171
-0.645537
1.78055
-1.05218
-1.22643
0.588858
-0.407067
1.14362
-1.40947
0.0590197
0.276997
-1.41274
-0.841698
1.13706
0.560627
-0.275896
-0.943935
-0.40814
1.32312
-0.594212
-0.755802
0.723044
-0.378756
-0.669388
0.233687
0.950197
0.0574267
-0.632818
0.162409
-0.478633
2.0704
-0.090622
0.440666
0.352448
1.08216
-0.903131
-1.17369
0.00832999
1.4052
0.284599
1.92118
0.499156
0.36248
0.496202
-1.26021
-1.02345
-0.0563351
0.0879671
-1.1081
-0.230399
-0.421019
-0.649558
-0.0207872
-1.0295
0.73806
0.285763
-1.00248
0.521201
0.121203
0.372624
-0.912103
-0.459505
0.823294
-0.649845
-0.839387
-0.85347
-0.295731
-1.88981
1.849
0.585582
-0.963749
0.856818
1.06486
-1.09765
-0.581601
-0.610726
1.22221
-1.63975
1.10122
1.72079
-1.78152
1.06131
-1.17249
-1.8482
-0.118505
-1.39049
0.23392
0.969667
1.5288
-0.880117
-0.229657
1.87321
2.42287
-1.74325
-0.329818
-0.296259
0.102174
-1.89275
-0.947976
-0.171606
-0.523017
0.433957
-0.666053
-1.60639
0.557312
-0.026785
0.310645
-1.11509
-0.619818
1.22659
-0.67444
0.136179
-0.753431
-1.0232
2.18964
1.13045
0.429896
0.018662
-0.828416
-0.283466
0.392838
-1.52366
-0.609632
0.907695
-0.600588
-0.395944
-2.4111
-0.67057
0.214155
1.46832
-0.69913
-1.41211
-1.38023
1.41803
1.41096
0.817037
-0.0619318
0.226749
-0.806409
-1.91072
-0.173383
1.14151
0.653254
1.43316
-1.49943
1.56194
0.249993
0.362284
-0.162871
0.434431
-0.0976645
0.803892
0.880541
-0.774897
1.26016
-0.848014
0.846746
0.123723
1.16362
0.375055
0.220976
1.60665
2.56556
-1.19884
-0.361277
0.259664
-0.770418
0.859156
0.127468
0.24975
0.344441
0.494577
1.81271
0.918309
-0.336665
-0.486968
0.784388
0.915213
0.736151
-1.4925
-0.672739
2.18792
-0.832904
-1.04781
0.999151
0.54241
0.431735
-1.20385
1.01889
-0.782627
-1.74118
-1.79187
0.335941
0.732649
0.79705
-0.269301
0.320054
1.06906
-0.356308
-0.217699
0.864622
0.0948786
0.765805
0.507964
0.263466
-0.0774319
0.0962161
0.311637
0.248815
-1.07412
0.12482
-0.447716
0.250852
0.944054
-0.749415
-0.37347
-0.306166
-0.147409
0.506677
-1.30492
0.51143
1.04399
0.409749
-0.361978
-0.277605
1.29642
-1.57694
-0.568228
0.221026
-1.02322
0.934629
1.03529
-0.481674
-1.50663
-1.19102
-0.664506
-1.33205
-0.0799779
0.522531
-0.0402028
0.478655
0.0491741
-0.597423
0.55483
-0.491754
-2.18482
2.19092
0.963566
1.02597
-0.108482
0.183134
-0.328468
1.28468
-0.66304
-0.652344
0.765555
-0.360244
0.178315
-0.636868
0.594913
0.683827
0.802832
1.42651
0.13471
0.77054
-0.224646
-0.175254
-0.979672
0.706848
-0.772679
1.3998
0.110895
0.953451
-0.942196
-0.519832
0.0244018
-1.56845
-1.06758
0.555799
-0.770499
0.629021
-1.34483
0.736285
1.31007
-0.493834
2.18125
0.659539
1.07382
-0.364105
0.0668526
-0.00677202
0.806367
0.886338
-0.021637
-0.575264
-1.08484
1.12166
0.159734
0.0161958
1.79785
-0.977806
-0.602764
0.14265
1.40868
-0.179842
-0.233683
0.54326
-1.15404
-1.5627
-0.831039
0.0169566
0.926636
-0.467875
0.100818
0.800785
0.25466
-0.821366
0.507055
2.30588
-0.489791
0.635084
-0.739028
0.620082
2.08367
0.329547
-0.731153
0.330045
2.13427
1.70814
0.135939
-0.623998
-0.724401
0.785998
-0.256898
-0.412256
-0.124841
-1.98176
1.47239
0.864464
0.160345
1.22523
-0.153543
0.935275
2.07825
-0.818989
-0.460239
-0.533543
-0.492472
-1.53295
-1.14304
-0.595929
-1.13347
-0.838438
0.713286
0.598749
-0.362077
-0.108817
0.302245
1.16944
-1.07986
0.0621311
0.46047
0.536977
-0.199775
-0.514329
-1.76877
1.29913
0.513728
1.23409
-1.03626
1.20617
-0.107983
-0.0518986
-0.777124
0.059128
-0.541876
-0.98316
-1.01898
1.32121
-0.0821909
-0.454476
-0.710585
0.314232
0.756717
0.296592
2.51362
0.097237
0.17599
0.408704
0.889694
-0.633814
0.519835
-2.11828
1.0974
-0.641622
0.321223
1.21733
-0.808681
-1.64612
-0.0217112
-1.15798
1.12119
0.0491243
-0.569736
0.707643
1.52584
0.123067
0.467739
0.69994
-0.0420204
-1.03909
1.47628
-1.04171
1.01848
-1.56232
-0.510222
0.777355
0.770657
-0.82146
1.41261
-0.0166144
1.04885
-0.787543
-1.51936
-0.297595
-0.486285
1.33201
0.411397
-1.8355
-0.204808
0.357016
-0.0940155
-0.235428
-1.82051
-0.212496
0.0631922
0.2061
0.553403
1.18891
-1.10468
0.989703
0.733442
2.00716
-0.523417
-1.51648
-0.203025
0.140923
-0.372547
0.869015
-2.15771
-0.0342031
-1.64773
0.251592
-1.28101
0.502847
-0.541129
-0.658305
-0.715324
0.75014
0.721406
0.0606034
-0.353705
-0.99506
-1.60085
0.572704
-0.407805
1.39932
0.353985
-1.23224
0.242892
1.49982
-0.0341614
0.612154
-1.11557
-0.897975
0.865069
1.11329
-1.67626
-1.48311
0.476316
0.0501477
1.06107
0.875756
-1.08325
1.89279
1.2609
-2.01025
0.187823
0.408826
-0.291534
0.93624
-0.279295
0.836682
-1.21847
-1.66985
-0.105233
-0.407939
-0.414934
-1.14497
0.110643
-0.811611
-0.0764786
-0.834127
0.968425
0.908624
0.804813
-0.735492
0.213432
-0.386682
-0.72325
-1.94626
-0.149706
0.987163
-0.883781
-0.312981
0.00518793
-1.01701
0.198679
1.13868
0.576847
-0.913297
0.158439
0.629529
0.0060262
-0.405987
-2.12215
2.01567
-0.074809
0.267354
0.436032
-1.2479
1.14085
-0.845331
-1.30801
-1.06325
2.77029
0.226565
-1.02655
1.08876
-0.251813
-1.04213
0.69923
0.572306
-0.191679
0.961412
0.119377
-1.4641
-0.577025
-1.36255
-1.26575
-1.6034
0.0817569
-0.392263
-0.104353
0.336033
-1.15127
-1.46192
-0.0271899
-1.70806
-0.546068
0.681379
0.465835
-0.699304
-0.0202205
0.69749
-1.74482
-0.117137
0.86236
0.674114
-0.694019
-0.0538634
0.84042
0.217304
1.13892
-0.551956
0.659694
-1.91734
-0.0574632
-0.324698
0.864579
-1.01094
-0.0615447
-1.3547
-1.6953
1.97294
0.534555
0.350476
-0.121282
-1.45345
-1.56061
0.893425
1.72455
0.191727
1.10195
1.22964
0.808014
-0.394385
-0.614279
0.715795
0.652571
-0.00536343
1.27
0.422041
0.331207
2.45314
-0.88017
-0.160296
0.862391
1.08068
-1.5769
0.474826
-1.96043
1.78073
1.61298
-0.209369
-0.292787
-0.845318
-1.59724
1.56561
-2.30921
0.584571
1.24707
0.318551
0.676933
0.496386
-0.0209686
-0.259486
0.0589394
0.316058
-0.926171
0.609342
0.292312
-0.866549
-0.75871
-0.856721
1.09823
0.651715
1.04666
0.194064
0.474585
0.127651
-1.51591
1.32364
1.6226
0.402948
0.791686
1.24375
0.615226
2.75157
0.396601
2.07031
-1.38981
1.12732
0.708836
0.786391
1.65871
-0.940958
0.768601
-0.496669
2.00546
0.0592202
-1.22119
0.557052
-0.0097126
0.025045
-0.0233083
0.707163
-2.59447
-0.417836
0.2964
0.360868
-1.61892
-1.14511
-1.54507
0.710267
-1.25
-0.203638
-0.909738
0.764316
1.1487
1.18317
-0.202272
0.808078
-1.11006
-0.968257
-0.0238147
0.0600473
-0.553332
-0.888143
-1.17219
-0.133467
0.647753
-0.0918465
-0.236705
1.18969
0.442222
0.774184
-1.25766
-0.58715
-0.794498
0.663136
-0.403312
-1.70026
0.992833
1.35622
-0.794289
-1.39256
-0.469911
-1.22066
1.12232
0.344203
0.54777
-0.0422582
-0.898212
0.454371
0.992379
0.605028
-1.49739
-0.865426
-0.389894
-0.303447
1.86276
-1.16524
-0.916281
-0.580219
-0.991275
-1.50221
-0.0775193
-0.997383
0.425341
1.0089
-0.0322659
-1.6598
-0.384113
1.29755
0.620837
0.699557
2.24645
0.705817
-0.22191
0.819491
0.303156
0.24246
0.771164
-1.82724
-0.22641
-2.34671
-0.207266
-2.05502
1.12644
-0.842261
-1.18625
-1.1595
-0.265463
0.255257
0.893215
0.493252
-0.320583
-1.99021
0.230777
1.04541
1.28955
1.51069
2.16334
-0.186241
1.33541
0.146474
0.414597
0.774335
-0.608122
-1.65652
-1.33015
-0.0265967
0.438245
0.664223
-0.287262
1.502
-0.0560108
0.502964
-0.86302
1.18932
-0.650291
-0.526214
-0.0207879
0.44177
0.664557
0.15334
-0.798993
-0.100772
0.284937
-1.99365
-0.512263
0.76554
0.857503
1.55643
-2.23224
1.03511
0.410429
0.215217
-0.0356868
0.266748
1.64492
-1.17857
-2.14439
-0.172309
0.751722
0.536506
-1.38645
-0.295884
-1.1524
0.0385525
0.394074
0.113795
0.967382
-1.12999
-0.598724
0.739477
1.25171
-0.485906
0.535572
1.99393
0.175528
2.08578
0.11877
-1.06843
1.43005
-0.441104
0.810623
0.384089
0.00281099
-0.440609
-1.77516
-0.274912
1.18317
-1.46949
0.508544
1.05556
-2.04078
0.0681024
-0.532218
-0.59539
-1.41268
-0.535197
1.39083
1.88788
-0.842006
0.22887
0.220054
-0.705768
-1.15574
0.215579
0.0440504
-0.813291
0.701408
-0.716109
1.00463
-1.00395
1.24365
2.58372
0.197274
-0.596168
-0.00160726
-0.319537
1.39033
-0.382361
-0.792226
0.92228
-1.52164
-0.201474
-0.175475
-0.783097
-0.645261
-1.11699
1.11166
1.79426
-0.627654
0.52267
-0.165053
-0.476274
0.689461
1.96099
1.12257
-0.535466
-0.367643
-0.0693076
-0.857472
-0.760988
2.85284
0.677439
-0.269097
0.594728
-1.10153
0.100607
0.793555
0.327411
-1.54546
0.096944
-1.5608
-1.56351
1.06147
0.817998
-1.44165
-0.152906
-0.0146742
0.953006
-0.412024
-0.683272
0.312859
0.86776
-0.0562812
-2.20885
0.645181
0.533859
1.49734
2.38609
0.521137
0.234773
-0.823026
-0.49205
1.59227
0.965329
0.966059
-0.0981152
1.26379
-0.230955
-1.28723
-0.772755
-0.233133
0.310909
0.432738
0.269772
0.240656
-0.780311
1.2647
0.259117
-1.10949
1.91296
-2.72249
0.241324
-0.925111
-0.370453
0.147669
-0.187594
1.46231
0.0189956
1.11668
-0.228963
1.80501
-0.495535
-0.0192399
0.246163
-0.0921476
1.50839
0.0243174
-1.08549
-0.716982
-2.06842
1.73119
-1.52046
-1.13044
1.33035
1.41005
-0.177885
-0.0698441
-0.627841
-0.598544
0.00808752
1.16036
-1.29698
0.25696
0.463438
1.14959
-0.980372
-0.275071
0.750169
-0.897992
0.534861
-0.382973
1.44263
1.93275
-0.143264
-0.290155
-0.754442
2.03424
-0.445634
0.504354
-0.669272
0.346918
-1.44557
-1.0273
-0.134152
0.995023
-0.490396
0.220425
0.0195424
-0.942773
-0.942161
1.05525
-0.262709
0.342159
1.07234
-0.255345
-1.23063
-0.399814
-0.590158
-0.0917516
-1.11321
1.19316
0.530995
0.410751
-0.0687133
0.315429
-0.507189
0.300467
-0.141364
0.0448917
0.877666
1.33717
-0.380256
-0.357046
-1.23795
0.582083
0.948114
0.232061
0.0865676
-0.790931
-1.16904
-0.251209
-1.09185
-0.594128
-3.20079
-0.593299
-1.09012
1.49437
0.0615054
-0.511866
-2.37965
1.25218
-0.864469
0.816732
-2.2789
1.21935
0.593199
1.41264
1.2601
0.605428
1.70435
-0.148792
0.597346
0.0710825
-0.894369
-0.294669
-0.226464
-1.561
-0.137511
1.33232
1.96509
0.948358
0.631564
-2.22171
-1.5745
0.804868
1.4226
1.46772
1.15191
-0.03994
-0.284908
0.508837
-1.15756
0.345932
0.344897
0.539984
1.33574
0.205983
0.589672
1.13872
-0.865754
0.742045
0.576668
0.00534304
1.15098
-0.138531
-1.42092
-0.0280957
1.58716
0.847099
0.336817
-0.186515
0.434234
0.785687
-0.0699667
1.44309
0.636864
1.15561
0.641416
-1.03673
-0.0997798
0.0602365
0.946898
-1.29808
-0.199448
0.804254
0.437021
0.0284642
-2.07516
1.21219
0.361165
1.01997
0.513187
0.508238
0.354358
0.0518438
-0.24964
0.697634
0.601618
-0.591397
0.983974
0.399577
-0.195061
-1.61089
1.2879
-0.563992
-1.06958
-0.164899
0.61458
-0.883932
0.578347
-1.19496
0.475952
0.486192
2.28723
-0.69118
-0.00684671
-1.23577
-0.570993
-0.218218
0.0843699
0.26716
-0.914139
-0.455204
1.51911
-0.51921
-0.786547
-0.220824
2.26541
0.437851
-1.07347
-0.85539
-0.851611
0.124526
3.27142
0.320765
-0.024851
-1.14031
0.244296
0.0346156
-0.190383
0.795547
-0.356026
-2.24733
0.552947
0.198744
1.46111
0.355147
-0.519366
-0.81133
-1.12066
-0.336389
-1.11572
-1.84875
0.299856
1.84592
1.26133
-0.723177
1.3079
-1.17889
0.112596
-0.729695
-0.531006
-0.157266
0.213852
0.119832
2.13275
1.1185
-1.78573
0.531328
-0.499733
0.164594
-0.724121
-0.666729
1.22548
0.701764
-1.36025
0.304574
-0.0743944
1.45943
1.20891
0.134695
-1.68249
0.208623
1.8697
0.62146
-0.488067
0.342258
1.44572
-0.546133
-1.17873
-0.676313
-2.76594
0.278105
-0.702461
-1.32708
0.0506245
2.12224
-0.950463
1.53494
-0.0364575
1.82127
-0.425596
-0.723801
-0.725982
0.0475769
-1.75487
-1.84943
0.492647
0.426441
0.611606
-0.93711
-0.889048
0.0474398
0.689588
-1.62119
1.69743
0.0475785
-0.19739
-0.758146
-0.981374
-0.0763416
-1.38722
-0.636637
0.225798
-2.74448
0.37349
0.608229
-0.438692
-1.57525
-0.101494
-1.71167
-0.0346881
0.65067
-1.48775
-0.623794
-0.292443
-0.173183
1.18648
0.519138
0.157588
-1.41854
0.255879
0.797609
-1.47746
0.564074
-2.36587
-0.88248
0.649404
-1.33544
-0.668207
-0.913256
-0.0236636
-2.21089
-0.430149
1.39279
1.57096
-0.870667
0.25255
-1.10393
1.51205
-0.811187
-1.55931
-2.01239
1.7393
-1.80883
0.800892
-0.270251
0.0878591
-0.865814
1.38541
-0.43342
0.954888
0.882431
-1.89762
1.15587
-0.961529
-1.12681
1.00129
0.165911
-1.16631
-1.20163
0.174884
0.247788
-1.65273
0.636167
1.36576
-0.0199962
0.051051
-0.207749
0.0554801
-1.65403
-0.175041
0.840587
-0.176408
1.45311
1.00798
0.868292
-0.878002
-0.127308
1.3322
1.95831
-0.27839
0.0283448
-0.0215809
-1.13404
0.398132
-0.849291
2.02601
0.801496
-1.41402
-0.277403
-0.458263
-0.128962
0.621393
1.94451
-1.68365
0.23055
1.86109
-0.904098
-0.365353
-0.141034
0.202873
0.992255
-0.0405697
0.404132
-0.860037
0.810749
1.3034
-0.952533
0.576996
-0.415179
0.812615
2.39575
-0.519817
-0.356003
1.32976
-0.252914
-1.0813
0.31823
-0.267216
-0.89431
0.516994
-0.563353
-0.409742
0.66278
0.441607
0.453685
1.22199
-2.0115
0.318247
-1.42592
0.468521
-1.95204
-0.121958
-0.407116
-0.438247
1.6706
-0.442514
-0.153568
-1.09171
-1.18001
-0.309335
-0.622725
-1.32536
-0.0926372
1.36294
0.306655
0.0842217
0.707162
-0.417912
-0.567175
0.548646
-1.4247
0.976622
0.876697
-0.12106
0.495738
2.86759
-0.638047
0.705634
-0.779382
0.336602
-0.518022
0.651644
-0.829999
0.476926
-0.857669
1.45518
1.80528
1.53147
-0.0270855
-0.18804
-1.76508
0.623899
2.5891
-0.0461889
1.04024
-0.0876969
-0.278451
0.0347383
-0.525254
-1.45288
0.0575637
-1.61382
-0.850345
0.982644
-0.294796
0.172568
1.63352
-0.55797
0.185423
1.03837
2.56798
0.753159
-1.59947
-0.776157
-1.0771
0.42515
0.0682062
1.26938
-1.00387
0.02849
-0.253281
0.033743
0.0314358
-0.147962
0.0494714
-1.44827
0.918041
-0.569438
0.706696
0.432336
-0.0485077
-0.305824
0.29522
1.21109
-1.03706
-1.06124
-1.03419
-1.03448
-1.85532
-0.707731
-2.10834
-1.90308
0.551046
1.66786
0.544243
0.328823
-0.860851
-0.323632
1.14317
1.4006
0.94009
0.353645
0.435052
0.695216
-0.256435
-1.73007
1.19821
-1.39265
-0.0489414
-0.137661
0.630498
1.45506
-0.659762
1.99171
-1.11521
0.0304265
0.847368
-1.53892
0.724992
-0.672797
-1.74078
-0.937458
0.516723
-0.784656
-0.233405
-0.996606
-0.839533
-1.42046
-1.74084
-0.0624178
-0.214727
-0.348377
1.43098
0.24479
-0.687594
0.151337
0.743945
-0.793239
-0.00902701
0.854482
0.345873
-0.216259
0.322937
1.13184
-0.926699
0.0927522
0.466926
-1.45245
0.720124
-0.553404
1.31372
-0.508454
-3.64432
0.737934
1.1471
0.586012
-0.219017
0.102701
0.601004
-0.818303
-0.693437
-1.22317
0.0602464
1.31999
1.63628
0.441103
1.22763
-0.374823
-0.717721
0.707374
0.677015
-0.318859
0.234189
-0.133731
1.54663
-0.881796
-0.738664
-1.10304
0.794447
-0.510081
-0.613657
0.552117
-0.752837
-1.71847
-0.692113
-0.216604
-1.57908
-0.331071
0.45542
-1.0771
0.921322
0.326638
0.00865708
-0.680934
-0.907245
1.6515
-0.992159
1.20823
1.44793
-0.703537
0.536059
0.59978
0.987313
-1.44826
-1.05522
2.19617
1.49499
0.126306
-0.294257
-0.115187
-2.46257
-0.157075
-1.56464
1.96919
-2.05837
2.03589
-0.174368
-1.33129
0.245024
-0.430139
1.19266
2.35547
-0.23201
0.703109
-0.423889
0.320053
0.605198
-0.149112
-0.374956
0.182411
0.0888978
0.606882
-0.180105
-0.160275
-1.34792
-0.301201
-0.394963
-1.89279
-1.39189
1.09682
-0.881554
-0.273604
-1.32506
-1.70608
1.08806
0.842609
-0.227984
0.444292
-0.775
-0.483698
-1.9943
0.194681
-0.0338879
-0.0979328
-0.131681
0.141627
-1.03821
-0.705911
0.381258
1.62138
0.401661
1.45449
0.478485
2.81641
0.625183
-1.12646
1.11343
-1.22204
0.706562
0.392685
-0.477567
0.541752
1.24333
-0.819754
0.753763
-0.15117
-0.657161
-0.41916
0.432048
-0.381819
1.35502
1.15282
0.141618
-0.0545096
0.408359
-0.733743
-1.00676
-0.222894
1.2042
-1.58861
-0.971798
-0.322701
0.208981
1.20341
-0.380865
0.836993
-1.91457
-1.14545
1.06112
0.260792
-1.18622
0.610538
0.317609
-0.790381
-0.481528
0.712335
-1.0017
1.41684
-0.0443986
-0.0825583
1.11207
-0.0717758
-1.87959
-1.11146
-2.71829
0.266701
0.523006
1.08035
-0.0127604
-0.0755068
-0.238059
0.00881399
-2.00667
-1.29414
-0.188232
1.06634
1.84628
-0.328081
-0.508507
0.0409893
-1.20706
-1.08208
0.522541
1.18083
-1.55419
-1.09289
-1.22333
-1.96384
2.19244
1.40025
1.13435
-0.864358
-0.105236
-0.315398
-1.45594
-0.401867
0.63379
0.0813376
2.17499
-1.82293
0.961744
-1.4199
0.884712
2.04824
0.295743
-0.053723
1.05711
-0.365822
-0.0263908
-0.223645
3.76811
-1.16944
0.145423
-0.323419
1.29539
-1.25566
0.151051
0.16607
-0.855234
1.24308
0.0551166
-0.276928
0.39317
0.873435
-3.68788
-1.12213
1.66942
0.548163
-0.858795
0.531486
-0.386642
-0.407173
-1.07544
-0.924518
0.32661
1.01589
0.567891
-0.854585
-0.239664
-0.734817
-0.503078
1.30708
0.00664901
0.749948
1.58659
1.4909
-0.0381464
1.10377
0.190816
0.1512
-0.490342
-0.897636
0.000996073
2.66755
0.323467
-2.81332
0.416811
1.33781
-0.153395
-0.454249
0.815327
-1.72456
-0.631413
-1.26056
0.126606
-1.68225
2.49423
0.417582
0.367244
0.567076
-0.765952
-0.691597
-0.274745
-2.7492
0.930608
2.07299
-0.364893
0.330504
0.530032
0.409424
0.849979
0.774574
-2.04842
0.0162505
0.664794
-0.51398
-0.415816
1.12945
-1.37511
1.08095
-0.32115
-1.35389
-0.667049
0.994693
0.139447
0.740208
-1.4102
-0.897992
1.23371
-0.96649
-1.1276
-0.337515
0.569463
-0.354478
-0.356929
-0.312156
0.387029
0.40489
1.40206
-0.823868
-0.789463
-0.021328
1.60588
-0.0536796
-0.165021
-0.366641
-1.5351
0.878275
-0.927333
-0.0614567
0.980838
-0.237156
0.379378
-0.0383498
0.531128
-0.493108
0.341725
-1.82339
-0.714946
-0.896458
1.12724
0.585148
-1.16324
-0.958943
-0.230434
1.16511
0.124529
0.0310393
0.898635
1.25464
2.68853
-0.0704075
-0.458925
0.579482
0.765649
-1.5397
0.609955
-0.0606075
0.00671799
0.636236
1.60863
0.620992
0.776312
-0.399316
-1.49465
1.59423
0.0176092
-1.5859
-0.489442
0.963322
0.728927
-0.313852
-0.490941
-0.239029
0.573991
0.236929
-0.224068
-0.5517
1.34424
-0.419652
0.901756
0.875778
1.87238
-0.0939764
-0.758148
-0.291099
0.992147
0.595126
-0.12982
1.42358
0.231918
1.29466
0.860942
-0.610014
-0.155321
0.663387
0.620462
0.859975
0.413889
0.0939544
-0.8796
0.552628
-1.62669
-0.558719
-0.767089
-0.9393
1.05732
-0.706748
-0.309083
-1.16202
2.41777
-0.6064
1.7387
-0.206734
1.39869
0.575125
-0.572904
-0.587214
0.94846
0.0877276
-0.833217
0.0068701
0.547405
0.674044
0.403602
-1.91549
-0.106073
-0.263011
-0.120845
1.01786
-0.829485
0.299454
-1.04559
-0.334769
-0.614194
-1.25298
0.742466
2.33524
0.164099
0.426867
0.817359
0.374973
-0.650424
-0.756734
-0.0210916
0.938562
0.198741
1.19506
-1.79179
-0.892598
-2.06114
-2.24206
0.955899
-0.218879
1.34478
-0.375456
-0.33177
-0.298137
1.04596
-1.25698
-0.271576
0.826907
0.505762
-0.839914
-0.425254
0.858155
-1.53933
1.21949
0.751581
-0.419519
0.0353539
0.959072
-0.208897
0.498345
-1.01752
0.262475
-0.322875
-0.833947
0.0713084
2.52256
-0.471255
-0.479504
0.961058
-1.18001
0.387544
-0.914678
-0.659959
0.905017
0.000356316
-1.56576
-1.08147
0.661516
1.15488
-0.75181
1.73649
-0.605801
-0.291834
0.553478
-0.282224
-0.582352
-1.80953
-0.0295404
1.49658
0.824987
-0.544354
0.673755
0.52827
0.785203
0.438173
0.838296
1.14712
-0.294465
0.155516
0.922178
-1.59393
-1.14451
1.60288
1.64807
0.779772
-0.391475
-0.235251
-0.439821
1.02028
0.782373
-1.12657
-0.194618
0.323523
-0.148002
-0.184437
-0.286983
-1.16532
0.622489
0.204445
0.392075
1.43045
0.299891
-0.621779
-0.0763468
-0.0557347
2.04775
-1.82854
0.478293
-0.886804
-0.212509
0.64007
-0.958813
0.121463
-0.67017
-0.95087
-0.920637
-1.80676
0.827536
1.18135
-0.800127
0.483997
-0.675616
-0.0939665
0.326598
-0.573372
-1.29853
0.585391
-0.705036
-0.594545
-0.712329
0.22468
0.293572
0.978227
-1.47457
-0.239057
-0.217334
1.01748
-0.229634
0.766583
-0.102414
-1.16119
-0.979984
0.97
2.08179
0.323575
0.348443
-0.645251
1.27485
1.31333
0.851492
0.113401
1.14939
1.34775
-0.816883
-0.775559
0.639865
0.021826
0.277129
1.97855
1.82205
0.483362
1.31499
1.13648
-1.34852
-0.841881
0.467562
-2.26905
1.11339
0.199063
0.470679
0.408366
1.29967
2.04378
-0.734587
0.264608
0.663585
-0.800379
-0.7707
-0.16872
0.737747
-1.48695
-0.939976
1.06642
0.514923
1.0559
1.46041
0.821474
-1.32347
-0.706955
0.311485
-0.275504
-1.15495
0.257997
-0.00324886
0.976768
0.791859
-0.210332
-1.57917
0.944124
-0.292531
-0.836922
-0.70474
-0.234073
-1.40127
-0.488813
-1.03138
-0.206484
0.0133221
1.22579
0.874345
0.119296
0.846444
-1.3992
-0.783543
1.39352
1.58621
0.363576
0.964641
-1.09723
-0.251896
-0.325903
-0.553552
-1.70924
0.372785
-0.215333
-1.00426
2.77833
-0.0768991
-1.6619
1.90527
-1.37894
-0.149341
1.09023
0.0567606
1.60156
-0.170421
1.41227
1.27047
0.223312
0.0213341
0.878659
-0.185434
0.352666
0.550681
0.474167
-0.378081
-0.0155151
2.56268
0.187963
0.0638807
-0.948976
0.355684
0.0018181
-2.21735
0.745531
-0.34831
2.58175
0.0473004
1.60572
-0.0417057
-0.575075
3.15278
0.264272
1.02333
-0.528717
-0.74109
0.20028
-0.316024
-0.21907
-0.478352
2.19856
-1.69663
0.906175
-0.375769
-0.909399
-0.0780456
-0.496245
-0.990412
-0.921695
-0.698445
-0.216141
0.71384
-1.93389
-1.21084
-0.517242
0.670033
-0.159961
-0.993878
-0.100148
0.909906
0.469858
-1.09107
-0.9125
0.735378
1.19754
-1.69893
0.188422
-1.24714
0.593224
-0.229256
-1.03055
-0.347008
0.270828
0.925128
-1.43504
1.16722
0.127183
-0.64981
0.68151
0.966901
0.460425
-0.0962514
0.736256
-0.20866
0.633456
-0.314216
0.0810191
-0.253935
-1.3391
0.174856
-1.74527
-1.08742
1.88368
-0.625107
0.0526754
-0.765686
0.256087
0.147906
-0.0405383
-1.13265
-0.185502
1.47337
-1.16176
0.1195
0.777586
-0.692957
0.233786
-0.0377501
0.502784
-1.75411
0.0285837
-0.797856
-0.297728
0.285047
0.660194
0.110967
1.39952
-1.15511
1.0514
-0.246407
0.380194
-1.60794
0.699606
-0.941317
0.249187
0.636437
-2.03967
-0.566361
-1.21928
0.247462
1.08971
0.00741861
2.03656
0.989718
3.72122
-0.0688032
-0.235214
0.368309
-1.84353
-1.56301
-0.14074
-0.140207
-0.543275
-0.0124023
0.602601
-1.29116
1.0093
-0.556926
0.264227
-1.16024
-1.42464
1.49724
-0.545206
0.927659
1.39061
1.04082
-2.6238
0.628047
0.124259
-0.0661979
-0.227189
0.973286
-0.399105
-1.23009
0.886163
0.572672
-2.41669
-0.586728
-1.04916
0.257421
-0.751459
0.341199
1.85381
0.136463
-1.0225
0.981822
-1.69674
0.025127
-0.206155
0.243042
-1.46338
-0.0277198
0.587213
0.670736
-1.46518
0.662789
0.481654
-0.817248
-1.1088
-0.407954
0.592555
0.402938
0.274501
0.358578
0.621395
1.04393
0.764477
1.13461
-0.00278478
-1.64364
-0.856805
1.03991
1.31748
1.31764
-0.556313
1.29287
-1.00578
-1.56333
1.40115
0.723568
-0.529381
-0.638329
0.391117
-0.24574
-0.0725987
0.705025
-0.26004
-0.696424
0.918926
-1.45039
-1.03987
0.457194
0.55021
0.452657
-0.61522
-1.01795
0.49828
0.408595
1.43474
-1.33327
1.12715
0.762018
-0.607927
1.37901
-1.17143
0.976867
-0.186092
0.669001
-1.66662
-1.53315
-0.398157
-0.651195
1.86872
-0.708906
-0.201867
-0.35482
-0.409144
-1.61232
-0.771948
-0.554157
-0.393649
1.52297
-0.233301
1.76932
0.887887
-0.46906
0.410142
-0.301643
-1.41841
0.166637
-0.302282
0.796551
0.383153
-0.198279
0.110696
0.62738
0.534234
0.229588
-0.314823
1.21427
-0.126747
0.172278
-0.577755
0.516169
1.92412
0.695532
-0.689223
1.16802
0.289925
0.277357
0.835269
0.756969
-2.05194
-0.717267
0.872823
1.76654
-0.0953389
-0.0312257
-0.740682
0.294952
-0.605184
0.683569
1.0942
-1.43573
1.05261
-1.28692
-0.835224
0.0572719
1.09899
-1.62834
-0.78363
-2.44423
-0.224587
-0.315528
1.06631
0.768271
-1.66776
0.976369
0.0088845
0.796933
0.122685
0.948687
-0.0518033
0.068013
-0.203024
0.527009
0.412997
-0.647359
0.585308
-0.30474
1.35732
0.172459
1.32276
-0.788265
-0.412906
-0.359327
-0.247032
0.292645
-0.772881
0.0487294
-0.580682
1.44038
-1.96157
-1.29418
0.13357
1.09657
-0.753997
-0.785468
1.38905
-1.27739
-0.607188
-1.55969
0.464911
-1.75172
-0.283298
-0.596189
0.717135
0.923342
0.550525
1.79939
-0.624968
0.75547
0.92429
-0.328364
0.151021
-0.878779
1.20931
-1.48763
0.288579
0.568612
1.24145
-1.14067
-1.99356
0.327605
-1.06737
0.393433
-1.59903
1.85141
0.443956
0.377754
1.35492
0.0912409
-1.2949
-0.327269
0.538133
1.01944
1.35093
2.26073
-0.102063
0.488827
0.643336
-1.31166
-0.614831
-0.68657
-0.244288
0.666953
0.663833
0.942477
-0.930166
-0.609914
-0.145575
0.62379
0.0635497
-2.99339
0.409583
1.25911
1.01045
-0.0651144
-2.11194
-0.17442
0.64855
0.540497
-0.300073
-1.16828
-0.729807
0.103918
1.20917
-0.948201
1.42793
0.623639
0.994997
-1.93602
0.130819
0.474697
0.713038
0.656994
0.258888
-0.285532
-0.259801
0.736399
1.1872
0.256479
-0.839692
-0.605791
-0.799227
1.72122
-0.337045
-0.421955
-2.0281
0.455756
1.509
-0.0653626
1.07658
-0.334769
-0.918023
0.30841
-0.806148
-0.53646
-0.377861
0.175161
-1.61974
-0.152867
0.197356
1.16541
1.26427
1.46256
0.963035
-0.542485
-0.270374
-1.21526
-0.634399
-0.386067
1.26401
-0.444724
1.89849
-0.955152
-0.258097
-0.524382
1.10207
0.641693
0.789173
0.0695792
-1.41358
0.892083
1.53459
0.263474
-0.360526
1.02677
-0.897386
-0.0888528
0.720971
-0.402347
0.664485
0.387131
1.52798
-1.46731
-1.51008
-0.740689
1.33454
-0.717922
-0.586156
-0.318828
-0.985127
0.661806
-0.760751
-0.680862
-0.518301
-0.168392
0.120498
-1.34834
-0.824649
1.47863
-0.992176
-0.604672
0.39316
0.952567
0.897251
-0.358228
-0.745016
-0.982861
-0.915657
-0.455241
0.981033
1.91503
-0.167991
1.18885
1.66977
1.5872
0.973518
1.94019
0.968042
1.74018
-1.21498
-0.0141071
0.850046
-0.219114
-0.717439
0.300692
1.00287
-0.515017
-0.387266
0.490518
-1.10332
-0.122671
0.65632
-0.109628
1.69372
0.652897
-0.545777
-0.525085
1.76367
2.14499
0.292871
-1.07353
-0.659535
-1.74709
0.279398
-2.39867
-0.230716
0.147993
-0.63062
-1.512
-0.625853
-0.678837
-0.912171
-0.614725
-1.24789
-0.775272
-0.167712
2.5561
-0.82009
-0.502024
1.03145
-1.19142
-0.583757
0.47381
0.82406
-0.918812
1.47212
-0.109764
0.10925
-0.0197221
0.789172
0.409359
-1.37329
-0.653707
0.84544
0.248353
1.86594
0.644
0.871411
-0.656685
-0.547994
0.97279
0.504298
-0.678976
-1.35868
-0.610188
1.58878
0.501293
1.01614
-0.6367
-0.202616
0.340402
0.763613
0.0501081
-0.682182
0.179624
-0.618635
0.16333
0.0444204
-0.0603297
0.212812
1.07299
0.454225
-0.255017
0.245276
1.35865
-0.605601
-0.178498
-0.713932
-0.851099
0.133337
-0.188935
0.711687
-0.564699
0.319014
0.00632851
0.270608
-0.761777
-0.277386
0.83739
-0.310073
0.23771
0.0308534
-0.145566
0.719538
0.536222
-1.17242
0.0579441
-1.1846
-0.597767
0.48996
-2.60461
0.747078
0.686498
0.0802337
-0.930288
1.24228
-0.592283
1.20698
1.79593
0.738201
0.496804
-0.498424
-1.37037
0.526891
0.548004
1.63557
0.764965
-1.3596
0.0404379
-0.464479
1.62553
0.57401
-0.540666
0.774519
-0.183432
0.567046
-0.327369
-0.250607
0.35661
0.661808
0.498628
1.66727
0.141036
0.110999
0.719942
0.198141
-0.0893217
0.764879
1.09977
0.407324
0.206907
-1.14958
0.866807
1.93091
-0.176957
0.0973381
-0.0694853
-0.0190617
-1.1566
0.35127
1.54745
-0.0524595
-0.158606
-0.37179
1.43581
-1.25725
-0.682362
0.483581
0.403659
0.00120322
-0.670869
0.743044
0.280133
1.57719
-0.980597
1.0865
0.777447
-0.239721
-0.328888
0.20264
-0.983426
-0.110764
1.36602
0.941987
0.693454
-0.885961
0.704099
-0.13417
-1.4139
-0.373769
-1.42185
0.658383
-0.48134
-1.18915
-0.207816
-1.15985
-0.93416
0.341898
-1.40344
-0.214328
-1.26216
0.682146
0.751302
-1.31918
0.697283
-0.734696
1.1746
-0.242205
-0.64454
-0.236571
1.37573
-0.667053
1.12765
-0.190928
2.7879
-0.402429
-0.205853
0.291144
0.858311
0.168933
0.211103
-0.852645
-0.0660776
-0.340666
0.346727
1.66041
0.370915
-1.23847
0.482554
-0.315192
-0.854308
-0.700574
1.64174
-0.41788
0.589068
-0.706117
-0.799939
-0.34286
0.106305
-0.262076
0.317134
1.29012
-0.0390024
0.163057
0.0351196
-0.447721
0.76288
-1.65039
0.964179
-1.60048
0.38218
1.23727
1.42815
1.02478
0.1573
0.429213
0.395867
-0.873016
0.151674
0.139995
-0.0745133
-0.774136
-0.543406
-0.186467
0.228061
-0.359615
-1.14921
0.760238
-1.79904
0.503924
-0.727754
0.122328
0.0758264
1.90255
-0.992159
-1.29949
-1.95192
0.424681
1.40434
-0.919868
-1.53432
-1.17223
0.0829771
0.376341
1.05226
-0.814189
0.619417
-0.186658
0.531963
1.33742
0.513829
-0.93727
-0.479465
-0.940882
0.482403
-0.493259
-1.18749
-0.144854
0.860933
-0.621553
1.29637
-0.0564887
-0.239885
2.32698
-0.375901
-0.3319
0.826218
-0.920532
0.093637
0.863052
-1.47081
-0.0910927
1.10929
0.683595
1.76238
-0.675734
-0.229676
0.169207
-1.90342
-1.26746
0.646838
0.339702
-0.511009
-0.076321
0.00199361
-0.0471615
1.08512
-1.15757
1.19012
-0.79551
-1.59967
-0.915584
-0.948537
1.14414
0.0825096
-0.767406
-0.231984
-1.07295
-0.996187
-0.809186
-0.270706
-1.4057
0.258998
1.38744
-1.72181
-0.200555
0.494232
1.86254
-1.38622
-1.05745
0.716548
-0.637579
-0.2701
-0.1474
0.528378
-2.10274
0.193637
0.780636
0.0700434
-1.86419
0.794554
0.87182
0.0363894
0.290579
0.909865
-1.4781
0.309686
-1.0131
0.678313
0.84073
1.19109
-2.93639
1.01681
0.197988
-0.420101
0.159666
0.23385
1.67132
-0.747173
-1.42541
-0.943359
-0.193532
-0.770076
-0.371525
-0.426954
-2.1273
-0.0754873
-1.28695
-0.322196
2.37808
0.412639
0.476791
-0.339562
0.23234
-1.13256
-0.547574
-1.36042
-0.0824145
0.405843
1.02497
0.11848
0.555868
-0.764595
-0.521544
-0.628862
0.198702
0.0940024
0.00898249
1.21855
-1.7991
-0.399792
0.386981
2.10453
-1.44985
-1.27663
-1.53511
-0.0855488
-0.57848
-0.835035
-0.720424
-2.11859
-0.803817
-0.43519
-0.638776
1.21881
0.564336
0.515142
1.2474
1.52247
0.905305
0.559317
1.20578
0.628628
-1.54239
0.989592
-1.42806
1.88473
1.01951
-1.80072
0.168434
-2.00831
-0.650793
-2.30791
-1.96257
0.370778
1.18686
0.911012
-0.0513152
0.387065
-0.191975
1.27403
0.0700922
0.469114
-0.301664
-0.262247
-0.0715897
-0.40014
-0.638099
-1.0488
0.791833
1.75145
0.198471
0.681081
-0.52541
-0.760198
0.156981
-1.1669
0.347084
0.776993
-0.0088028
-0.478111
2.1617
-0.96951
-1.03175
0.651394
0.87169
-1.35535
0.393676
-0.824943
0.226387
-0.255919
0.235956
0.0387256
0.183502
0.195946
-0.742758
1.4572
0.582013
-0.375689
-1.54749
2.17602
0.771045
0.277828
0.455832
-1.23876
0.690311
0.27093
-0.717232
-1.46339
0.725794
0.459905
1.08261
1.10729
0.334038
0.807511
1.13589
0.374339
1.00609
-0.867267
0.375816
0.848211
0.553914
-0.763283
0.0518686
0.423609
0.44489
0.404848
0.450953
-1.6504
-1.14403
-0.0269184
0.921198
1.56853
0.769292
-0.814229
-1.3881
0.0968094
0.697393
-1.16388
1.75901
0.998883
0.12724
-0.00700247
-0.158021
0.00504667
2.06076
-0.871748
-0.0399703
1.68464
0.18434
0.410666
1.14973
-0.519708
