0.0937684
0.718182
-1.8317
1.33047
-0.697245
1.56109
1.85775
-1.50213
0.800075
0.164933
1.25424
0.486731
-0.0187308
1.04666
0.374216
0.236308
1.23773
0.751546
-2.8344
0.875168
0.837387
2.05767
2.27575
0.217184
-0.123295
-2.00388
0.233725
-0.12052
-0.262836
1.53991
-0.500065
-2.44889
-1.8802
1.44566
-0.101274
0.700915
-0.0428456
-0.726087
-0.693641
0.421488
1.67342
1.53528
1.01272
-2.31021
-1.01703
-1.20653
0.66672
0.356601
0.709481
0.0101791
-2.47157
-0.64319
-1.09379
0.509606
1.11771
1.25493
1.22962
0.061367
-0.204665
0.465296
-0.19282
-0.732235
1.7109
1.27143
1.24447
-0.500286
-2.56729
0.20757
0.381152
0.0400927
0.161181
0.690674
1.42835
-0.761223
0.309422
0.0759026
-0.621356
-0.285973
1.1239
-1.22434
-0.719026
-0.545094
0.191967
1.69905
0.931737
1.0523
0.564702
1.04696
-1.08439
-0.824822
-1.93632
-1.16082
-0.502997
0.471126
-1.62744
0.61486
-1.04795
-0.657393
1.22223
-0.618153
-1.61988
1.37026
-0.340685
-1.39764
1.24021
0.139063
-0.0441326
0.129615
0.644904
-2.12827
-0.789131
0.474484
1.30948
0.955431
0.0412971
-0.827899
0.244779
-1.2009
2.52987
0.0812729
-1.66542
-1.62264
0.225023
-2.32186
0.313763
1.32107
-0.358142
-1.3466
-0.140958
0.911757
-0.210897
0.176972
0.793398
-1.27072
0.900718
0.521198
0.314599
0.933641
-0.627165
0.934402
0.365608
-0.963881
-1.22327
0.470291
-0.860359
0.113509
0.278705
-0.843434
0.751073
-0.708051
-1.03765
0.508392
-0.313048
-0.261333
-0.0541484
-1.14437
0.518082
-0.309373
1.23779
-0.636108
0.25562
-0.406915
-0.486765
-0.356868
-0.556465
1.53224
-0.989563
0.221576
1.40822
0.728915
0.161931
0.0150556
-0.568734
-2.33292
-0.372636
-0.118981
-0.53191
0.423208
1.06186
-0.945649
-1.7094
-0.720918
-1.7981
-0.0438313
0.00699834
1.36804
1.55417
0.50662
-1.10504
0.990404
1.28858
-1.46171
0.0826639
-0.233659
-0.281242
0.24566
-0.266306
-0.382049
0.907958
1.36439
-0.335672
0.673464
0.040826
-1.60838
-0.468586
0.242122
2.55236
-1.22155
-2.00626
0.0812654
0.201072
-0.118806
-0.896903
2.67871
-0.379074
2.01141
0.282706
-1.57437
0.341602
-1.60588
0.764764
-1.80656
1.99558
-1.26186
-2.09191
-1.45642
-2.47404
-0.412997
0.12064
1.55603
0.142817
2.42789
-1.40721
-1.9366
-0.299409
0.417993
-1.94851
0.392689
-0.201309
2.13461
0.530697
-0.141955
0.528764
-0.0686441
-0.947141
0.93257
-1.17417
-0.22705
-1.44945
0.986772
-0.0990786
0.987621
0.499036
1.08723
0.985069
0.605242
0.544436
-1.24544
-0.738735
-0.607743
-1.19024
-0.442748
0.732179
1.31816
1.01462
-0.348914
-0.0434994
-1.44244
-1.11878
-0.16773
1.1231
0.0101353
1.07833
0.651236
0.686288
-0.675553
0.729306
0.839922
0.811268
-0.324802
1.51496
1.45609
1.30898
0.0385715
3.00877
0.057997
-0.501415
-0.0707033
1.74286
0.00872989
0.43463
-0.26707
-1.41972
0.544837
0.758382
-1.14522
0.952448
0.342241
-1.34358
0.693165
0.212278
-0.3493
0.576588
0.1569
-0.501668
-0.806989
-1.49221
-0.969732
0.403708
0.362809
0.809435
0.688934
-0.303537
-2.63138
0.283723
2.18415
0.214397
-1.57614
-0.0770526
-1.90603
0.714101
-1.20908
-1.15908
1.11326
-1.57086
0.173406
0.94524
1.29579
-0.453116
0.780792
-0.722273
-0.827674
1.79144
-0.498873
1.42713
-1.46224
-0.912792
0.273925
1.45247
1.41962
0.10893
-0.0136509
-0.789967
-1.58686
1.2134
1.82032
-0.740795
0.79604
1.06197
-0.185032
1.3228
-0.865644
1.54612
1.53213
1.04336
-0.273552
0.338372
0.734948
-1.13019
-1.51635
-0.143624
2.02214
1.1127
1.2199
-0.392423
1.78427
0.99225
-0.794921
0.132878
-0.845283
-0.573856
1.55934
1.12665
-0.651029
-0.821922
0.380735
0.387887
-0.124327
-0.271349
-0.929621
-1.55133
0.59216
-1.00091
0.923878
-1.4582
1.08132
-0.550758
0.415608
1.26302
-1.87293
-0.561542
2.13165
2.19217
0.390635
1.65167
-0.499375
-1.08287
0.207925
0.342643
0.884994
0.306007
-1.5635
-1.02109
0.401938
2.99079
-0.506111
1.61532
0.228556
-0.976038
0.0926265
0.232675
0.613777
0.551503
0.54134
-1.25231
0.219611
0.138476
0.850825
-0.49824
-1.19263
1.89859
-0.634213
-0.897314
1.05186
1.37286
-1.58499
-0.0631311
-1.76207
0.471508
-0.637575
-0.967777
2.45096
0.708713
-1.19159
1.08618
1.55645
0.750239
-2.32508
-0.0672064
-0.665401
0.0479603
1.24242
1.58312
0.543479
-1.29283
-1.0491
-1.44421
-0.74822
-0.556892
-0.436665
0.34424
0.31516
2.23974
-0.342269
2.36443
0.30918
-0.248916
-0.371879
-0.785676
-1.40911
-1.14601
0.495212
0.414824
-0.896849
1.04135
-0.039794
-0.583386
-1.03308
-0.78923
0.656137
-0.630372
0.10974
2.15649
-0.936216
2.83454
0.492356
0.93571
2.13693
0.649568
-0.263368
0.71698
1.93748
0.87159
0.0290025
0.464804
1.94403
0.371088
0.601221
0.922421
-2.40765
0.992173
-0.223758
-1.2635
-1.35078
1.35045
0.938444
-0.741998
0.0951377
0.276036
0.322807
-0.731933
-1.97116
-1.69582
-0.11971
-0.716456
0.399198
1.51312
0.11155
0.0810907
0.348983
0.457094
0.71798
-1.0506
-0.325648
0.585835
-1.03401
-0.518723
0.540651
-1.26598
-0.146796
1.10808
0.5953
-1.88684
-1.80551
0.0549052
1.45648
-0.121848
1.86134
-0.233853
-0.108915
-0.693574
-0.754493
1.41927
-2.07761
-0.388962
1.54457
0.628482
0.338422
0.712574
0.288786
0.0881728
-0.233216
0.621682
0.122246
0.0224037
0.0493711
-2.04505
0.127135
-0.599081
0.0322187
1.46538
-2.29477
0.837906
-1.40077
0.0751856
0.819707
-1.71334
1.07013
-0.847978
0.800893
1.26178
-0.397058
-0.418375
0.0392483
0.242548
-0.75373
1.04231
0.67418
-0.411787
0.0493745
-0.845153
1.09004
0.0767075
-0.794941
-0.511918
0.282567
1.7485
0.623156
-1.18671
1.9627
0.13106
0.172043
-1.44734
0.795564
0.111654
1.30633
0.134103
0.477131
0.553273
-0.436192
1.53353
-0.654256
-1.50313
-0.657457
-0.142031
0.107191
-1.665
1.88066
0.59517
-0.598204
-0.24639
-0.333334
-0.170946
0.22249
-1.53483
0.130666
-0.773267
0.42337
0.227643
-0.84445
1.17177
1.32135
0.973817
-0.050756
-1.57495
-1.55796
-0.123134
-0.976044
0.144443
0.633429
1.70004
1.03953
1.52985
0.88644
1.20078
1.01716
-0.369279
-0.486584
0.705797
1.15212
-0.717458
-0.795123
-0.302629
0.598604
0.478359
-0.611588
-0.426469
0.347699
1.40948
-0.258764
-1.26789
0.137672
-1.45396
1.90422
0.923572
1.66873
-1.37327
0.126054
-1.65137
0.43343
0.594473
-0.267721
-0.174349
-0.926495
0.155371
-0.413995
-0.276496
1.25007
-0.634009
0.921837
0.352907
-0.386413
0.545805
-0.733399
-1.91525
-2.2575
-0.57841
-2.42905
-0.686328
1.47664
0.277158
-0.935091
0.242301
-0.0823851
0.407321
0.351613
-0.15317
-0.54688
0.238289
-0.132721
0.132844
-0.910713
0.119803
-0.91229
-1.05597
-1.27069
0.902769
1.93797
-0.822697
-1.56578
0.365992
0.986267
0.552988
0.0810115
0.367609
2.69093
0.351415
1.26373
-0.396194
-1.1048
0.0120413
0.955641
-1.70813
0.592807
0.234465
1.41567
-0.815586
0.384746
-1.35009
0.565151
-0.676072
-1.81502
0.500159
0.77361
0.187007
-0.53202
1.52322
1.45137
-1.24437
-0.231261
0.290344
1.05467
0.623996
-0.870596
-1.22294
0.359715
-0.702643
-1.49856
0.257951
1.03352
0.361456
0.0518447
-0.159944
-0.394256
-0.756866
1.61545
0.83603
-0.0207219
-0.601584
-0.736822
-1.35133
-1.33235
-0.145582
-0.3122
-0.0851588
-0.315063
2.0187
-0.0286217
-0.826205
-1.53902
-0.58817
-1.76355
-0.606305
-1.1282
1.26012
1.27621
-1.14511
-0.112816
-1.13654
-0.239698
0.367861
0.0241275
-1.06133
-0.342111
-0.236429
-0.269399
1.22016
-1.04393
-0.698986
1.00834
-1.13844
0.925335
-0.460527
-1.29394
-1.15652
-0.121758
0.73192
1.36631
-1.25857
0.49768
-0.418307
0.663905
-1.27385
-0.161852
-0.311549
0.665609
-0.423962
0.0264016
1.00123
-1.08262
-1.14194
-0.53342
0.327543
0.778338
-0.598519
-0.33675
1.19458
0.473142
-0.754344
-0.637672
-0.920384
0.0441622
-0.172938
-0.730085
2.46234
1.6374
1.14066
-0.55794
-0.875451
-1.69226
1.16888
-0.244182
-0.619654
0.530411
0.231189
0.396289
-1.70163
0.452205
1.23164
-0.330107
-1.04608
1.76085
-1.24609
-0.0852185
-0.482041
1.03612
1.15428
-1.32064
0.664638
0.638073
1.57549
0.579549
1.25037
0.266642
-0.794554
0.380423
0.0618467
-0.605328
1.89539
0.762083
-1.02411
-1.24167
0.473622
1.05254
0.449665
-0.301497
0.1355
-2.46964
0.64123
-1.18485
-0.787116
0.0662536
-1.37077
1.35253
0.436711
2.43331
-0.518383
0.772562
-0.924579
1.65148
1.52591
-0.617944
0.299671
-1.08096
-0.755447
-0.802507
-0.943947
-0.229333
1.29707
0.842616
1.52915
2.27252
-1.03823
0.531725
-0.532653
1.60528
-0.071192
-0.0622554
0.485575
-0.898413
1.08339
-2.21802
-1.60746
1.39549
-0.495429
0.183053
-1.55257
1.03506
2.29112
0.754715
-0.291092
-1.75995
0.855812
0.923297
-0.37969
-0.976175
-0.543489
-1.07589
0.307937
0.996124
-0.0961646
-0.00320389
0.173923
-2.01625
0.453422
1.31696
-0.972057
0.257866
1.21756
1.13542
-0.390082
-1.01516
1.02535
-1.41329
-1.61214
-0.265964
1.00186
-0.435596
-1.47596
-1.61041
-0.0668114
0.748153
1.36254
0.502304
0.947114
1.93467
-1.21024
1.74121
-0.80279
1.59099
-0.535993
-1.54252
0.210168
-1.45085
1.16591
0.662801
-0.307422
-0.994572
-1.31661
0.114062
0.268647
0.109531
0.178742
1.43343
-0.0401786
-0.461719
-0.753597
-0.0675466
-1.16144
0.200644
-0.0905641
0.418829
-0.0175723
1.53074
-1.3021
0.0650981
-0.543278
-0.97762
-1.89625
-0.913518
-1.18682
-0.225561
0.185196
0.0806628
0.745877
0.706106
-2.26664
0.0603378
-0.909546
1.33745
1.29194
-0.0791148
-0.0557511
-0.0982394
-0.0712997
-0.450251
-0.572145
0.374147
0.539815
-1.78473
-0.207759
1.092
0.405719
-1.40397
-0.989375
0.0774097
-0.467667
0.668943
-1.90198
-0.31118
1.25062
-1.45484
0.132287
1.46048
-1.21187
0.159447
-1.88844
0.697066
0.124833
-0.940895
-0.220626
-0.518715
-0.963675
-0.771575
0.280183
-0.168378
-1.12913
-0.155443
-1.00373
0.220695
0.987006
-0.818667
0.772416
2.38194
0.0391838
-0.0259274
0.269736
-1.49744
-0.712516
0.297142
-0.0325336
1.16979
1.13395
-0.334287
-1.62833
-0.29538
-0.636705
0.333679
-0.804676
-0.523484
-0.0790718
0.203865
-0.355362
0.14464
0.242245
-0.141364
-0.0980791
-1.73485
-0.807648
0.0481419
-1.31441
-1.60411
1.42234
-1.18588
-0.448489
-1.22755
-0.634211
-0.285178
1.20193
0.155846
-0.407952
-1.5385
-0.921914
0.000660358
-0.682596
0.287882
0.886363
-1.28103
-0.158598
0.637704
0.362378
1.03718
-1.47377
0.0759398
-1.85257
-1.38263
-0.350957
-0.0815511
0.283317
-1.4296
-1.01183
0.64238
-0.0698438
-1.89118
0.0542519
-0.418141
0.126157
-1.09109
-0.47737
-1.03638
-0.608357
0.103276
-2.48616
-0.549044
0.657048
-2.67051
0.760402
-0.0537817
-0.948753
0.608947
-1.31555
1.23623
-0.596927
0.332302
-0.761665
-0.764549
0.927426
0.168495
2.39302
-1.63305
1.1944
-0.202643
0.152175
-1.73655
-0.436029
1.21642
1.74095
-0.363596
0.6383
1.05375
-2.00308
2.14825
0.214598
-0.341088
-0.774307
0.543685
-0.895924
-2.04775
1.67655
0.73027
-1.01424
2.70229
-0.549876
-1.93837
-0.314385
-1.28922
1.56419
0.157488
-0.676473
1.08931
-0.290287
-0.480205
0.825815
-1.82671
0.596733
-0.0887268
-1.15123
2.40319
0.649814
1.66632
-0.554884
-0.535322
0.115187
-0.273656
0.650244
1.51626
0.543018
-0.137674
-0.392481
0.777504
0.321394
-0.531937
-0.483725
-1.62139
-0.0720705
-0.745612
1.30917
-0.21656
1.96154
0.230767
-2.30431
0.208147
0.200939
-0.506585
0.358987
0.0863655
-0.534317
-0.44709
-0.391645
-2.3447
1.07241
-0.891829
-0.754322
1.9476
1.45005
-0.772154
-0.673558
1.6259
0.854494
-0.380727
2.00709
-0.985007
0.529097
-0.51464
1.5477
-0.284831
0.99508
0.0661013
0.769046
-1.91788
0.15395
-2.215
-0.194096
-0.413807
-0.0628369
1.02434
0.357252
-0.334376
1.31016
-1.21305
0.444036
1.5967
-0.338016
1.28244
-0.055808
-1.10889
0.468665
-0.578563
-0.47456
0.149619
0.989474
-0.267536
0.0628282
-1.22705
0.422212
-0.606571
1.95511
-1.22948
1.18433
-0.551496
-0.30807
0.532711
-1.3105
-1.66865
0.26581
-1.35386
-0.19964
0.663212
-0.291578
-0.729018
0.503159
-0.0430888
-0.2176
-0.882829
-0.648999
-0.132333
-0.287895
0.646264
0.508285
1.30968
1.04325
-0.214661
1.97618
0.15534
-1.03144
1.35812
-0.0660752
-0.28696
-0.130632
0.311918
1.52611
0.957984
1.00165
-0.679267
1.25347
-1.33906
-0.422943
1.56217
0.851365
1.0485
0.0267527
-0.22495
1.36244
-1.92017
0.00692944
0.219911
0.24228
0.983722
0.855293
-1.05874
1.37823
-0.216782
1.68364
1.11836
0.946652
0.261151
-0.0791685
0.554131
2.79855
0.951287
-0.901252
0.154828
0.3844
-0.366571
-1.5712
-0.649586
0.0862438
-0.0393025
0.0181036
1.53051
-0.486724
-1.5799
-0.855365
0.235131
0.382673
-2.64404
0.746506
1.16767
-0.589439
-0.17586
-1.01046
-0.013514
0.410977
0.740666
2.36106
-0.636499
0.679927
-0.988787
1.84081
-1.41064
1.26465
0.927965
0.75396
-1.01739
-0.0527068
-0.918046
-0.750745
-0.561141
1.06233
-0.597562
-0.428092
-0.335895
1.62236
-0.622444
-0.22644
0.696324
-1.11472
0.517649
0.68153
-0.0315959
0.0251553
1.15026
0.422847
1.54479
-1.14634
-0.276764
0.878255
0.101898
0.599877
-0.638212
-0.671282
0.295484
-1.50404
0.960537
-0.0718835
-0.313208
0.654769
-0.816027
0.527534
1.04152
1.00334
-0.895655
0.782856
0.775256
1.7147
1.23958
1.95283
-0.289769
-0.0474841
0.292519
0.102118
1.33109
0.145519
1.99189
1.03868
-1.49661
0.203083
0.179058
-1.56798
-0.205573
0.442052
-0.0318893
-1.14406
0.349707
-0.958231
0.0645662
-0.109734
-1.46537
0.226515
-1.16716
0.298151
-1.53277
-0.0508092
0.258885
1.23573
-1.44531
-0.0434824
1.79421
0.214362
-0.220343
1.63068
-0.194968
0.330263
-0.483381
-0.185342
-0.000671298
2.36228
-1.08747
0.585123
0.561801
0.876038
-0.595561
0.818873
-0.795559
1.42154
-0.233109
0.016744
1.19247
-0.194017
-0.236058
0.000339854
0.0591582
0.914299
-0.686455
-2.16049
-1.45302
0.210973
0.503439
0.891994
-2.11229
-1.11456
1.02604
0.649925
-0.56171
-0.0487656
-1.15219
-0.485782
1.40806
-1.06124
1.51063
1.04601
0.0341767
-0.208701
0.742238
-0.88288
-1.53694
1.32171
-0.201738
-0.225144
0.208505
1.29673
0.206704
-0.0961429
0.0703489
-0.0685132
1.54808
-0.630982
0.346409
-0.501197
-0.572195
0.62905
-1.07678
0.135543
-1.19135
-0.655709
-1.03005
-0.337944
-0.595324
0.239861
-0.00880958
-0.184248
-1.46363
-1.04882
0.814956
-2.25331
0.108145
0.934896
-0.533832
-0.23065
1.6664
0.184716
0.62027
-0.424973
-0.330825
0.161581
1.70457
0.19166
0.779789
0.0390246
1.52259
-0.261579
-0.56706
0.419321
-0.91813
0.228231
0.331463
0.092938
-0.786909
-0.0915727
1.18874
-0.277555
-1.27475
0.386866
-0.983086
1.67973
-1.18327
-0.792407
0.425121
1.97666
0.660509
-0.279718
0.948009
0.134797
0.181474
1.26383
0.666088
1.40808
-0.138754
0.479001
-1.11897
-1.7186
-0.550332
-0.358305
1.4667
-0.140579
0.409728
0.520465
0.362057
-0.920353
0.70266
-1.87217
-0.838732
-1.14778
-1.02571
-0.994164
-0.465663
-0.519644
-0.373261
0.845318
-0.582872
0.968653
0.00813778
-0.961498
1.98551
-0.871889
0.450753
-0.388743
-0.0171863
-0.507534
-0.130625
1.44833
0.618413
-0.471693
-0.919691
-1.51318
-0.128485
1.33548
0.178085
-0.249853
1.58503
0.618425
-0.186774
-1.31782
1.03946
-1.0679
-1.06248
-0.34661
1.18651
1.10201
0.464445
-0.382689
-0.562982
0.322932
-0.752112
-1.03215
0.650176
-1.01397
-0.467874
-0.5721
0.141573
0.396131
-0.32124
1.38492
-1.07208
-0.0380335
-0.545252
-1.56443
0.440778
0.328072
1.48486
-1.14154
-0.426704
0.0349682
0.71948
-1.3243
-0.450279
0.380061
0.955718
-1.11562
-1.28245
-3.14192
0.924466
-1.41886
-0.218294
1.42958
0.0594947
0.398896
0.998976
2.17653
2.64752
1.15593
0.985037
-1.12209
1.60134
-0.529235
0.149116
1.18895
1.12165
-1.44122
-0.539652
-1.03288
-0.497706
1.23533
-0.352935
-2.3505
0.369564
-0.253345
1.15653
0.920419
-2.66771
0.85307
-0.268615
1.30824
-2.02569
-0.957328
-0.0405975
0.261863
0.195519
-0.0232559
0.21777
1.44397
1.56655
0.449525
-2.20848
-0.879138
1.11678
-0.461098
0.367324
-0.857359
2.18088
0.889296
-1.89848
1.45887
-0.763827
-0.820828
-0.143782
-0.334035
0.130701
1.16923
-1.26918
-0.667252
-0.392613
1.28552
0.643893
-0.0351366
0.491092
1.39567
1.06658
0.0438442
-0.597968
-0.808499
-0.628112
0.971529
0.143412
0.0764045
0.944395
0.272256
0.165064
-1.75384
-0.125109
1.37018
0.219083
0.387293
-0.744061
0.154483
0.457243
1.39319
1.80163
0.589063
0.688099
0.237644
3.12171
-0.0513074
1.24911
0.46517
-0.441046
0.631483
0.49814
-0.842629
0.155817
0.348573
-0.410941
-0.354047
0.862654
0.276771
0.491683
-0.492975
-0.0562197
-2.10974
1.87478
-0.474923
-0.98528
0.302257
-0.578921
0.996171
-0.528846
-2.39386
1.18032
-0.387349
0.848686
-0.209013
-0.281823
2.06315
2.00122
1.3263
-0.00388449
-1.62954
-0.0815048
-0.238323
-2.35028
-0.898664
0.0476069
-1.29717
-1.24228
1.40485
-1.44848
-1.35692
-0.49242
0.0867438
-0.300769
1.91444
0.0265765
-0.586765
0.260103
-0.912601
-0.190414
-0.569766
0.247679
-0.71973
1.72133
-0.0817443
1.41172
-0.945343
0.737237
-0.937129
0.681315
0.023095
-0.953622
1.04565
0.498155
0.449519
0.189074
0.951481
0.0960168
0.846414
0.0821928
-0.309995
1.09566
-0.330928
0.857246
0.679648
0.234026
-1.74984
1.56081
-0.224314
0.403337
-2.9126
-0.0453789
0.177597
0.911096
-0.687257
0.425393
-1.48683
-0.0388606
1.63888
0.138834
0.233939
0.599748
1.19106
-1.27071
0.345921
-0.483913
1.23024
-0.524051
1.44498
0.808049
-1.24476
0.170143
0.444937
0.561195
-0.765139
-0.704894
-0.619796
1.40216
0.208675
-0.182084
0.652573
-0.053093
-1.7742
1.72972
-0.316577
0.21669
-0.274929
0.046763
1.77177
0.616822
1.61649
-0.241063
0.827518
1.17348
-0.31752
-1.92932
-0.338651
1.52424
1.12523
0.516354
-0.00633675
0.118712
1.84299
-0.166462
-0.924417
0.024756
-0.105894
-2.33279
-2.89471
0.293227
-0.747247
-0.605134
0.323833
-1.25341
-0.656307
1.03708
0.384471
-1.12213
0.266189
-0.438521
-0.997988
-0.18348
1.68131
-1.13179
-0.86043
-1.08423
1.1126
-0.0138797
-0.750856
1.02227
-1.13562
0.078025
-1.35336
0.734329
0.152282
1.38033
-0.226245
0.188885
0.367378
0.297519
-0.278784
-1.06567
0.737604
0.187875
-0.747568
0.606174
0.855703
0.270103
-0.6528
1.01528
-0.618489
-0.624281
-1.06659
-0.199417
0.717945
1.07879
-0.357303
0.264047
-0.691417
0.186875
0.153822
-1.51116
-0.0436772
1.00604
1.1783
1.24008
-1.2219
-1.55325
1.56154
-0.155512
0.805465
0.498985
1.26698
-0.729938
0.798151
0.283477
-1.73003
-0.966042
0.320186
0.016156
2.8696
1.67933
0.492127
0.608941
-1.29955
-0.848243
-0.630773
2.0653
1.00016
-2.05272
0.899439
-1.07787
1.04655
0.148509
-1.42872
0.20719
-0.490937
-0.744741
0.239231
-0.407736
-1.02482
-1.21606
0.171049
-1.64152
1.11334
0.658188
-0.846648
-0.3685
-0.631872
0.387915
-0.795788
-2.44246
-0.242466
0.215097
1.3097
-0.389816
-0.325021
-0.935249
1.07701
-0.0512859
-1.07213
-0.946187
0.507285
0.0953169
0.659442
-0.253599
-0.123418
-0.646793
0.633641
1.74424
2.14052
0.669424
0.988441
-0.631546
-1.07752
1.47876
1.70821
-2.18691
-0.809596
-2.07661
1.15225
0.925934
-1.49984
-0.369424
1.04788
0.252169
0.403431
-0.739075
-0.639867
-0.521403
0.0874595
1.35147
-0.935841
0.692386
0.488307
0.83462
-0.275684
1.05482
0.0546563
0.21247
-0.703043
1.4242
-0.613741
-1.15104
0.079939
1.06438
1.27062
0.672742
-1.46573
1.40683
-0.520436
-0.16756
-0.0312418
0.660707
0.0576004
1.40865
-0.132605
-1.03672
0.894345
-1.51243
0.418289
-0.352367
1.00234
-0.025588
-0.346816
-0.261545
-1.54227
-0.357654
1.30524
2.53892
0.374297
0.831675
0.580031
-0.543763
-0.420646
-0.898884
1.67757
-0.498851
0.207133
1.16245
0.420796
0.22145
1.12661
-0.345866
-1.8347
-0.383753
1.41709
0.423836
-0.368655
0.715226
0.121215
2.53984
-0.0435464
-1.85157
0.19781
1.52782
0.0356905
0.581715
-0.284747
-0.129989
0.820609
-0.385425
-0.606565
-1.20661
-1.21504
-0.341152
-0.221005
-2.09003
-1.47993
-0.41483
1.05405
2.09398
0.69191
1.77183
0.0194175
0.457752
-0.724503
0.490177
-1.54209
1.01261
-1.68298
-0.929154
-1.32327
0.254681
1.03737
-1.16341
-1.83876
1.80826
1.5302
0.980077
0.362944
-0.690144
-0.641947
0.587881
-1.23059
0.380066
0.102936
-0.0380035
-0.144271
-1.10986
1.06724
-0.435805
-2.0804
0.112848
-0.59655
3.34749
0.147035
-1.13663
0.643339
1.49253
0.0074962
-0.993662
0.0400238
0.0488312
1.27363
1.25693
1.2455
-0.0969404
1.47892
0.416167
-0.890493
-0.360193
0.855104
0.151373
1.58442
-0.732878
2.12738
-1.35789
-0.849994
-0.984892
-1.04351
-1.08323
0.913412
-1.43125
-0.0540988
0.803384
-1.87989
-3.48221
-0.288764
0.378991
-1.58302
0.0799408
-1.32375
1.20107
-1.16063
1.8335
-0.692327
0.197822
-1.23021
-0.604973
0.236672
-0.695641
0.682695
-0.588472
-0.164906
-1.04208
0.922586
-0.642587
0.81312
0.452542
-0.169067
-1.05992
2.1461
-1.97704
-1.86294
1.23749
0.357726
-0.474487
0.997628
1.12798
0.0733305
-0.619031
-0.461164
0.30002
-0.470101
-0.0103469
0.317127
0.768707
-1.04662
-0.0458817
0.00504278
2.40172
0.647675
2.27842
-0.14774
-0.227206
0.909467
0.842007
-0.365904
0.561242
-1.79167
1.30828
0.162305
-1.50992
-0.112288
-0.610454
1.65734
-0.421425
1.28474
-1.63971
-2.42528
-0.0282029
-0.275082
-0.750928
0.0301287
-0.607044
-0.129051
-0.538108
0.576556
-0.0436987
1.17472
-0.25848
0.0818769
0.350116
-1.1454
-0.283432
-0.10836
-0.815089
0.60181
-0.631082
0.200027
1.61214
1.43837
0.215055
1.0893
0.353213
0.340738
-1.74542
-0.112096
-1.41934
-2.36659
0.838248
-0.216821
-0.684477
-0.198524
0.922723
0.324649
0.146815
0.4429
0.794406
-0.270477
-1.16618
-1.18857
1.26512
0.03108
-1.97445
-0.117827
0.150773
-0.356676
1.22293
-0.483679
-0.990918
0.388331
-1.56047
-0.932086
-2.64449
-0.844644
1.52631
1.29083
-0.424627
-0.0629585
-2.19413
0.0457117
0.338084
-1.4007
1.06328
1.24737
0.13952
-0.0995693
2.03697
-1.61458
-0.494649
-1.4388
0.383806
-0.678277
1.07247
-0.291933
0.881403
1.17603
-1.43597
-0.704258
0.350859
-0.388537
-1.50181
-0.472172
-0.514002
-1.32586
-0.0197525
-0.15871
1.35823
1.89489
0.771811
0.846951
0.766336
-0.300832
-0.194228
-1.10447
0.0470502
-0.803929
2.25997
0.213681
-0.215191
0.113102
-0.0104843
-1.6134
-0.385282
-2.39277
1.30664
-0.653712
2.04582
-0.83464
0.0411429
0.7443
0.734178
1.22231
0.803132
0.84955
-0.648385
0.156686
-1.64362
0.0464172
-0.649264
-0.474758
1.9866
0.582534
-1.54601
-0.559191
0.100102
0.52418
-0.132436
0.734966
-0.938493
-1.48696
2.66053
1.09284
0.0548481
-0.521912
-0.684461
-2.12746
-0.238826
1.60673
0.354551
-0.153797
0.479519
0.783247
-1.21413
-0.770145
-0.189522
0.911417
-0.621686
0.122024
-1.2208
-1.43797
-1.67651
-0.877727
1.25195
-0.998652
-1.79133
-0.420748
-0.232203
-1.1423
-1.05818
0.461933
-0.574687
-1.3977
0.413633
-0.394567
-1.15749
3.0284
-0.757024
0.487994
-0.980222
-0.841854
-0.796693
-0.950173
-0.258091
-0.442074
0.195417
-0.335863
-2.34666
-0.345138
1.13117
-1.15248
0.2084
0.414627
-0.789143
0.321488
0.501794
0.596457
-0.220674
1.12171
-0.280764
1.26275
1.19862
0.951314
-1.1593
0.442313
-0.724784
-0.250483
0.147119
0.674302
0.203847
-0.473426
0.889829
-0.501324
-0.812964
-0.512992
-0.377618
1.61071
0.177197
-2.23471
1.49275
-0.216367
0.0281751
-0.665136
0.587384
-0.114324
0.633301
0.516999
0.956353
1.28064
0.392917
2.4365
-0.726263
-0.482649
0.327919
-0.393569
0.740837
-0.77632
-0.376423
0.859651
1.09266
0.0966764
1.3317
-0.22653
1.06237
-0.0370857
0.0925729
-0.514199
2.07187
-0.777793
1.51418
1.05234
-1.93532
-0.327521
1.66446
-0.404728
1.49993
-0.47641
0.100208
-0.705573
0.281974
0.588843
-0.0623571
0.724773
1.36887
0.831211
-1.42287
1.27902
-1.05623
1.00968
-0.979125
-0.552774
-0.253213
-1.1157
0.0984961
0.390499
-1.45189
-0.0287407
1.69476
-0.576959
-0.370583
0.0991261
0.231883
1.41352
0.649051
1.472
2.11898
2.28946
1.19515
-0.210748
-1.95069
0.37749
0.00578571
2.33996
0.7238
-0.112517
1.07787
0.191202
-0.341982
0.47552
0.278897
0.43146
0.567039
2.26241
1.62159
0.235244
-1.03321
1.624
0.850843
-0.272092
-0.107488
-0.860324
-0.190278
-0.652899
0.29097
1.88668
-0.404175
-0.111541
-0.429946
1.01454
1.61176
1.03273
-0.406489
0.286334
0.249565
-0.341415
-0.335059
-1.8368
-1.28921
0.796469
-1.20478
-0.705714
1.30946
-1.24161
-1.65791
1.01598
0.656549
-0.444959
-0.397096
0.40878
0.340191
0.858879
0.731076
-0.133086
-0.336324
-0.733437
0.337383
-1.69674
-0.694441
1.56205
0.163516
-0.198342
1.59823
-1.02005
2.10394
0.27667
1.2854
-0.933889
0.799061
0.308317
-0.104041
0.639619
0.737884
-0.519125
-0.0880783
1.01397
-0.243797
0.110384
-1.46028
-0.421128
-0.628163
0.68598
0.412912
-1.08569
0.362969
1.17891
-0.935965
0.846255
-0.720064
0.107312
-0.00274604
-0.549215
-0.802691
0.599698
-0.268211
-0.914915
-0.864495
-1.61577
-1.12656
-0.0465697
1.66889
0.529827
0.31323
-0.704856
-0.285253
0.927949
-0.365284
0.056716
0.302643
1.74813
-0.0214423
-0.397674
-0.421922
0.641052
-0.513999
-0.470674
-0.817671
2.34212
0.230556
-0.227747
-0.712878
0.0431355
0.467802
0.283193
2.03232
-0.0397724
0.629526
1.10534
1.18954
-0.91013
-0.712914
-1.58616
-0.100361
0.522582
-1.72892
2.52401
-1.03582
3.25131
-0.309358
-0.188653
0.162774
-0.709674
1.04911
-0.0466858
0.752527
0.0394024
-0.392572
1.34911
0.666121
-1.5494
0.604998
0.835346
0.222508
-0.522311
-0.656889
-0.450315
-0.506405
0.347262
-0.248902
-1.12998
1.08492
0.0425054
-0.561451
-1.22365
0.860105
-0.546284
-0.0627531
-0.914983
1.05928
-0.343534
-1.02033
1.26701
0.418524
0.942114
1.33804
-0.282062
-0.127531
0.0237941
-0.698856
0.390817
-0.115897
-0.359253
0.0519948
-0.88528
0.164824
0.280322
0.253597
0.256859
-0.0570745
-0.644351
0.52783
-2.05131
0.301376
-0.89391
0.270834
0.808166
-0.59753
-1.47238
1.03151
-0.30181
0.795057
-0.975153
0.679832
1.20114
0.498829
1.20284
-1.5072
1.57501
-2.3532
-1.24194
-0.129657
-1.7994
1.18463
-1.70313
0.715906
-0.199567
-1.20417
-1.40589
-0.4353
1.93849
0.476795
0.774562
0.230935
-0.225517
0.871565
-0.550284
-0.766022
1.31991
0.0207852
1.03413
0.73406
0.878555
-0.0175146
-0.414039
-0.85945
1.49185
0.219347
-0.338623
-1.46762
-1.07027
0.367905
1.07859
-1.08922
1.87663
-1.23549
0.405091
1.43287
0.0956392
-0.707282
-0.678737
0.299427
0.947504
0.389873
-0.881239
0.092747
-0.714702
-0.417252
0.911248
0.567484
1.33356
1.72226
0.964489
1.0664
0.752476
2.57363
-2.03774
-1.91022
-1.27682
-0.63472
-0.259679
0.733161
0.176758
-0.146981
-0.386664
0.209229
1.50401
-1.07285
1.37845
-0.756371
1.98027
0.273698
0.301537
-0.548739
0.168158
0.573813
-0.0963237
0.0480563
-0.103217
0.919419
0.174963
0.535723
0.0166356
-1.80874
0.25396
-0.240162
0.119715
-1.5451
0.109009
1.81218
-0.0811201
0.479792
1.08958
1.53335
0.252938
0.742853
-0.0121148
-0.0809209
0.549607
0.698811
-0.526324
0.710142
0.751636
3.92198
-0.675471
-2.06848
0.217487
-0.379347
0.63958
1.54048
0.0943697
-0.0825199
0.315345
0.504698
-0.239812
0.19261
-0.0334216
-0.136042
0.459505
-1.33811
-1.66437
0.071907
-0.081182
-0.842175
1.31289
1.28441
-1.30616
-0.048189
-0.570448
-0.0634235
-0.141755
-0.734941
-0.423263
0.734366
-0.463658
0.0796189
-0.516235
0.0218058
0.200031
-1.54825
-1.47913
0.2364
-1.18282
0.421308
0.295266
0.18383
1.80473
-1.27421
-0.0692106
-1.44303
1.83474
-0.0736217
0.814167
-0.538894
-0.331646
0.0200586
-0.429442
-0.48663
-0.149627
0.639109
-1.57183
0.657991
-1.56447
1.00936
-1.26976
0.515103
1.06627
-0.0779396
-1.01675
0.739132
-0.245005
1.52466
-0.628426
1.459
-0.133338
1.14794
1.31346
1.1951
0.152806
-0.0341163
-2.76058
2.08787
-0.225065
-1.46216
-1.57054
-0.399379
-2.27752
1.10431
0.0442166
-0.221879
0.229549
1.03651
-0.0759305
-1.33282
-1.21649
0.704458
-0.45085
-0.192318
-0.224376
-0.505291
-0.0141993
-0.708024
0.123847
-0.566701
-1.23175
0.859592
0.0574085
-0.601389
0.826745
0.987506
-0.0570223
0.386833
0.0027392
-0.30449
-0.939317
-0.654529
-1.4761
-1.14111
0.110412
0.431959
-2.06197
-0.340474
-0.777144
0.894041
1.07227
0.46816
0.774172
0.643632
-2.0795
-0.759511
-0.297739
0.919711
-0.190992
-0.178738
-0.575092
-1.53661
1.40214
-0.329891
-0.532041
0.0789824
-0.0294798
-0.801904
1.33501
1.18619
0.189613
-1.79161
0.169
1.32729
0.850809
-0.214278
-1.09934
0.258847
0.357233
-0.584151
1.50627
-0.229527
0.898545
-1.31391
0.22885
1.31655
-1.45789
-0.949772
-1.39279
-0.395506
0.987418
-0.275173
1.07761
-0.243075
-0.721322
-0.911019
0.0600222
-0.933673
0.72156
-0.868201
-0.086983
-1.68136
0.0132491
-0.725258
0.598649
-1.05095
-0.842413
0.939762
-2.43049
-0.0914555
-0.639957
-0.573793
-1.44928
-0.00664698
2.08473
-0.177421
0.140874
0.330498
0.072507
0.814404
-0.335503
-0.287977
0.378261
-1.47979
0.112674
-1.32528
0.0665105
0.883148
-1.65632
1.05039
0.31227
-1.05707
1.24313
-1.08586
-0.954531
-1.30049
0.952693
1.05429
0.78077
2.20141
1.98979
0.826144
1.06577
-0.0467396
0.656421
-0.624705
-0.356449
0.172703
-1.70828
0.654372
0.0840313
-1.50031
2.8049
1.91588
-0.463763
-0.0394698
0.752541
-3.14733
-1.2662
0.0469567
1.07451
-1.33617
-1.30699
2.09756
0.0913625
0.211049
-0.311099
0.273942
-0.795411
-0.159864
2.1381
0.516561
0.689454
-0.173808
1.0337
0.275015
-0.0717603
0.748782
1.40293
-1.42815
0.223322
1.03858
-0.228016
-0.119384
-0.680273
0.363692
0.573004
-0.511634
-1.16352
0.655422
-1.11187
1.41551
1.2766
1.28071
-0.365879
0.195954
-1.31863
0.00536989
0.0496622
-0.770531
-0.375517
-0.395145
0.991337
0.948557
-1.70861
0.77265
0.392221
-0.555223
1.35082
-0.513116
-0.920902
-0.677847
0.970358
-0.99923
-1.44743
-0.380584
-0.220474
-1.13338
-0.621581
0.295535
1.13854
0.293745
0.0859215
0.462349
-0.531921
1.30392
-0.456071
-1.064
1.16246
-0.575717
-1.8422
0.0462742
-0.18677
-0.990741
0.202918
0.126251
1.01034
0.116163
-1.35303
-1.36252
0.379241
-1.19002
-0.905769
1.09868
0.906919
-1.03715
0.13221
-0.867704
-0.178915
0.493093
1.00735
0.469704
0.339317
-2.03898
-1.68805
-0.999392
0.0381007
0.245746
0.732127
0.592082
-1.26269
0.142938
2.15783
-0.769355
-0.716967
1.03333
1.21808
0.696019
1.0282
1.16381
-0.622144
-0.743743
0.709655
-0.626809
-1.55879
1.10006
0.79798
-0.576504
0.509041
0.579975
-0.669459
1.0805
0.435269
0.352916
0.210873
-0.858123
-2.16021
-0.566434
-0.292666
-1.29228
1.00405
-2.13297
-1.37649
-0.0217014
-0.119549
1.0185
0.514585
-1.15204
1.94374
-2.30189
0.826952
-0.536498
-0.235012
-0.723804
-1.07067
1.48075
-0.359171
1.8732
-0.865081
0.579979
1.45919
1.68336
0.496862
-1.41972
-1.16631
-0.13759
-0.946513
-1.36839
0.217814
0.435649
0.627348
1.06969
-1.01239
-0.556711
-0.140446
0.44741
-0.113388
0.149454
1.33251
-0.878827
0.489228
-1.00312
0.501687
0.056259
-0.711726
0.345742
0.843505
0.975957
-0.256498
1.21002
-1.61534
0.0680057
0.378467
-0.401008
-0.152612
-0.347013
-0.625261
-0.173007
-2.21716
-0.620616
-1.195
1.2761
0.116569
0.577284
0.755983
0.422469
-1.21786
0.0286058
1.53816
-1.23497
-0.357193
-1.21441
-0.144938
1.04844
-0.325995
0.298318
0.517431
-0.510187
-0.222164
0.752673
-0.316938
1.07319
-0.193128
0.052687
-0.00541007
1.04304
-0.739046
-1.4576
1.01696
0.220917
0.854598
0.0185601
0.861277
-0.361794
-0.709409
1.18593
2.15554
-0.17358
-0.443627
0.488923
0.677366
1.21769
-0.991321
-0.0944732
-1.30787
-0.523535
0.467548
-1.20025
1.90852
-1.20585
0.470574
-0.455953
-1.53299
-1.14652
-1.06851
-1.77418
0.193174
0.307496
-0.733338
0.0581718
-0.13293
-1.00053
0.0313193
-1.20674
-0.64443
-0.842919
-0.055613
0.0406994
-1.10124
-1.95728
0.804993
-0.580904
0.213781
0.94433
-1.10102
-1.25074
-0.0575026
-0.752896
0.67823
2.0241
1.5757
-1.38239
-0.1603
0.794224
-0.60597
-0.337871
-0.0754105
0.453284
0.812344
-1.45693
1.37314
-0.962165
0.15153
-1.28274
-1.87114
1.32567
-0.913158
0.271308
-1.07122
0.958662
0.481409
0.942829
1.46139
1.51779
-2.38475
-1.49135
1.19463
0.889504
0.54125
0.302134
-0.716635
-1.29282
0.702482
0.015705
-0.705811
-0.938317
-0.637397
0.29021
-0.513262
0.0106935
0.625276
0.535904
1.28651
-1.12709
-0.162522
-1.88524
0.460966
-0.0184548
0.988092
-1.85506
0.85474
0.108733
0.915373
-0.907249
-0.674895
0.857749
-0.507571
-1.24768
0.434943
-0.415119
-0.32649
0.250841
0.981271
-0.483021
0.241052
-0.68683
-0.0349822
1.25158
-1.01008
1.81263
0.934813
1.12389
-0.757857
1.73734
0.541737
-1.05019
-0.542405
0.0311217
-0.715574
0.603606
0.0353762
1.38209
-0.451729
-0.617758
-0.663103
-0.536697
-0.103738
0.825108
1.61155
-0.325165
1.39021
1.91997
0.162715
-0.351511
1.55114
1.52936
-0.832297
0.257162
-0.444772
-0.232784
0.0398007
0.193557
-2.32958
0.0708303
-0.674942
-0.211062
-1.03337
-0.467167
-0.150842
-0.588709
1.25583
1.08361
-0.0400251
0.919761
-0.456148
2.13646
-0.254159
-0.155562
1.69346
-0.411594
-1.17066
-0.192717
1.72961
-0.96567
0.972598
-0.81636
0.705019
-0.32809
-0.33978
0.800281
-0.694269
-1.31456
-0.818832
0.807811
-1.13194
-0.413156
-0.921298
2.19713
0.85167
-0.929016
-0.252825
-0.0987256
0.450654
-0.745571
2.19696
0.523149
0.526149
1.27248
1.21016
1.13925
0.448541
-0.0230512
2.06182
0.323196
-0.52381
-1.4297
-0.295383
-0.66133
-0.367172
-0.218088
-0.0910192
0.068095
0.387344
-0.447208
0.75859
-0.828269
1.82655
0.529979
1.42337
0.326879
-1.41626
0.0594816
1.50217
0.769349
1.91651
0.633242
0.941319
-1.85431
0.906907
-0.998862
-0.687596
-0.788821
1.45818
-1.19712
-0.390654
0.31702
0.0968489
-0.87375
0.850225
0.197307
-0.55976
0.0844732
0.596944
2.14038
-1.00251
-0.000333888
-0.429991
2.05163
-1.09333
-1.64169
0.729872
1.02416
-0.760129
-0.650966
2.79824
-1.27952
-1.53482
-0.754118
0.0698182
-0.326874
-0.923832
1.96251
-0.963745
-0.642633
1.18157
0.791978
0.670704
-0.669664
0.673498
-1.28593
-0.706238
1.44251
1.64989
-1.47261
-0.258169
-0.378712
-0.54026
0.840281
-0.227134
-1.4266
-0.822275
0.448852
0.204962
-1.03087
1.60976
0.966129
0.31253
0.312486
0.24808
-1.37709
-1.59836
-1.58525
-0.3279
-1.94606
-0.162929
-1.4269
0.794808
-0.39675
1.08451
0.407398
0.291584
-0.666401
-0.401333
-1.27664
0.187224
-1.30337
0.0718643
0.858911
-1.12023
-0.535908
0.342912
3.12818
-1.65877
-2.27876
0.320354
-0.0114662
-0.593656
-1.1922
0.106937
-0.474366
0.0262259
0.500921
0.963632
-0.476732
0.773898
1.29392
0.379594
0.730853
-0.998855
-0.184657
-1.14749
-0.241664
0.713343
-0.164943
-0.968068
0.165699
-2.03586
-0.788767
0.19041
-1.17078
-0.490321
1.47583
0.863076
0.190365
1.02984
1.19066
-1.1448
-0.462561
0.712084
-1.16513
-1.68718
2.33828
0.722862
0.105062
0.248721
-0.248847
-0.100028
0.212784
-0.451528
-0.470984
-0.478833
0.646526
-1.21727
-0.614035
1.50242
1.83559
0.798999
0.568988
-1.34525
-0.968613
-1.75866
-0.0851196
-0.506724
0.410732
0.965547
-1.44436
0.638952
-0.000241453
0.689815
-0.894611
-1.9065
-0.157525
-0.583972
-1.47051
-0.0348565
0.343944
0.411994
-0.570015
-2.5008
0.42059
0.0456038
-0.603244
0.441062
0.408877
1.16228
1.48639
-1.83232
0.168828
0.359376
-0.151543
0.147009
-0.393984
0.561508
0.91508
-0.276921
-0.611594
0.210262
-1.16541
-0.510474
1.36262
1.8896
-0.578515
-0.386341
0.239187
-0.75362
1.15734
1.33912
-1.88967
0.394302
3.67513
-0.796577
1.84929
0.0154582
-0.451114
1.50429
0.253235
-0.852972
-1.15405
-0.414189
1.18057
-0.295339
-0.427165
-0.256869
-0.534727
-0.534925
0.902824
0.919825
-1.44277
0.568153
0.192574
-0.0234681
0.516281
-0.790616
1.11892
-0.176486
-1.32982
0.24032
-0.110634
-0.0904031
-0.592973
-0.617453
-1.06501
0.0494957
-1.90041
-0.35434
0.317375
-0.51008
-0.75584
0.525271
0.0728423
1.00374
-0.626216
-1.41905
0.509725
0.823412
-0.768016
-0.407425
2.6617
1.90229
-0.164165
-0.247633
0.295031
2.34078
-0.377347
0.848156
1.46361
1.12167
0.180102
0.0745786
0.897631
0.219361
-0.73283
0.534962
1.18875
-1.54837
-0.297491
1.45277
0.191487
0.260775
0.162962
-1.6164
0.668548
-0.186383
-1.38548
-2.37791
-1.48342
-0.703696
-0.770137
-0.200383
-1.08728
-0.876344
0.373044
0.40487
0.0510602
-0.691364
0.416764
-1.31677
0.524975
0.497098
0.804907
0.0580852
-0.632602
0.303672
0.572139
0.431635
1.34686
-0.842783
0.39737
0.00045365
1.02993
0.824182
-0.768537
0.671434
0.579054
0.44254
0.539614
-0.844853
-0.970264
1.93849
-0.50602
-1.13294
-1.29233
0.477785
-0.744319
-1.03875
-0.881155
1.11244
-0.0878127
0.951455
-0.665533
-1.82633
-0.248931
0.191324
-0.760018
1.31115
0.339002
0.185407
0.611481
0.270579
-0.901324
0.637764
0.975383
0.234927
0.556481
-0.0218877
-0.289447
1.36885
-0.0419374
-0.941823
-0.821388
-1.20055
-1.61538
-0.389723
0.461421
-2.48837
1.37342
0.930299
0.81303
0.932142
0.174952
0.275514
0.154251
1.30846
-0.058997
0.13856
1.43443
-0.649053
0.245419
1.44905
-0.615237
0.132104
-0.445256
2.07495
-0.833623
-0.0524707
1.24311
-0.380969
0.277525
-0.42968
0.858226
0.0326782
-0.312816
-1.09832
0.658251
1.39387
0.167202
-1.54809
1.05222
0.486563
-0.554598
1.20076
0.785191
1.45071
0.0537289
-0.0476704
0.523836
-0.862413
0.114199
-0.780376
-0.09673
-0.166975
-0.448755
-0.123201
-0.551812
-1.00837
-0.024721
1.20686
1.43069
-0.16536
1.45272
-0.47325
-2.22542
0.454223
0.487564
-0.537125
-1.88093
-0.893758
-1.14771
1.25583
0.294439
-0.132525
0.728624
-2.67849
0.191563
-0.0996156
-0.517765
0.393487
-1.19796
-1.26892
-2.86575
0.0397171
1.76756
-0.314284
0.413842
-0.720064
-0.745882
-0.313134
0.916618
0.570088
-0.267943
0.130662
-0.198717
0.739231
0.537319
2.04053
-0.202286
1.20136
0.617388
0.805782
2.65538
0.33656
0.33704
-0.459223
-1.86476
2.22641
1.5624
-0.815306
-0.684691
-0.135787
0.274115
1.49695
0.715848
-1.72057
0.106355
-1.08148
0.315137
-0.528187
1.64041
-0.755316
0.26788
-0.932397
-1.45201
-0.308966
-0.34723
0.868894
0.521937
0.632903
0.234562
0.379412
0.289963
1.24182
1.44972
0.338049
-0.898582
-0.772531
-0.415286
-0.583042
-0.582096
-0.970266
-0.284158
0.0171038
0.730612
-0.0671459
-0.413608
1.7173
0.524396
-0.545448
-0.673994
-0.157768
0.309306
-0.758493
-1.29844
-0.80215
-0.719929
0.135575
-1.49208
1.64695
0.122359
-0.720269
2.06477
0.310151
-1.3073
-1.34052
0.242881
-0.21744
-1.95129
1.32364
-0.631291
0.243918
-1.62153
-0.0782473
1.98984
0.49692
-0.0967968
-0.0374664
0.263632
-1.52304
0.872837
1.26399
-0.901538
-0.380312
0.745198
0.457175
-0.725646
1.775
0.657177
-0.103661
1.23736
0.57064
-0.0852103
1.17535
-0.407379
2.49388
0.68485
0.304467
0.419163
0.035413
-0.431183
0.310873
-1.1526
-0.968527
-1.04973
0.706971
-0.857432
-0.670465
0.820965
0.320472
-1.48621
-0.840392
-0.468109
-0.130125
0.244912
0.134066
0.811236
0.486067
-1.07422
-0.115216
-0.568991
-1.36445
-1.65321
-1.15319
0.382394
1.2046
-0.372727
1.11173
-0.852155
-0.00181721
-0.260103
0.244197
2.09328
-0.464947
-1.12757
-0.0850522
0.142052
1.30701
-1.60071
-1.38436
0.231056
-0.729864
0.229079
0.264285
0.324626
-0.554411
-1.30971
0.940713
0.282113
-0.964117
0.294287
0.156075
0.28338
-1.55062
0.67838
-0.392722
-0.651966
-2.226
1.053
-0.364642
1.5568
1.10347
0.68157
0.691546
-1.63763
0.265586
-1.0639
0.0345371
-0.496228
-0.200734
0.965324
1.01019
-0.553302
-0.0893757
-0.385958
-0.192956
0.863083
-0.240176
-0.597053
0.501009
0.763525
0.821815
0.0508794
0.432451
-1.94263
1.17556
1.54233
-1.58181
2.20535
0.38736
3.17626
0.369006
0.981042
-0.723781
-1.55928
0.0966101
0.030606
-1.53144
0.257288
1.22625
-0.526756
-2.00886
0.640876
1.84521
-0.220903
-0.882495
0.884276
0.858703
-0.833164
0.219066
0.985039
-0.271773
-0.869609
0.0320546
1.08102
-1.14366
-0.0696203
0.796543
-0.684864
0.155013
-0.00364156
-0.219295
0.929607
-1.25074
1.1181
-0.446039
1.63706
0.301206
-0.259582
-0.0500863
0.184139
-0.414317
-0.674635
2.63852
-0.21036
-1.95343
0.382204
-1.04471
-1.54042
-0.203129
1.10081
-0.0397618
-1.24694
-2.66414
2.67932
0.523356
1.25529
1.27741
0.597819
0.274994
-0.718393
-0.383834
-0.389143
-2.08246
2.24224
1.18104
0.97269
-1.83656
-0.302481
-0.879865
0.287391
-1.05189
-0.298632
-1.45938
0.416167
0.123455
-0.104074
-0.0913271
-0.627025
-0.636206
-0.319922
1.43265
0.222381
0.267539
-0.413511
-0.268558
0.501884
0.145392
0.88242
-0.812851
1.39012
-2.20495
0.544197
1.27821
0.119335
1.9956
-0.696611
1.48502
0.905589
-0.264622
-0.0447182
0.0772425
-0.416263
1.12288
1.64837
-1.3604
1.21011
0.643097
1.60429
2.43154
-0.0419285
0.276975
-1.20367
0.280084
0.0425316
0.43715
-0.794933
-1.66956
-0.754977
-0.237954
-0.139536
0.739861
1.9097
-0.246966
0.796913
0.979479
-0.286978
-1.68247
-2.21874
-0.86511
0.770943
0.192287
-0.35364
1.26259
-1.73789
-0.530404
0.676764
-1.67773
0.553804
-1.25534
-0.441861
0.963753
1.80208
0.654053
-0.615636
1.8806
-1.20258
1.06529
-0.57531
-0.12338
0.579661
-1.15901
-0.146067
0.112636
0.180624
0.399147
-1.62215
-1.57551
-1.83273
-2.22657
-0.212938
0.513843
0.644864
0.829465
0.349672
-0.381033
1.06417
0.876108
0.381239
-1.0429
-0.0867023
-1.41805
1.71593
0.417801
-0.389982
0.68455
0.62956
-1.09699
-2.29272
-0.240923
0.563377
-0.0246894
-0.0448524
1.40023
-1.08078
0.540304
2.5176
-2.00487
0.285584
0.28788
-0.932407
-0.114057
-1.50924
0.969571
0.404966
0.669775
-0.606171
-1.4577
-1.3352
-0.912181
0.319226
-0.956586
-0.761189
0.0649197
1.79829
0.929398
0.692539
-0.203674
0.666359
1.73349
-0.695191
1.56932
0.774563
0.475004
1.5801
-1.4103
-0.508072
0.044353
1.1149
-1.30445
0.467803
-0.797211
0.108317
0.986194
0.413214
-0.232487
-0.275883
-0.803142
-0.878478
0.0767006
-0.0706326
0.924952
-0.849256
-0.685423
-0.806305
-1.87562
0.865051
0.487976
1.48734
1.35628
0.122192
-2.07272
-0.435569
1.32886
-0.422937
1.19951
-0.308373
-0.728769
-0.253069
1.62571
-0.033183
-0.743206
0.111585
-0.186598
-1.21973
0.0324009
-2.58043
-0.984865
0.504213
1.01821
-0.0843075
-0.382951
0.518338
0.0731151
0.547935
2.74235
1.99575
0.290218
0.262892
0.990999
1.06875
-1.60389
-0.693775
-0.162805
-0.996536
0.153925
0.455204
0.57349
-1.05056
0.239574
0.642674
0.899556
-1.28643
0.0387691
-1.11694
-1.09091
-0.188657
-0.83456
-0.914541
-0.534149
-0.319727
-0.568741
-0.943128
1.03531
0.191389
0.536353
0.470416
-0.848839
-0.183108
-0.113157
-0.193469
0.652691
-0.34709
0.871451
0.230457
0.912662
-0.424906
2.82363
0.054495
-0.443562
-0.8373
-0.0438463
-0.657285
0.290824
0.741109
0.538871
-0.721465
-1.05142
2.71403
1.62296
-1.40763
0.21446
-0.586602
1.27543
0.582734
-0.645408
-0.262647
-1.6099
0.0655237
-0.0853431
0.348403
-1.12145
1.30685
-2.46918
-1.0683
-0.544562
0.114905
0.158119
-0.401132
-1.24204
0.693048
2.57252
0.120379
0.536864
1.31738
0.717388
0.0865491
0.985075
0.335737
-0.106605
-0.861173
0.175056
-0.832863
-0.482004
-0.787495
-1.7698
0.691845
-1.35774
-0.646755
0.0985137
0.0389146
-0.170506
-0.466183
0.673173
-0.615365
-0.451217
0.444319
-0.0334851
-0.558825
0.16558
-0.857029
0.326209
-0.019747
-1.35304
0.465437
-1.07691
1.08931
0.00231279
0.910519
-0.949381
0.308025
-0.870149
1.44219
-0.791645
0.547869
0.00671789
-0.770286
-0.777357
-1.69026
-0.235363
2.05828
-0.427681
-1.73811
0.430485
0.899314
-0.542898
-0.596979
-0.552643
0.853476
1.22955
0.168538
0.158742
-0.413644
-0.917682
0.292622
-1.07458
2.14028
-0.422459
1.25218
-1.05108
0.217569
0.614587
0.4778
-0.548114
-0.393404
-0.632784
-0.144297
-2.02894
0.581333
-0.772981
1.39793
-0.0638096
1.73852
2.34445
-0.904343
0.29744
0.783614
-0.334483
1.37729
-0.314523
1.40526
-0.0113325
-1.12669
-1.9016
0.650047
-1.01446
0.126675
-0.17944
0.809858
-0.130379
0.477751
-0.0889048
-0.785948
-2.70835
0.204696
1.20423
-2.12845
0.721188
0.930346
1.44965
-0.596542
1.93921
0.0479717
1.09133
0.791536
-0.170993
0.1864
1.06712
0.0760123
0.241255
1.04091
0.382783
-1.84714
0.71998
1.00004
-0.601491
-0.0113
-1.92533
2.20893
-2.35137
0.41172
0.673432
-0.705854
-0.317768
0.713013
-0.532508
1.27783
-0.364804
0.768148
2.06283
-0.433473
-0.198748
0.500007
-0.509617
-0.936789
0.154084
-0.140032
-1.19261
-1.27039
0.876564
0.648832
-1.21706
0.235788
-0.570381
1.55835
0.218201
0.391654
-0.878741
0.495265
-1.73473
-0.608013
-0.153352
-0.662695
-0.927049
-1.0638
0.410556
-1.84666
-0.600074
0.264026
1.32424
1.34629
0.422677
0.60211
0.411148
1.17107
-0.765778
1.62455
-0.434353
0.910139
0.558857
2.35753
-1.86529
0.421556
1.38773
0.707967
-0.348512
1.74933
-0.228238
0.0267158
-0.291688
-0.0688318
-1.90239
-1.68982
-0.54028
0.271365
0.304364
0.767437
-1.23959
0.268952
-0.247073
0.749509
-1.56022
-0.137738
-0.298542
-0.120061
0.39665
-0.830727
0.277636
0.215189
2.51285
-0.0578758
1.74857
0.713783
0.295692
1.0391
0.608325
-0.439446
-1.28154
-0.476456
-0.16803
0.868867
-0.0433944
0.409462
1.73497
-0.111303
-0.875358
-0.0425463
1.44489
0.509341
-1.51333
1.09639
1.12408
1.24788
-1.23239
-1.59434
0.659331
-0.262097
-1.14372
0.261736
-1.35044
1.09312
-1.28241
0.0809737
0.819497
0.272446
-0.31538
-0.013618
1.3
-2.21736
-0.376179
0.368736
-0.787397
1.33736
0.330206
0.410452
-0.0902717
-1.11996
-2.05099
1.19158
2.67759
0.0655592
-0.109728
-1.34548
0.422822
-0.0285947
-1.64573
0.0797831
0.958521
-1.75662
0.547577
-0.838896
-0.754744
-0.451997
-0.0117073
-1.89316
-1.17212
-1.01413
-1.07206
0.51833
0.198031
0.262555
-0.624384
1.31317
0.66205
1.22849
0.661075
-0.525961
0.405547
-0.557345
0.464755
1.20699
-1.70676
0.040272
-0.923914
1.31361
0.11195
1.59892
1.05392
-0.239601
-2.00904
0.273437
-0.361496
-0.281618
-0.433834
0.91828
-2.04618
-1.17274
0.306985
-0.255074
0.441778
-0.0162375
-0.560117
0.66013
-0.58413
-0.544395
-0.944165
0.0366253
-1.21138
1.82551
-0.473227
0.466906
1.38627
0.0243808
-0.465526
0.711509
0.699425
0.0571358
0.720252
-1.35185
2.26123
-0.402041
0.404588
1.05692
0.0892417
-0.858757
0.448376
0.973635
1.49496
-0.587626
-0.96902
-0.48686
0.724338
-1.35624
-0.305207
-0.0724859
-0.746123
0.467546
-1.6098
-0.383988
-0.42739
-0.623394
0.337266
0.602259
-0.117912
0.222503
-1.69825
-1.72089
-0.616012
-0.511268
-0.0992506
-0.968014
-0.308401
-0.969493
-0.138192
-0.327717
-0.707341
0.232963
-1.80422
-0.0833829
-1.59329
1.084
1.3775
0.967428
-1.34467
-0.788303
0.888304
0.0570923
-0.303622
0.482252
-0.266039
2.10433
-0.768419
0.072972
-0.343303
-0.874165
-0.152744
-0.166175
-0.0688067
0.708947
-0.047429
-0.0283373
2.02285
1.25997
0.502658
1.20062
1.26516
-2.29177
0.330515
-1.39283
0.418533
-0.43741
-1.33698
0.291179
0.44145
0.508924
-0.429312
0.65705
-1.60277
-1.13884
0.796935
0.746368
0.137456
0.266599
-0.920099
0.99957
-0.729629
-1.10657
-0.048294
-0.431153
0.231992
-0.319023
-1.25673
-0.855879
0.383501
1.64915
-0.233248
-1.85104
1.73701
-0.0768826
-1.00552
1.77248
0.246587
-1.05469
0.626215
-2.52131
0.814971
1.30104
0.913874
0.00113496
0.343452
-0.196717
1.54291
0.533831
0.789621
1.76443
0.917925
-0.66331
1.57797
1.42465
0.244015
0.0685552
-0.698561
0.644802
-0.631789
-0.0222443
1.41705
1.3132
-1.17101
1.3035
0.577967
-0.842576
0.522443
-0.0374959
1.3133
-0.133307
-0.735253
-0.659923
0.0131022
0.214149
-1.69829
0.98515
0.169643
-0.157931
-0.688254
-0.638399
-0.615599
1.17805
0.108449
0.0986811
0.677834
-0.907123
-0.520329
0.259596
-0.223315
-1.16133
-0.61887
-0.672844
-0.623266
0.0243277
-0.790749
1.57035
-1.34231
1.72793
1.2659
0.0522474
-1.20065
-0.0137538
-0.715615
-1.2208
0.151834
0.185805
-0.250294
0.0745788
0.84586
-0.928297
0.120902
-0.377697
2.70691
0.494951
0.407921
-2.07888
-0.445233
0.330244
0.0904515
0.965869
0.406757
1.40407
0.54354
-0.0205826
-1.18585
-0.304903
-1.68466
0.437439
-1.20786
0.995322
1.27278
0.964479
-1.26222
-1.1098
-0.000879742
-0.428265
-0.518956
0.786701
-1.20919
-0.771894
2.39343
1.33125
-0.303994
1.46767
-0.0424781
0.909505
-1.79265
-0.708182
-2.15898
-0.412963
-0.558307
-0.268793
0.364144
-0.110314
-1.04931
-0.552311
1.1859
-0.778237
-0.93629
1.49527
0.986371
-1.00832
0.519535
-1.72546
-0.471629
-1.41318
-0.593922
1.2099
0.398575
1.86682
-0.495761
-0.481375
-0.458443
-0.197201
0.859624
0.0249472
-0.712813
0.0564061
0.245568
-0.176336
0.913733
-1.5186
0.361508
0.178638
0.871101
1.85409
1.28048
1.14683
-0.301566
-1.2519
-0.0549168
-0.980703
0.227389
-0.272568
0.874129
0.27011
0.683294
-1.14512
-0.985038
0.281664
-1.09034
-1.62426
-0.873257
0.193301
-0.972726
-0.212576
1.38716
-0.864504
-0.817238
0.885561
0.157301
1.36742
-0.372274
0.816978
0.476932
-0.763069
-0.996507
-1.82848
-0.280121
-0.515526
1.59827
-0.335122
0.49199
-1.84656
-0.91859
-0.0383467
-1.30325
0.42065
0.101291
-1.52235
-0.256958
0.352301
-0.812517
0.360238
-1.89041
-1.44252
-0.0665185
-0.113731
-0.161096
-0.312845
-1.6498
1.02646
-1.55065
1.37828
-0.457269
-1.13221
-0.153658
-1.1136
0.0464943
-0.220613
0.0858661
-0.0970071
2.40155
-0.532052
-0.38747
1.09205
-0.195151
0.187112
0.557897
0.451296
-1.59349
-1.54954
-0.748387
0.248054
-0.0571337
-0.987281
0.462107
-0.840033
-0.239502
-0.689283
-1.29605
-1.48426
1.28634
0.546695
2.42741
0.542358
-0.60788
-1.20945
-0.114406
0.934669
0.710674
-0.839051
-0.644175
-0.940636
-0.188536
0.113994
1.61459
1.45463
0.510437
-0.18225
-0.456622
-0.449423
-0.69042
-0.778797
-1.45853
-0.741995
-0.810884
-0.521705
0.747294
0.112843
-0.444147
-1.61434
-0.399107
2.08537
0.275046
-0.433584
-0.818924
-0.893905
0.312963
0.657256
-1.39213
-1.05656
0.208623
-0.429966
0.23287
-0.818446
0.292392
-1.07953
0.291372
-0.372838
-0.81369
0.965894
-0.471287
-1.75957
-0.638809
0.87142
0.746237
-0.391353
0.347063
-1.90778
-0.0353939
-0.460935
-0.382031
1.27977
0.701287
1.99887
-1.05497
1.38841
0.514208
-2.19768
1.48862
0.798549
0.0663678
0.0638509
0.552907
-0.952161
0.133294
0.24157
0.921118
0.0192493
0.460504
0.561436
-0.654766
-1.45065
0.0285102
-0.453001
0.610242
-0.507634
-0.617905
-1.42728
0.00694186
0.188553
1.63221
1.32337
2.12406
0.0650435
-0.987883
0.680441
-0.385247
0.803645
1.93497
-0.490587
0.936311
1.05184
0.392479
1.59653
-0.390376
1.04331
-0.671552
0.525174
1.20858
-0.914107
-0.329744
0.183135
-0.861875
0.201093
0.579368
0.889577
-0.65708
-0.230933
-1.21688
-0.460613
-1.32042
-0.362273
0.196481
-1.61657
1.39517
-0.77832
0.734089
-1.02388
-0.19692
-1.62304
0.234098
1.54574
-1.22254
-0.164861
0.703818
-1.44428
0.501634
-0.647221
0.0230787
1.33296
0.846916
-1.32234
-0.755254
-0.504357
0.733871
0.0173856
-0.602864
-0.579111
-2.1213
1.32503
-0.127061
2.06634
1.15008
-1.48547
1.03343
1.22592
1.99729
-1.21323
2.71493
-0.063276
-0.959961
0.714945
1.19803
-0.237811
1.50997
0.818375
0.732425
0.156423
-0.573988
-1.45955
0.272604
-0.380222
1.89594
-0.739013
-1.16647
1.18412
0.32687
-1.21014
-0.16475
1.3802
0.288282
-1.66892
-1.24994
2.10079
-1.61115
0.429333
-0.945639
0.35121
-1.33631
0.540393
0.0727681
-1.65797
0.112549
1.07352
-0.26743
0.53553
-1.00534
-0.161643
1.15501
-0.832023
0.662952
-0.0896365
-1.62283
0.0933409
0.414367
1.87003
2.3746
-0.158448
-1.61762
1.69396
-1.8331
-2.01031
-0.244674
-0.357047
0.160091
0.269042
0.0864945
0.532336
-0.370842
0.0834256
0.549217
0.13415
-0.967076
0.905735
0.469951
0.167396
-0.752441
-1.70263
0.0935966
0.0384908
-0.194249
-0.0743647
-1.17126
1.78023
-0.287029
1.49768
1.59049
-1.25633
0.0715611
-0.957012
1.61736
0.0728094
-0.98224
-0.0612119
-0.211496
-2.11248
-0.870132
0.503766
-2.06294
-0.728045
1.7017
-1.64295
-0.0684604
1.06732
-1.04316
-1.57125
0.193089
-0.230729
-1.28143
-0.248179
0.702498
0.167214
1.33903
-0.5452
-1.24971
-0.1316
-0.57637
-0.213456
0.333995
0.474939
-0.196203
0.458397
-0.0649911
0.500455
0.230611
0.627593
-0.717303
1.6986
0.159655
0.590196
-0.793003
0.238366
0.225666
-0.875635
0.870611
-0.334607
-0.152546
1.95445
-0.524316
-0.115885
1.15423
-0.415191
-1.25303
-0.809492
0.399877
-0.482452
0.626809
0.0416478
0.241395
-0.551937
-0.830598
0.651663
1.10143
0.788563
-0.30704
0.689884
0.182729
-0.0938305
-1.73089
-1.29089
-0.332991
1.94088
2.00515
-0.328707
-1.4203
0.0391294
-1.34433
-0.481081
0.551407
0.579158
-1.58483
0.281579
1.13595
-3.30357
0.70125
-1.06535
-0.791339
-0.959091
0.364548
0.101932
0.319203
-1.38722
-1.30926
-0.204522
0.866956
0.538111
0.448909
1.25697
-0.154804
-0.905292
-0.477084
-0.341157
-0.796718
0.504611
-0.422157
-0.586942
1.37997
-2.03729
-0.0577489
-0.436166
0.821656
-1.94164
1.61363
-0.553287
1.43863
0.394592
0.749356
1.97245
1.55788
-2.05512
-0.433755
0.148214
2.81039
-0.0883983
0.0517183
-1.38651
0.160665
1.72034
-0.404036
2.40137
-0.120569
-0.0837281
0.195226
-0.704807
0.33162
1.30161
0.724554
1.03525
-0.904695
-0.707594
0.310777
0.0193553
0.482004
-0.292547
0.199067
0.320758
0.455155
-0.867682
1.8401
1.23326
-1.00958
1.5672
-0.34871
-0.267284
1.61628
0.171648
-1.04306
-1.09352
-1.16392
0.346805
0.256879
0.512833
0.812353
0.441279
-1.49754
-1.1808
0.114679
-0.433273
-1.36136
2.05823
-1.58656
0.940023
1.17836
-0.448458
0.753859
-1.24396
1.76454
-1.14974
0.924695
-1.10019
-0.897007
1.39247
1.22494
0.978333
-0.596341
-0.318028
-0.709876
0.159338
0.0305153
1.47768
0.777352
1.45587
-1.3866
-1.81516
1.36895
1.36059
-1.00257
1.57579
0.280951
-0.624353
1.48314
0.249579
0.164315
-1.09258
-1.53806
-0.0620587
-0.682021
0.38025
-0.296081
-0.840418
-0.546204
-0.814748
2.07952
2.38346
2.06194
0.188994
-0.00362279
1.69453
0.793315
-0.548832
-0.880417
0.809349
-0.825053
-1.11203
0.398036
0.401553
0.294158
1.82816
-1.30096
0.737027
-0.659205
0.213612
-1.14245
-0.679189
-0.159286
-0.619018
0.415556
-2.33978
-0.241604
-1.58041
-0.376548
0.44827
0.671715
0.620278
-0.929985
-0.593947
1.31281
1.43309
1.97562
-0.71878
-1.44894
-0.100839
1.55312
1.55425
-2.06948
0.334382
-0.923081
-0.583914
-1.13905
1.1143
0.237605
-0.848148
-0.673537
-0.857578
-1.48263
-0.394115
1.33613
0.147707
-0.816557
-0.904989
0.0299232
1.01433
1.51103
-0.511547
-0.104238
-0.73362
0.767551
-0.683432
-0.172229
-0.133833
1.80672
-0.0554189
-0.476995
0.229276
-0.0597918
0.765972
1.07707
0.390734
-1.31022
-0.8925
-0.473044
-0.549061
-0.966231
-0.137451
-1.71378
1.54638
-0.158928
-0.503941
-0.674473
-0.114787
-0.216505
-1.35917
-1.27689
1.41638
0.184492
0.592525
-0.594006
-0.882839
-0.750231
0.592594
0.0190209
1.33209
1.07204
-0.767901
-0.223295
0.922384
0.771888
-0.847577
1.31498
0.782516
0.817427
-0.194898
-0.854934
-1.13561
-0.162617
-0.73738
0.78606
-0.945418
-1.31333
1.22
-0.686462
1.83181
1.74245
-0.770656
-0.226991
-0.0453891
0.497573
-0.418059
0.646017
0.892719
-0.628696
-1.91038
0.81714
-0.663766
-0.0590471
1.83736
0.00482799
-0.0221819
-0.775178
1.84723
-0.468312
0.0632099
-0.314341
-1.33678
-1.30066
-0.950215
0.0485762
0.0185606
0.421181
0.263615
0.617402
1.29094
0.0132047
2.35657
0.0442076
-0.641283
1.26188
-2.07876
1.96
-1.19394
2.55622
-1.08483
-1.3112
1.62448
0.608019
-0.135205
-0.191941
-0.711738
-0.752653
-0.863941
1.27719
-0.276165
-0.898241
0.771474
-0.00699733
0.222642
-0.0393933
-0.599073
-0.733886
-0.735942
-0.109381
-0.382432
-1.01133
0.73354
1.13316
-0.691474
0.199848
-0.11483
-0.355499
-0.256006
-1.50774
-1.54877
-1.76463
-0.110805
-0.742633
0.141407
1.39142
1.57547
-2.2312
0.435123
-0.732157
-1.34188
-2.63976
-0.0314595
2.4483
0.483017
0.253185
-0.897252
0.386296
0.997497
2.5559
-0.891379
0.62378
0.36181
-0.890714
-1.38786
-0.340211
-0.203579
1.97132
0.411812
-0.665801
0.0073686
-0.00664581
-0.0685625
-0.171598
-1.20922
0.941725
-0.52526
0.73322
0.549495
0.410451
0.656601
0.210848
1.2831
2.37352
-0.101563
-0.654343
1.98228
-0.297729
-0.406513
0.220349
0.171897
-0.201379
1.26364
0.896944
-0.425561
0.230861
-0.992151
-0.980564
-1.61667
0.55679
-0.668969
1.46159
-0.674772
-1.60462
-0.141672
-0.885653
0.347851
1.08706
0.640122
0.63922
-1.20823
0.494703
0.574128
1.16602
-1.71514
0.909657
-0.866298
0.672147
0.244042
0.418222
0.783563
0.868141
0.941037
-0.152284
0.915435
-0.802387
-0.232309
0.955685
-1.22854
0.122724
-1.95176
-0.434788
0.852421
-1.75267
0.112931
0.238517
1.08391
0.361543
-1.67663
0.575771
-0.0564099
0.533077
-1.06387
-0.65598
-0.576643
1.16322
1.00373
-1.0896
1.13709
-1.4643
-0.235482
0.663358
-0.455211
1.71627
0.463816
-1.85944
-1.70771
-1.13357
-1.70713
-0.00372066
0.375565
-0.228216
-1.47912
-1.19938
0.315483
0.435819
-0.48013
0.148713
0.975085
-0.987224
1.14159
1.18697
-2.03653
0.541617
-0.510615
-0.0395688
1.90342
2.38379
-0.330722
-1.64001
-0.269475
-0.818608
0.583256
-0.859382
-1.50367
-1.73637
-1.14827
2.22847
0.111844
-0.840112
0.512002
0.664997
-0.520714
-0.71994
2.16083
0.0608326
-1.63219
-0.59272
-0.347834
0.881627
1.63219
0.352302
-0.949711
-0.391132
-0.303465
-0.716085
-0.881736
0.193082
1.43326
0.286036
-1.17123
-0.454639
-1.00523
-2.09334
1.38664
0.414907
1.35303
0.778582
0.320301
0.859125
0.693822
-1.15428
2.69305
0.798085
-1.04489
0.698933
0.559827
-0.259998
0.403894
-0.801993
0.143588
0.585385
1.0639
1.31417
-1.0205
-1.02929
0.555975
-0.0057757
-0.549971
-1.18821
-0.440557
0.114231
-0.0341894
-0.424922
-0.945614
-1.05873
-1.08934
0.973852
-0.652114
0.976655
-2.19519
0.507742
-0.966855
-1.91013
-1.33063
-1.44406
0.495921
-0.208701
1.4837
0.254516
-0.436373
-0.759857
-1.24655
0.276274
0.350282
-1.8573
-0.532543
0.873052
0.965602
-0.344464
0.33338
-1.87164
-0.239265
0.459138
0.69879
-1.2275
-0.181484
1.02941
0.0174533
-0.453184
-0.880493
-1.35127
-0.635308
0.616647
-1.38912
0.354378
-1.34917
-0.931306
-0.393144
-1.18555
0.816867
0.551842
-0.464148
-0.399257
-0.293422
-0.499771
-0.913729
0.0349589
0.997795
-1.01856
-0.914105
1.67375
-1.25828
-1.08475
0.0318584
0.540167
-1.03821
0.210605
1.39713
-0.576292
-0.872807
-1.81259
0.460748
-1.99191
0.12997
0.879659
0.17789
0.0293909
1.04027
-0.715725
-1.28782
-0.535366
-0.216883
-1.9857
-1.6932
0.54811
-0.435487
-1.04581
-0.354718
-0.28901
0.825355
0.144567
1.4822
-0.370173
-1.27696
-0.439271
-0.30588
1.26488
-2.63566
-1.14428
-1.46538
0.646661
0.216518
0.0700104
-0.522723
-0.0469336
0.647425
1.08114
0.635926
0.270254
-1.10641
1.76879
-0.518513
-0.841878
-0.050798
2.01914
1.0006
-1.44303
-0.740702
-0.564353
0.225431
-0.352178
0.13333
-0.194762
-0.15859
-0.132482
0.179294
-1.23348
0.228831
0.00125977
1.44014
-0.529686
-0.559799
0.867258
1.31412
0.270231
-0.0329248
1.58504
0.0594212
0.0347867
-0.793314
-0.405244
0.558518
1.36643
0.732156
-0.0744805
0.472937
-0.741479
-0.430258
-1.02501
0.260573
0.316541
-0.360519
0.153471
0.741891
-0.813189
-0.471574
-0.393731
-0.665806
-0.748167
0.516165
-1.05261
-0.212745
-0.0891263
-0.632774
0.54859
0.264108
-0.28655
-0.89467
0.270577
0.483411
0.0867081
0.336596
1.70423
0.656186
-0.511639
0.259985
-1.38058
0.256959
0.366946
-2.61593
-0.612564
0.268981
0.0366733
-0.947855
-1.90862
-0.122348
-0.147884
-0.247459
-1.73816
-0.102404
0.578159
-0.145547
-0.318404
0.473768
-0.688467
-0.465427
-1.5228
1.956
-0.00750378
0.236415
0.589698
-0.93593
0.566609
-0.142242
0.041556
0.659809
0.999748
0.0805674
0.642278
1.62758
-1.55659
1.43645
0.50521
2.11371
-1.73902
-1.85254
0.270565
-0.814316
-0.237784
0.716104
0.861183
-1.36263
1.04163
-0.171636
0.114194
0.664852
-0.201799
-2.08312
-1.07072
-0.154579
0.990119
0.388832
-0.122989
-0.680552
-0.45812
0.536063
-0.914287
-1.00071
0.164363
0.263207
-2.39658
0.105922
-0.455172
-1.36051
0.486848
-0.482235
1.11339
-3.20716
1.13862
-1.54887
0.693499
0.904341
-0.0384659
-1.38801
0.410331
-0.220248
1.68615
-1.35936
-0.188244
0.189102
-1.84068
0.47068
0.0244194
-0.759641
0.877312
-0.105917
0.963722
0.128811
1.03229
-0.465645
-1.06388
0.891389
-0.524365
-0.524388
0.136093
0.780682
-0.742776
0.354098
-0.844769
-0.642762
-0.493299
0.967222
-0.791086
1.35369
0.720851
0.256492
0.954074
-0.581596
0.573078
0.251832
1.23395
0.53653
0.812113
-1.94021
-0.37563
1.4781
-0.362596
0.681084
-1.00149
-1.64464
-0.575542
-0.422805
0.631928
0.313922
-0.841172
-1.76552
-1.99982
0.0966882
-1.368
-1.85299
-1.68796
0.333552
0.118786
0.174979
-0.00978563
0.77007
-1.62485
-0.154281
-0.454521
0.138359
0.752275
-1.15721
-1.2413
-0.511464
0.408607
-0.330628
0.35465
0.349696
0.135149
0.547427
1.21415
-0.225435
-0.507776
-0.443096
-1.02347
-1.61943
-1.10084
-1.49786
-0.476681
0.31393
0.043228
0.946414
-1.22327
1.909
-0.728567
-0.0308604
0.672999
-0.674039
0.47925
1.55489
-0.501773
1.59795
0.155488
0.625143
-0.621777
-1.29247
0.339394
-0.17256
-1.19123
2.15043
-0.480083
-0.190992
0.710677
0.342974
0.54328
1.65933
-2.02715
-0.785506
0.522111
0.939707
-0.851085
1.25525
-0.159328
0.261009
1.45131
0.22638
-0.340335
-1.18729
0.690166
-1.69011
-0.336477
-1.02063
-1.37353
1.01504
-0.463555
-0.578142
-0.326516
1.85968
-0.263366
-0.359507
-0.320894
-1.56554
1.04945
-0.565762
0.0772994
1.11544
0.903105
1.54781
0.396315
0.829224
1.44733
-0.319468
-1.06264
1.24265
0.326009
-1.52204
-1.59297
2.02278
0.365504
-0.356776
-1.18588
-0.527721
-0.391111
1.12353
-1.85362
-1.45383
-0.120124
0.105053
0.395199
1.50682
1.70539
0.193163
-0.119875
1.73787
0.741891
-1.15749
-1.7687
-0.682714
-0.596178
-0.211894
0.0884896
-0.958634
0.726462
0.417313
1.26598
-0.161415
0.175486
-2.19674
0.508495
0.144375
-0.551528
-1.25519
-1.77651
0.527389
1.07389
-1.23423
1.02825
-2.02019
0.208902
1.38811
0.898931
-1.14866
2.23689
-1.04496
0.84733
-0.694579
0.576886
-1.06047
-1.73226
0.0327605
-1.54653
0.850446
0.217996
0.353964
0.908626
0.393397
1.58133
1.14757
-1.37193
0.237878
-2.80349
-0.250747
1.56765
0.18121
-0.581194
-1.91788
-1.58718
0.857677
-0.35827
-0.476118
1.5407
-1.02905
0.995042
-1.5364
-0.138149
-0.698218
-1.10683
-2.0186
-0.115303
0.00861708
-1.18135
0.653512
-1.15169
0.358746
0.221377
0.276153
0.100865
0.587386
1.17136
0.477534
-0.00301551
-3.0204
0.364001
-0.0560936
-1.25518
1.80992
1.65405
-0.410408
-0.227267
-1.17724
1.23076
0.298135
1.31939
-0.495158
-0.088944
-1.2676
-0.282058
0.828107
0.227904
0.434399
0.171206
1.13081
-0.00956252
-0.460839
0.404123
0.173742
-1.40402
-0.177563
-0.0195608
-0.463064
0.335658
1.21723
-0.499058
1.05464
-1.40196
-0.288871
-0.300494
-0.772966
0.874491
-1.41512
0.0177669
0.515058
-0.443922
-0.742732
-1.16218
1.37049
1.14176
-0.884306
-2.87274
-1.43553
-0.0826094
0.683872
-1.84872
0.15595
0.284971
0.636761
-0.903725
1.96851
-0.727813
0.949929
1.35091
-1.1086
1.09371
0.199634
0.626607
0.307671
0.359453
-0.70577
0.406409
-1.42731
-1.30392
-0.0438736
0.926859
-1.43014
0.654779
1.48204
-1.25705
0.313032
-1.57561
0.278011
-1.51816
-0.557941
-1.11584
-0.248767
-0.24346
0.478644
0.737006
-0.853335
-0.769771
-1.58534
0.688491
0.271555
0.469305
1.17491
0.962226
0.258001
-0.6448
-1.70282
0.173085
-0.550014
1.26174
0.478084
1.37398
-0.403823
-0.422493
-0.106838
0.386481
1.37014
0.837056
-0.315453
-0.8161
-0.0534266
0.802835
0.234716
0.471714
0.113736
1.53145
1.22724
-0.845746
-0.0952178
-0.508407
-0.708685
-0.774979
-0.559679
0.451298
-0.208335
-0.158191
-0.575299
-1.48763
-0.79455
-0.824865
-0.254263
1.46466
-1.46804
-0.819993
-1.03696
0.815455
0.882991
-0.928404
-0.768944
0.182339
-0.262899
1.17337
0.325264
-0.114433
0.0127836
-0.926295
-0.231103
-0.725529
0.734475
-0.712553
1.8136
0.731962
0.559916
0.733503
1.83095
-1.10226
-1.981
-1.05599
0.291517
-0.302675
1.77431
-1.36937
-0.895609
1.67676
-0.193465
0.839166
1.26689
-0.870613
-0.473241
0.191515
0.37821
-0.163234
-0.358317
-0.968226
0.190379
-0.33711
0.324208
0.0627243
1.43547
0.150965
0.646339
0.0308618
-0.73149
1.73293
0.895346
-1.56258
-0.0346782
1.97535
0.500918
0.830196
0.817798
-0.509238
0.724028
-0.503127
-0.0924795
0.0712328
0.346597
0.283281
1.44199
0.914824
0.371867
-0.321006
-0.0238751
0.733211
-0.747147
-0.750288
0.0813931
1.64697
0.816346
0.351956
0.347149
-1.02978
-0.193139
1.33353
0.0551737
-1.16412
-1.56217
0.316315
0.980333
0.192257
0.36305
-0.50234
0.0301995
-0.463358
0.269939
-2.23312
0.0355829
0.0356716
1.63022
-1.81408
-1.07759
-0.888391
1.61193
-1.09527
-0.705333
-0.0840552
-0.53052
0.0826794
-1.75161
1.60861
-1.17827
2.36852
1.9758
1.02728
1.36345
1.86886
-0.388778
0.532969
-0.422467
0.910893
-2.09341
-0.56323
0.00695972
0.862441
1.14097
0.396864
-0.178204
0.996824
-0.0909198
1.14062
0.0613012
0.328998
-0.229351
0.486701
-1.61574
-1.09027
-0.677344
0.0685783
-0.131431
0.129978
-0.945337
-2.15837
-0.67979
0.679426
1.01349
1.20692
0.487422
1.20396
0.259799
0.504419
-1.14151
-0.0954209
-1.00856
0.453419
1.55351
0.56841
0.502704
0.489592
0.496743
-0.323925
-1.00541
-2.16287
-1.40894
0.244669
-0.694162
0.562852
1.01189
-0.493734
0.242968
0.484317
0.6831
-0.0638811
0.99174
0.302498
0.526854
-0.00233647
1.37637
0.760108
-1.69459
0.674422
-0.955228
1.33516
0.775064
0.465997
-1.01644
-0.504006
0.0399023
-0.116361
-0.0485463
-0.432881
-0.599721
0.415875
-1.0915
-0.972246
0.0980462
-2.21863
0.0233385
0.0625721
1.67747
0.335136
-0.150575
0.0196631
-1.98088
-1.35724
-1.03503
0.406214
-1.10287
0.692304
0.640268
0.0477576
-0.363859
0.33727
0.477612
-0.176456
1.22182
1.84153
-1.30658
0.0206923
1.247
0.650781
-0.552743
1.00316
1.10527
1.03871
0.699921
0.940878
-0.158204
0.558276
0.333886
0.0513843
1.63796
1.75385
0.577325
-0.616535
2.23684
1.88584
-2.35236
-1.23242
-0.713254
1.14772
-0.492207
-1.29535
3.022
0.49724
0.929768
-0.72428
-1.1613
0.0932677
-0.163141
1.46703
-1.19924
-0.179508
-0.524406
-0.515316
-0.488742
0.22231
-1.07465
-1.40114
0.0918507
-0.936388
-1.86243
0.622915
-0.166601
0.422823
-0.637303
-1.05746
-0.81334
-0.363787
0.982128
1.37062
1.3179
-0.671832
-0.795171
0.000696461
-0.894877
0.483287
1.03099
-0.533769
0.0146466
0.883272
0.171751
-0.898285
1.194
1.21837
1.65194
0.0967704
1.34412
1.75685
-0.406436
-0.452852
-0.880556
-0.048232
0.983006
1.88763
-1.08022
-0.727262
-0.51762
-0.719017
-0.298878
1.25037
-0.112243
0.0099689
-0.675366
0.867269
1.19493
-0.683701
0.316611
-1.36813
-0.719501
-0.900589
0.317629
0.345855
1.16125
-1.51499
-1.18119
1.41027
1.09186
1.69817
0.0645216
1.13603
-0.205699
-0.856261
0.201447
-2.80679
0.908986
2.25098
-0.380054
-0.0788435
-0.628875
-0.0530789
-0.595043
0.538564
1.19255
-0.736229
0.0521978
-0.572942
-1.80643
-0.690992
0.956858
-1.26732
1.99168
1.95982
1.53596
-0.663961
-1.06912
-0.365831
-1.02947
0.522988
0.0101193
-0.143976
-0.557033
-0.00876126
0.0643043
0.015797
-0.852112
1.56587
0.350064
-2.50218
-1.01882
1.45545
-0.140011
1.06164
0.520482
0.31025
-1.53707
1.7945
-1.81259
1.21301
0.0230414
-0.295279
-0.4862
-0.0925411
0.941335
1.17155
1.48348
-1.39335
-0.381098
0.197907
0.240425
-1.77767
1.18536
-1.68842
0.170463
-0.87532
-0.579046
-1.64263
-0.181249
0.0205412
2.36259
0.144621
-1.37707
-0.31356
0.828142
0.394274
-1.61562
0.238571
1.17169
0.546904
0.46383
0.608787
1.86151
0.433305
-1.71425
0.6876
-0.546016
0.581916
0.104742
1.18509
-0.885522
0.456358
-0.289468
0.351173
0.21961
-0.187408
2.27238
0.894452
2.3491
1.80004
-0.150196
-1.09497
0.750149
-0.480629
-0.469813
0.252908
0.693854
-0.0421343
-0.960128
1.16783
-0.0614521
0.889028
0.280555
0.64043
-1.02904
0.677847
0.372646
-1.0502
-0.145333
0.990318
-2.2435
-1.08493
-0.638549
-1.19865
0.328124
-0.058946
-0.265355
0.683056
0.0962716
1.12365
-0.0281066
1.99485
-0.332115
-0.851529
-0.315707
0.733742
0.00749913
-0.418042
-0.0445889
0.504786
-0.571231
-0.85586
1.11669
-0.16742
-2.22655
-1.64365
0.779551
-0.814198
-0.531505
1.39211
-0.674515
1.53226
-0.0925819
0.45975
-1.54328
-0.236787
-0.554172
-0.102476
1.90187
-1.92216
-0.728571
1.1336
0.452543
1.07466
-0.358051
-1.71433
-0.121567
1.8459
1.30458
0.524383
-0.839117
0.112263
-0.947262
-0.597009
-0.702993
0.220015
-0.105994
-0.184914
-1.2714
-0.323121
-2.49611
-0.79735
0.745745
-0.0336962
0.847682
-1.46308
-2.60503
-0.137736
0.612217
2.30163
0.137863
0.420037
0.151485
-2.6169
2.27838
-0.9568
-0.218819
0.413063
1.0118
0.180804
-1.08662
0.0294728
0.563112
-1.03614
-0.238333
0.622749
-0.726984
-1.18212
-0.383018
1.03058
0.86559
-0.811643
-1.63641
-1.10058
-0.613001
1.68647
0.343938
1.01835
0.354218
1.0969
-0.558265
-1.24257
0.40236
1.73373
-0.559448
0.423841
0.72223
0.662054
-0.344225
0.258479
-0.289324
0.738966
0.721263
-0.00309101
-0.737489
-0.0990603
1.35954
0.0905806
1.87172
0.385682
0.950132
0.703397
-0.34587
-0.366717
-0.0661151
-0.125114
-1.61761
1.41867
0.104459
-0.07502
1.56406
1.08399
1.24458
-0.234103
-0.205209
1.58357
-0.59604
0.579563
2.20167
-1.24388
0.493577
0.371855
-0.0979939
1.13401
0.424331
1.98717
-1.49755
-0.778563
-1.6893
0.520476
-1.11244
0.190143
1.16241
2.36813
-0.588334
-1.34667
-1.95609
-0.70265
0.298554
-0.00652628
-0.473409
-1.90719
0.607614
-0.585401
0.173218
1.58264
-0.85297
1.21787
-0.956318
-0.202461
-1.60392
-0.232411
-0.769669
-0.48171
0.457585
1.41037
-1.08607
-0.801801
0.0104283
0.20694
-2.1503
1.62543
-1.71352
-0.0530531
-0.791134
0.798648
0.00408136
-1.15341
1.68555
-0.697188
-0.0710079
0.0688842
0.360622
1.4088
0.240192
0.331753
-0.765977
0.867384
0.788485
0.115903
0.0167549
-0.889342
-1.75149
-1.08908
-0.385977
-0.725357
-0.460543
0.933817
-1.4372
0.0117766
0.434713
-0.541931
-1.12974
0.736464
-0.812231
0.468095
-1.83575
-0.798257
-1.24275
-0.495181
1.58824
1.56235
-1.29438
-1.23557
0.739186
0.0186173
1.34598
-0.271544
-0.276522
0.00520609
0.84399
1.03143
1.31214
-0.290233
-0.755416
1.25828
0.721201
-0.790971
-0.452526
1.14948
0.39031
0.0178715
-0.363772
-1.20805
0.758644
0.725169
1.04815
-1.57514
-0.62265
0.89627
-2.09639
0.311171
0.555624
-0.594112
-0.332161
0.832444
-1.10215
0.416607
-0.66455
-0.459783
0.154746
-0.801869
-0.0513719
-0.494188
-0.464973
-0.874388
1.84095
-0.541055
-0.0165863
1.40809
-1.30019
2.32258
0.879611
-0.45164
-1.18878
-0.944588
-0.0272995
0.365398
0.187746
0.376634
0.547179
0.557752
1.76046
0.342603
-0.0193031
0.123646
1.14554
-0.686819
-0.453374
0.420648
0.0442173
1.12973
-1.15438
-0.590503
-0.261806
-0.088846
-0.290126
0.888282
0.335049
1.50308
-0.0145281
0.781752
-0.565575
-1.54977
0.0439507
-0.953818
2.06945
-2.2641
-1.39597
-0.152861
0.870903
0.84257
0.300039
0.520273
-1.9736
-0.557803
-1.09388
2.02701
1.34668
1.01251
-0.281164
-0.143707
0.747571
0.0957595
-0.478762
0.585025
-1.07866
0.241675
-0.515052
-0.212973
-0.790271
-0.603372
0.628944
0.015659
-0.532026
0.119383
0.860883
0.326305
-0.290731
-0.537702
-1.04805
0.0367848
0.268993
-0.941711
-0.00392094
-1.43159
-0.807279
0.67516
0.334566
-0.0486486
0.904092
0.300745
-0.834384
0.961654
-0.703567
-1.09341
0.811521
0.28804
-0.297569
-1.07556
-1.20617
-1.4588
0.323074
-1.07294
0.886592
0.734633
-1.11399
-0.633603
0.727561
0.408754
1.45853
-0.440479
1.14738
-0.618024
-0.0737792
1.18071
0.388623
-0.718947
-0.18818
-0.950099
-1.51422
-0.24832
0.641573
-0.899787
0.345717
-1.24132
1.44227
1.4709
0.519387
0.563839
0.043871
0.598539
2.09813
-1.81424
-0.76872
-1.67578
0.843806
-0.763377
0.318238
1.13793
-1.92478
0.426821
0.0700288
-0.791221
-0.227572
-1.59463
0.504138
1.91773
-0.779558
0.61278
-1.24398
-1.66312
0.284388
0.894355
-0.437732
-0.0290454
-0.766961
-0.530029
-1.0741
0.206737
-1.27466
0.453052
0.870745
-0.898634
-0.897173
0.591131
0.0898555
-0.304858
-0.143325
-0.965967
0.421059
-1.00592
0.130296
-1.10855
1.35478
-0.220692
0.899652
0.253259
-1.52608
1.71343
0.979507
1.71367
-0.331194
0.426318
0.0455611
-0.397465
-1.09425
0.998468
-0.545257
0.894906
0.970214
-0.0678983
1.85072
-0.655381
-1.37786
-0.127894
0.118729
-1.13502
0.577214
-0.507747
-0.917629
-0.742719
-0.16216
0.00966968
0.404482
-1.05274
-2.32565
0.782426
-1.08518
0.393191
-0.107677
-0.817557
-1.47954
-0.0318331
0.796578
1.58181
0.479067
1.0386
2.22274
-0.698949
-0.0624985
0.879578
-0.465418
1.99619
1.30183
-0.650935
0.754395
1.30759
0.414705
0.0951799
2.09339
0.303733
-0.499949
1.84507
-1.33119
-0.750051
0.977154
-0.695485
-0.819357
-0.725372
-0.566796
-0.395649
-1.44455
0.277724
1.20861
0.805746
-0.210147
0.708948
0.481547
0.368513
0.417181
1.86081
0.266307
0.432226
-0.219272
-0.70432
0.24927
-0.281531
0.355438
-2.16383
1.69855
0.315805
-0.664777
-0.0748812
-0.892266
-0.18365
0.538185
0.769606
-0.546622
0.499337
1.21859
-0.740708
-1.49048
1.20054
-2.40499
0.708321
-0.388065
-0.185482
0.145123
1.16787
0.00446753
1.06815
0.283879
1.30554
-1.28164
-0.531124
-1.14457
-1.11485
0.705529
0.0552908
1.37343
0.282646
-0.806896
2.20474
-1.07178
-0.304452
-0.801332
-0.468221
-2.17011
-0.611321
-0.00387882
1.07374
-1.27071
2.29593
-0.925254
-1.00492
0.909697
-0.587951
1.98967
-0.0628286
1.55323
-0.842624
-1.52455
0.368948
-1.20848
-1.88159
-0.343218
0.665296
-0.495707
0.441482
1.02408
-0.113761
1.04613
-0.138698
0.119025
-0.697902
0.388427
-1.37029
0.640426
-0.600045
0.220783
1.69118
-0.543536
-1.35252
-0.105813
0.636572
0.725296
-0.504417
-0.572252
-0.465752
0.148116
0.581646
0.339746
-1.53018
1.08176
0.619385
-0.577072
1.15852
1.1191
-1.08152
0.231013
-0.865193
0.654715
0.304852
0.270698
0.355782
0.450708
-2.45521
-1.45423
0.96678
-0.483718
-0.383104
-1.59008
2.23284
0.71949
-0.315557
-0.860803
2.83943
-1.12674
1.09316
-0.397154
-0.470853
0.157309
-1.72559
0.48603
-0.710134
-1.23483
1.29552
1.54608
-1.30809
0.212721
-0.926778
1.80179
-0.501403
-0.0890153
0.52612
-0.79206
-0.796636
-1.62255
1.10009
-1.0946
-2.29353
2.0439
-1.45172
2.36098
-1.21011
0.372478
0.431559
0.913906
1.42947
1.27797
-1.64471
0.654441
-0.607999
0.373691
0.121362
-0.86529
0.0406861
1.71968
0.139618
-0.518746
0.445921
0.118834
-0.29879
-1.94868
0.666866
0.627311
1.13276
1.18703
0.742333
1.1235
-1.86703
0.106482
-1.10711
-0.105829
0.540539
0.576483
-1.46283
-0.374512
1.53288
-0.156747
0.93639
-1.04976
-0.261011
0.655565
-1.14558
-1.08358
0.769159
1.72918
-0.886708
-0.0184878
-0.745035
-0.871773
-1.086
0.493327
0.459973
-1.13382
-1.07522
-0.508226
1.81091
-0.0573866
0.899291
0.294641
0.38202
-0.139464
-0.836393
-1.37205
-2.5194
-2.06572
0.691826
-0.607415
-0.662065
0.172557
0.0265494
-0.122137
-0.289269
-1.06788
-2.53219
1.21425
-1.09563
-1.25377
-1.14789
-0.125521
1.07376
-0.904843
-1.17806
0.608554
-1.79703
-1.4723
0.920002
-1.34384
1.08637
-0.43348
-0.70575
-1.10295
-1.01723
1.79008
1.20053
-0.957093
-1.09959
1.79685
0.402127
0.329691
1.79808
0.699845
-0.978364
-2.48785
0.269141
1.04805
-0.736009
-0.75376
-0.00196831
0.504763
0.351125
0.978803
-0.545137
-0.226296
1.20354
-0.0293907
0.625244
-0.787818
-0.660764
-1.00695
0.855558
-0.0371463
1.07486
-0.728746
-0.577618
0.605152
-0.846446
0.189842
-0.268491
-0.419411
-0.948564
0.705199
1.53998
0.331012
0.761288
-0.135313
1.16965
0.260305
-0.198371
-1.7869
0.471466
-0.44226
-2.58272
0.420917
-0.115118
0.265865
0.220584
0.525647
1.16371
1.36745
0.699758
1.79946
1.6749
1.10235
1.58543
0.29086
1.64349
-2.46256
-0.22125
1.11887
-1.27091
0.0732292
1.98066
-0.330087
0.785139
-1.04752
-0.564979
-0.261365
-0.303777
-0.0792644
0.462865
-0.52811
-0.722071
1.10567
0.0801314
-0.444979
-0.726637
1.1616
1.09889
0.860522
-1.60647
-0.018515
0.383675
-0.900624
2.45933
-0.306202
-0.256148
0.756688
0.208573
0.274339
-1.20589
-0.0722829
0.662561
0.609084
-0.792233
0.502437
0.977784
0.184707
0.00803029
0.110063
-0.541796
-0.688359
-0.287219
-0.0236919
0.510344
0.925559
0.120185
-0.176769
-1.02279
0.17397
-2.0768
0.944199
0.137361
-0.487165
0.424058
0.683203
-0.564702
-1.62095
-0.501735
-1.45246
0.193824
0.333964
0.0967485
0.877386
-0.0883042
1.62199
-1.38306
0.169397
-1.56861
-0.541195
-0.766736
-0.290637
-0.814012
0.918453
-0.854009
-0.52944
0.915936
0.49044
0.657072
0.828665
-0.508736
0.176886
2.22463
0.38726
0.020081
-0.130332
0.185557
-0.561039
-0.687229
-0.897633
1.43572
0.362255
-2.48697
1.01759
-0.58182
0.641634
1.9826
0.9724
-0.127417
-0.997548
0.497895
0.314189
1.06374
0.729425
-0.923017
-1.96166
1.59868
1.25063
1.73886
0.602453
-0.850285
-1.26286
2.24444
0.634978
-0.540052
0.103376
-1.2618
1.60067
-0.824904
0.76017
0.599262
-0.193947
1.21962
0.259044
-0.784794
-0.568382
-1.31513
1.79508
-0.161251
-1.04756
0.237731
-1.38773
1.93057
0.0714603
-0.0904561
0.418943
1.18889
0.873492
-1.14464
-0.43659
1.26792
0.201939
-1.62069
0.292413
-1.18789
1.44261
0.552938
0.907371
-0.442122
-0.735858
0.775575
0.650453
-1.41068
0.987082
-0.051761
1.40822
0.766888
1.9955
0.813776
0.93966
-0.482925
1.34507
-0.0166773
0.551925
-1.05159
0.31771
0.567437
1.62643
1.11947
-0.697279
-0.158209
-0.471528
1.24073
0.284455
-1.37048
2.52198
1.12124
-0.647882
-0.36216
0.647265
-1.35249
-0.145784
1.47756
-0.182947
0.190423
-1.80617
-0.472893
0.169661
-0.0676677
1.18482
1.41488
1.28399
-2.41759
-1.93018
1.48384
-1.31666
1.42531
1.09422
-0.523108
-0.770985
-0.0374299
1.28765
-0.858994
0.107427
0.240797
-0.0846878
0.466289
0.743318
-0.0150327
1.32127
0.875307
2.0619
1.85818
0.931206
1.93462
-0.34131
-0.0936205
-0.151041
0.0985834
0.935423
-0.817733
0.42102
-0.613065
-0.0362708
0.345038
0.338645
-0.279485
0.051055
0.784179
0.491053
-1.28462
1.12383
-2.67621
0.635482
1.66796
1.48757
-1.34439
0.150991
-0.816495
-0.394334
-0.281589
3.0461
1.06287
0.34493
-0.350164
1.35677
1.24522
0.0640594
0.387926
-0.600184
0.0128884
-0.296837
-0.0800256
0.789825
-1.03048
-2.52818
0.940381
0.237827
-0.516985
1.45281
0.497983
1.45907
-1.40318
0.649691
-0.0787215
1.39894
-0.142345
0.357415
0.142732
-1.50261
-0.561497
0.455557
0.177441
-0.733953
-0.913573
-0.477961
-1.25413
1.86828
-1.66425
-1.67078
-0.150872
-0.207364
-1.20892
0.166373
1.14761
0.570178
0.56809
-0.0310551
-0.0126501
1.18652
0.872079
-0.270485
0.114148
-0.183168
1.37893
0.623734
1.11694
0.445668
-0.804453
0.544662
1.92021
-1.61861
1.66774
-1.65215
-0.655434
0.244664
1.20631
0.601259
0.178817
0.674152
0.970343
-1.546
-2.80122
-1.32605
-2.54665
0.573815
0.257324
0.264593
1.51315
-0.701318
-0.0138582
-0.139537
-0.079377
1.30437
-0.601287
0.768763
-2.13369
-1.2844
-0.942197
-0.0676998
-0.444244
-0.117654
0.340255
-0.0396714
-1.2802
1.557
0.0727546
-1.23815
-0.500293
-0.747042
-0.140836
-0.850928
-0.81026
-0.944756
-0.955601
-1.1534
0.214085
-0.896173
-0.275209
-0.424767
2.28309
-1.79717
-0.393894
0.736281
-0.245118
0.0880052
-0.578104
-0.2974
0.359861
1.18748
0.366396
-0.690083
-0.696349
0.62777
-2.12876
1.14192
0.12137
0.606197
-1.43776
1.47829
1.16566
-1.21563
0.468984
1.25834
-0.874356
0.716122
-0.0828837
1.30299
0.417955
-0.799784
1.29635
-1.29482
0.413352
0.0604692
1.54606
-1.41887
-0.312859
-1.00985
1.50192
-0.221431
2.02688
0.420882
1.95691
-0.674753
1.19779
0.671656
-0.767031
0.498704
0.0573111
-0.0917553
0.0352212
0.647621
-0.00376193
1.99515
0.230155
-1.79138
0.292061
1.3353
-0.723485
-0.495796
0.15706
-0.773766
0.445805
1.0617
0.200969
0.480427
0.142274
-0.0182833
-0.808973
-1.66303
0.300821
-1.4291
1.95674
0.870889
0.736551
-0.146269
-0.0128882
0.892871
1.01074
-0.180737
0.870869
-0.493885
1.37129
1.26017
-1.33862
-0.501943
0.0121493
-0.144057
-0.531878
0.734844
0.0946331
0.0892963
-0.243812
0.492368
0.18065
1.48522
0.5731
0.863782
-0.423489
-1.4466
-1.02907
1.8078
-0.663168
1.44713
-0.319685
1.93201
-0.110403
0.528065
-2.83253
-2.60024
-0.09484
2.55654
0.0194973
2.29935
0.433746
0.00384317
-0.576763
0.166764
-1.99332
0.085486
-0.620758
-0.30752
-2.4253
0.31593
0.363616
-0.43599
0.254322
0.431239
-0.360237
-1.43297
-0.465403
1.56907
0.252367
-0.736036
-0.41238
-1.19018
-0.72435
-0.969292
0.268411
-1.47882
0.34702
-0.641741
0.378673
0.0948741
-0.829918
-1.28184
-0.992484
0.215623
-0.205873
0.0710835
1.2447
0.549172
-0.589944
0.834651
0.366906
1.0072
1.73201
0.923959
-1.5871
0.553673
-1.69303
0.974225
-1.09637
-2.18146
1.32285
-0.757983
-2.24998
1.01374
-0.405223
0.0737416
0.458548
0.0711901
0.109233
0.197359
0.395338
-0.0172297
-1.12165
-0.961654
-0.0270612
0.113074
-1.19637
1.08027
0.0847812
1.26646
0.944333
0.145198
-0.356359
1.03688
-0.313768
-0.292507
-0.76648
-0.314624
-1.68911
-1.19094
-1.26921
2.56781
0.727229
0.718492
-1.94344
0.271115
0.219636
-1.60731
-0.701187
-0.976976
0.282327
-0.611527
-1.72078
1.63653
0.26776
2.49981
-0.724367
-0.614678
-1.87797
-0.0609303
0.0465224
-0.84572
0.172644
-1.87974
-1.3148
-0.13691
-1.38893
-1.0134
0.310428
1.22398
0.0105274
0.295543
-0.322216
-1.18635
0.707939
0.542918
-1.14166
-0.559547
-0.0507209
-1.0571
-1.10734
0.476639
0.44981
0.683594
1.68486
0.927106
-0.214835
0.03013
-0.526383
-0.296528
-1.21247
1.62233
0.65674
1.08367
1.115
1.58174
-0.141778
1.20432
-0.390427
0.658672
-1.4074
0.327771
-0.219492
0.918461
-0.681119
0.0875878
0.846074
-1.31201
1.45995
-0.284833
-0.0294289
-1.11148
0.531133
0.036239
1.28302
-1.05807
-1.00196
-0.350827
0.184586
-1.8676
0.427942
-0.433335
-1.51325
0.0227393
-1.58487
0.667608
0.186368
0.254034
-0.831664
-1.50622
0.245182
0.925551
-1.32432
-1.99542
-0.596555
-0.59411
-0.661655
-1.27464
-0.210123
-0.0910621
0.259415
-0.42308
0.458871
-0.00863951
0.390692
-0.769079
-0.567807
0.310483
1.08256
-0.515679
0.425332
0.723772
0.427236
-0.597606
-0.717277
0.90661
1.41705
1.28182
-0.0179708
-0.0223946
0.509176
0.425727
-0.136174
0.151234
0.766015
0.145519
-0.776824
0.202047
0.560507
-0.137311
0.671549
-1.43934
-0.340972
0.876024
-0.215509
-0.685112
-0.424267
-0.419559
0.224758
0.313543
-2.72802
0.87583
0.995307
-0.205596
-0.206807
-1.80747
-0.0251403
-0.82828
0.21512
0.358584
0.508133
1.17284
1.75877
0.677877
0.68649
-0.327664
-0.57034
1.67631
-1.30763
1.76159
-1.24916
0.0609545
0.00920622
1.98612
0.651003
0.132806
0.272434
1.37548
-0.877944
0.773124
-0.298605
0.947677
0.747258
0.362191
2.30907
-0.0725284
-0.550739
1.46875
-0.301752
0.722602
-1.08568
1.56172
-0.0796847
-0.172508
0.938986
1.62658
1.82367
-1.19588
-1.55943
1.16859
0.805048
-0.274425
0.0588283
0.737036
2.45273
-0.688107
-0.207803
-0.0476906
0.710721
-1.06012
-0.448932
-0.179873
0.0533921
-1.5102
0.70332
-0.739472
1.05925
-1.0722
0.489921
-0.582411
-0.249224
-0.627583
0.136046
-0.00543838
-0.676254
0.944809
-0.463428
0.783866
-1.87306
-0.718324
0.24269
-0.0986732
0.261168
-1.35049
-0.291479
-2.05941
-0.745897
0.00395559
0.569553
1.49273
-0.335352
-0.914102
-0.936667
0.81315
1.02226
-0.614649
1.44218
0.42653
-0.448345
2.30452
-1.28301
0.620559
0.212326
1.58026
-0.0232887
-1.75617
-0.582181
-0.0331168
-1.95502
2.48544
-0.0431867
1.23054
-0.0773999
-0.930277
-1.042
0.340189
0.305452
1.19502
0.467674
-1.31779
-0.774021
0.453558
-1.46614
0.256357
1.00246
1.01512
0.747511
-0.642864
-0.205096
1.37766
-2.26036
-1.38044
-0.448271
0.827453
1.02477
1.96064
0.210467
0.389939
1.0144
0.680804
1.0427
1.4419
2.73618
0.969088
0.133754
0.577926
-1.10964
0.891281
-0.578611
1.78787
0.784237
0.778932
2.18682
-0.53584
-2.0299
0.0784567
-0.991791
1.60459
0.336253
-0.0108039
-0.997379
-1.05483
-1.65713
-1.11322
0.0791579
-0.0250545
0.0599305
-0.475396
0.12913
0.544824
1.74015
1.40477
0.354129
-0.291384
-0.489396
-1.67757
-0.198173
0.280348
1.01224
0.949989
-0.446873
0.233543
-0.988083
0.378236
-0.0233837
-0.245835
-0.860822
1.00448
-0.813919
-0.0715337
0.744819
0.189694
0.862913
-0.206496
-2.22598
-1.25621
0.108085
1.34818
0.467368
-0.85468
-0.998582
-0.829048
0.71048
-0.589791
2.36476
-0.789218
-0.659184
-0.8924
0.615561
1.52961
0.567199
-0.399926
0.670239
0.0267379
-0.19907
-0.127802
1.06191
0.0535228
1.12787
0.0431103
-1.07607
-2.58474
0.11796
-1.69374
2.07991
-0.117132
-0.220718
0.612573
0.922661
-0.137604
-1.66947
-0.0754711
-1.30531
1.21035
-1.59278
1.39792
1.50488
-0.460356
-0.0321172
0.688527
0.54418
-1.07164
1.53533
0.311363
-0.463299
-0.406794
0.761079
-0.409113
-0.753402
0.250281
-0.306224
-0.46772
0.861727
1.10863
-0.708478
1.26533
-0.629811
0.0238193
-1.0746
-0.720328
-0.610837
-0.0867159
-0.360976
0.0930444
1.32209
-1.52627
-0.130771
0.92741
-0.626012
-1.21302
0.815745
-1.2751
0.0748245
0.648227
0.546835
0.56875
1.24433
1.20353
-0.836781
1.32893
0.619908
0.122451
0.0122637
-0.116418
-0.843802
1.59849
0.377845
-0.400969
0.0103626
0.658111
1.27865
0.0587314
0.362718
0.0955013
2.68171
0.320427
0.180308
0.332868
-0.26403
-1.56693
0.102583
0.704643
0.095195
0.714755
1.93729
0.601234
-0.552614
-0.623944
-0.0944299
0.0676399
-0.593058
-0.577271
-0.194534
1.10883
0.460872
-0.218141
1.27504
-0.640963
0.583258
-0.885165
1.7818
0.634144
-1.06674
0.358099
-1.99479
0.092674
-0.64591
-0.077927
-0.528594
0.354588
0.257009
-0.978868
-0.159068
-0.380441
-0.793465
-0.116016
-1.61962
0.100802
-0.172385
2.20614
1.33806
-1.37093
0.788959
-0.671111
0.170728
1.0017
0.310392
1.16817
0.547605
0.144797
-0.020178
-1.14427
1.64701
0.791061
1.91407
0.343832
1.1729
0.12937
1.19931
-1.02114
0.236484
-0.586261
1.37858
-0.313212
-0.565007
-0.209333
0.351786
0.306425
-0.365863
1.03094
-0.581884
0.32878
1.61102
-0.563031
0.996717
1.6961
-0.0203211
0.499526
-0.3624
-1.5032
0.925871
-2.16289
0.0176852
1.0722
-0.282752
0.691386
0.475494
0.222221
-1.63271
-0.398932
0.837763
0.0599554
-0.50294
-0.219176
0.149715
-0.78361
-0.115521
0.499407
1.16733
-0.0476082
0.940279
-0.13132
0.159789
0.00621513
1.49965
1.34499
0.400141
1.02953
-0.710832
1.07368
-1.21424
0.534176
-0.144432
-0.986029
0.370291
0.525614
1.69139
-0.0801203
-0.182138
0.569338
-1.56657
0.209377
-0.00767019
-0.201851
1.01942
-0.0197838
-1.29072
-0.984449
0.33455
-0.551783
0.594166
-0.296072
0.524872
1.05359
-1.18639
0.523355
0.346488
0.841315
0.397553
-0.00630414
-0.154246
0.4351
0.601606
-1.3065
0.506911
-0.110437
-0.794384
-1.56579
0.57538
0.350793
-1.52576
-0.276906
0.70001
0.164333
0.679462
0.804305
-0.842439
-1.68173
-1.58719
0.0090216
0.304508
0.117583
0.534112
0.585557
-0.243432
-0.311999
0.884073
0.814432
0.31905
-0.503057
1.48118
-1.56264
0.621813
-0.712074
0.202986
0.468229
0.753084
-0.313169
-0.907058
-1.25678
1.62506
-0.416467
0.113734
-0.618811
-1.09094
-0.83451
-0.912714
-0.68827
1.08296
0.657776
0.595038
-0.271632
0.653626
0.868039
0.138806
0.63103
0.0219582
-1.26254
1.73834
0.451475
1.05908
1.53175
-0.0166338
0.322109
-0.361844
-0.172174
-0.331945
-2.39252
1.09653
0.407852
1.31101
0.263111
-1.10007
-0.389626
0.857438
0.00137544
2.21247
1.24944
-0.248853
-1.53665
-0.839823
1.29332
-0.355037
-1.16571
-0.63454
-0.0637774
-0.037113
1.34053
1.03175
-1.01462
0.625518
-0.695844
0.968239
-0.758849
0.444032
0.290461
-0.510571
-1.88554
-0.64341
-1.42455
-0.446028
0.179037
2.10607
-1.96231
-1.1458
0.431507
0.482978
0.570887
1.13001
0.36608
-0.0730277
0.0237565
0.601976
0.0267121
0.21106
0.194219
-0.660872
0.280495
-1.28124
-0.00025291
0.290412
-1.00702
-0.161746
-1.32918
0.615298
0.522378
0.757574
-1.03713
0.206539
0.503352
0.177272
0.0370625
-0.167215
0.787992
-0.485621
-0.48489
0.0803361
-0.104898
-0.0334464
0.281349
0.0147071
0.328587
-0.873792
0.0873876
-0.798019
1.55835
0.0977602
-0.798836
0.223131
-1.94896
0.401534
1.0018
-0.588394
1.07982
0.482664
-1.59228
-0.628136
-0.589027
0.642069
0.0113347
0.0656615
-1.51271
-1.54665
-0.95924
-0.272645
1.06028
1.79466
0.499006
0.496396
1.46119
-0.963208
0.302556
0.821256
1.43446
2.08916
0.113303
-0.564982
-1.17349
1.07604
0.529606
0.235567
1.26487
1.3574
-0.553246
-0.64567
0.908632
0.381436
0.682989
-0.56942
0.180676
-1.44828
1.50709
0.363276
-1.38597
0.418582
1.26602
-1.10775
-0.300535
0.429897
0.0923901
0.44248
0.311115
0.784267
0.332611
-1.84362
-1.31566
0.707498
-1.12284
-0.0343578
-1.15753
-1.42751
2.75529
-1.39029
-0.80809
-1.36063
-0.0310581
-0.0623575
-1.69163
-1.8302
0.792838
-1.08266
1.32044
-0.128661
-1.36677
-0.22018
1.53626
0.461407
-0.785975
0.697621
-1.53403
1.26899
0.54982
-1.18722
-0.845608
1.17551
0.132446
-0.163957
0.580629
0.402742
1.50247
-1.78101
-1.81703
-0.581531
1.9815
-0.0365022
-0.83458
-0.828214
1.57169
-1.03523
-1.03413
0.145207
0.616313
-0.0893913
0.95427
-0.037887
-1.09342
1.94413
0.0685038
-0.489715
0.00439421
-0.999661
-1.25133
-0.277397
1.54618
0.377597
0.363846
0.690163
0.296192
-1.86255
1.46817
1.04194
0.379344
-1.9315
-1.18109
-0.689412
-1.39102
-0.19145
1.04619
-2.07487
-0.599926
-0.109148
-0.269114
1.08159
-0.229893
2.09625
-0.244964
-2.02841
0.431639
0.92382
-2.20327
-1.91735
0.314125
-0.2047
-0.259994
1.10319
1.30234
2.13518
-1.27342
-0.817231
-0.390029
1.04612
-0.0265944
0.688024
0.112385
0.580613
0.555926
-0.53427
0.299457
0.447651
-0.356037
0.357543
-0.476381
0.599907
0.234568
-0.813411
-0.93491
-0.167155
-0.0625282
1.11141
0.392915
1.06407
0.213147
-0.387522
-1.24812
-2.09816
-0.476165
-1.52493
0.348281
0.706038
0.478886
0.352347
1.60702
-0.40646
0.08855
-0.541835
1.39103
-0.401558
1.03495
0.967602
0.137478
-0.000474866
-1.03252
-1.62667
0.0730437
-0.342163
0.73715
-0.254543
-0.171009
-0.708203
0.377488
-1.51396
1.10648
0.0920502
-0.0150697
0.317669
0.803079
-1.03465
0.895233
-0.918498
-0.613793
-0.596507
-0.797053
-0.208744
-0.43604
-0.651933
1.53222
0.564485
1.34041
0.607756
0.0530631
0.733381
-0.838731
-0.45511
-0.589554
-0.0778789
0.146033
-0.253266
0.352766
0.148
1.3598
1.46033
0.215749
0.00114234
-1.10017
0.460103
-0.589973
-0.0788763
0.595939
-1.45295
-1.05085
-0.14944
-0.733639
-0.589776
-0.484786
-0.59104
-1.89526
-1.22798
1.83598
0.263525
0.662488
-0.064108
0.114882
1.3803
-0.308649
-2.11572
1.76539
-0.430874
-0.371417
-1.56887
-0.233941
-0.403343
1.33462
-2.86963
0.62047
0.527557
0.084091
-0.996843
-0.51443
0.676294
-1.55095
1.34089
0.361914
0.322596
-1.59584
0.131894
-1.18685
-0.392385
2.2549
-0.216275
-2.39414
0.504483
-0.375105
-0.800763
-0.0859321
-0.2774
-1.35668
-0.247568
1.42759
0.86229
2.40597
0.200286
-0.0105388
0.672738
0.56784
0.182095
-0.243625
1.76791
0.372089
0.815943
-0.360336
-1.88971
0.798864
-0.270575
-0.708216
-0.916965
1.55652
1.8087
0.173976
0.547832
1.05281
-0.268893
0.936602
0.620653
-2.07515
0.943791
-1.00945
-1.38468
0.631107
0.407815
0.74864
0.509659
-1.68259
-0.619955
-0.194491
-0.69156
-0.075557
0.277769
0.143466
-0.885977
-0.86584
-1.29306
-0.974586
0.121986
-0.109056
-0.548109
2.87635
-0.136037
-0.3248
0.511149
0.307376
-0.158283
1.22993
-0.420356
0.276298
-1.033
1.03164
1.00201
-0.0441176
-0.999738
-1.23327
-1.31363
-1.56124
0.659451
0.476157
0.88254
0.833301
0.170788
-0.0875972
1.29427
0.594473
-0.425116
1.13012
0.977193
-0.502253
0.0952028
0.305887
-1.52786
-0.492601
1.38132
0.34583
-1.08518
0.119418
0.673742
-1.95341
-0.429416
-2.09195
3.10231
0.103781
0.346799
-1.03841
0.0247021
0.648216
-1.01736
0.217828
-1.06672
1.56836
-0.470203
-0.918098
0.0628042
1.15781
-0.865964
-0.29324
-0.540581
-0.121559
0.569595
-1.11925
0.164783
0.944172
-0.626617
-0.999365
1.00116
0.283225
0.726878
-0.898537
-1.29957
-0.293086
-0.533045
0.69255
0.720762
-0.074662
-0.0190218
-0.939306
-0.987033
0.587463
-1.00989
-0.499825
-0.350972
0.491694
0.566349
0.738119
0.0220558
-0.482483
0.499435
-0.105867
-0.0646057
-0.538363
1.82992
-1.34523
1.70163
2.2392
0.719686
0.475076
-0.308035
2.43475
1.86664
-1.43052
-1.22504
-1.09267
-0.410197
-0.166873
0.220159
0.601001
-0.386849
0.590957
0.341943
0.225795
0.214298
1.2032
-0.564686
-1.70382
0.522839
0.00972709
-1.0944
0.532449
1.31734
-0.654722
-1.14888
-1.50893
-0.138413
0.0175798
-1.37611
-0.147673
-0.873232
0.340591
0.647218
0.405338
0.22279
-0.839547
0.278933
-0.256485
1.97818
-2.32922
0.819267
-0.671331
0.623814
0.507674
-0.686061
0.614222
0.187419
-1.38228
0.601734
-2.23964
-0.185154
-0.260799
-0.21471
-0.26487
0.141646
-1.33441
-0.610854
0.10778
-1.27916
0.582295
-0.65785
-1.19278
-0.748329
1.44291
0.993858
-0.161066
-1.51656
-0.326123
-0.867247
0.888987
0.655614
-1.79343
-0.682974
0.565735
-0.826367
-0.611919
1.13293
-0.716031
-0.556531
-0.492276
1.63936
0.965191
0.0118781
-0.959423
-1.28368
-1.86731
-0.310471
0.125647
-0.25357
-0.00267063
0.477916
-0.233331
-0.319794
-0.183456
0.49001
-0.880161
2.26753
-0.650567
-0.612188
-0.695245
0.739655
-2.06621
0.0528295
-1.84631
1.62075
0.448618
-0.51478
-0.0729264
-0.0798872
0.0622703
0.314273
-0.319862
-0.0428691
0.104744
1.10962
-0.346399
0.713526
-0.0376555
1.63719
0.109157
-1.21566
-0.0643769
-0.872301
1.16349
0.47849
0.679303
-0.392226
0.610649
0.206578
-0.37652
-1.78488
0.513271
-0.382832
0.459161
-0.295963
-0.217082
-1.91908
-0.384044
0.259189
0.288662
0.0684496
1.02825
0.840806
-1.15107
0.737888
-2.4221
-0.0829022
-0.201868
0.395372
-0.499591
-1.16876
-0.89033
1.54796
1.95493
0.200247
1.67285
-0.65239
-0.92777
-0.665682
0.162895
-2.44346
1.25793
0.348876
0.468919
0.629363
-0.868813
-0.755791
-0.663014
-0.340306
-0.802542
0.429422
-1.12047
-0.616299
0.395516
1.07272
-0.321683
1.31886
-1.13143
-0.696326
-0.0580594
-0.564953
-0.471279
0.503423
-1.50708
-0.413835
0.465868
-1.08851
0.442999
-1.36443
0.150564
0.445508
-1.67721
-0.973158
-0.331145
0.0600075
0.028866
-0.153698
-0.458923
1.12008
-0.69929
0.800775
0.506196
0.434282
2.01915
1.06801
-0.485792
-2.33718
-0.504693
-2.25824
1.38401
1.36576
-1.05017
-0.471927
0.75538
1.55409
-0.0161155
-1.15148
0.482281
0.0665406
1.74829
0.677052
-0.330296
0.651449
-1.03421
0.382726
1.0346
-0.549331
-1.02374
0.530725
-0.917896
-2.04391
-0.877423
-1.07718
-0.627784
0.779198
1.67768
-1.43227
0.36647
-0.483171
-0.335742
-0.920362
0.87878
-0.49944
0.26504
-0.489237
0.098894
1.44026
-1.41522
0.803484
-0.970008
-0.246708
0.435119
-0.426783
1.73931
0.915226
0.470774
0.866195
1.88173
0.118204
-0.112438
-0.141544
0.729473
-1.2339
-0.942612
0.00353696
-0.157362
0.133995
2.58058
0.858675
0.00870109
1.33873
-0.0186452
-0.678643
-1.4649
1.98511
0.248149
-0.142792
1.50825
1.88914
-0.196257
1.15321
0.772769
0.77356
-0.320546
0.151012
-1.31941
1.2255
0.675865
0.574122
-0.292496
0.736164
1.43887
-0.576977
-2.53339
-0.249764
0.0024714
-1.19268
0.462281
1.3996
0.893998
-0.684564
0.0570769
0.351963
1.87952
0.924954
-0.296204
-1.45841
2.56974
-0.0318795
-0.486165
-2.63149
2.96351
0.584214
0.193938
-0.0224351
0.27259
0.358097
1.28881
-0.712677
1.6241
-0.289416
-0.693716
0.177472
-0.647919
-0.115107
-0.704971
-1.01455
-0.596443
-1.66469
-1.0656
-0.27002
-0.297103
0.208032
0.54015
0.581542
0.42019
-0.17986
0.968578
-1.17802
-1.00725
-0.31763
1.87097
0.477303
-0.758045
0.265697
-0.608945
0.800899
-0.8288
-1.56956
-0.334306
0.0761085
-1.55928
-1.14528
-2.02195
-0.861333
-1.01564
0.222231
-1.12862
0.225117
-0.0676806
-0.495493
0.247848
0.258393
-0.297581
0.152786
1.42022
-0.732389
-0.835457
1.41621
-1.31113
-0.728314
-0.0176606
-0.858714
0.475407
0.00557579
-1.10529
-1.09269
2.26825
3.29678
2.02264
0.16905
-0.278983
-1.87169
0.240403
0.804735
-1.06709
-0.75068
-1.29347
1.03111
-1.33955
-0.543805
0.372904
1.85418
1.03392
-0.944262
-1.47624
-1.16872
-0.151614
0.227816
0.0301182
-1.22803
-0.179407
0.265269
-0.121391
0.632048
0.167602
-0.770708
0.0945149
-1.79908
1.27579
0.186303
0.292427
0.317741
0.0318243
0.766984
0.482075
-0.133411
-0.450908
0.461922
0.176686
0.809548
0.177476
-1.56553
2.06259
0.819235
0.0935907
-0.223663
1.20153
-0.248166
0.326552
-0.672721
-0.969615
-0.110936
-1.04435
-0.00664455
-0.520394
0.234708
-0.210853
-0.744205
0.61026
0.605613
-1.7206
-0.408138
-0.215128
-0.614376
3.33904
-1.59153
-0.808434
-2.50398
1.57446
0.880246
-0.236166
-0.550282
-0.53076
1.14435
-1.69117
-0.48131
0.300713
-0.770951
0.789704
-0.606454
-0.382607
-0.507802
-0.172865
-0.350221
0.972603
0.345789
-0.518895
-0.268169
0.316295
-1.34933
-0.15688
0.428839
1.56378
1.04603
-0.297614
1.19651
-0.185444
0.593866
1.86938
-0.738732
-0.75465
0.177944
-0.778966
0.27323
0.460008
-1.43705
-3.14475
0.626161
0.182796
0.159616
0.0642342
-1.38376
1.08758
1.86758
0.875874
