-1.95957
-1.7749
0.0434022
-1.4536
0.62314
-0.222241
1.40923
0.0302225
1.09775
-0.240495
1.14619
-0.0425062
1.02989
0.481065
1.21803
0.101358
0.357567
0.666869
1.51433
0.873124
-0.809079
-0.238439
1.44544
0.0856052
0.653124
0.585522
0.437086
-0.675918
0.665533
1.13986
-0.754707
0.342672
1.53794
0.609193
1.63534
-0.98866
-0.315137
-0.12957
1.35543
-0.371385
1.8765
-1.11839
1.63768
0.47868
0.410774
-0.673728
1.25662
0.346458
-0.836406
-1.03794
0.692089
0.193513
-1.76454
-2.42344
0.0734541
0.281744
-0.11927
0.529124
0.24551
0.321175
-0.408759
1.65937
1.17276
0.343949
-0.743339
-0.249885
0.121099
2.25065
1.04618
-0.372101
0.18288
-0.76809
1.06485
-0.274022
-0.674931
-0.590638
-0.0823064
-0.170219
1.22723
-1.226
-0.902519
-2.03467
0.0799029
0.0932535
0.878304
-0.396727
-0.0929265
0.670918
-1.38006
-1.32725
-1.59655
1.88255
-0.302886
-0.779259
0.733777
0.439982
-0.117322
-1.06117
1.09648
-0.218304
-0.342847
1.66186
-0.630162
-0.330803
-0.336137
-0.368418
-1.95575
-1.03015
-0.507504
-0.742461
0.103974
-0.572985
-0.816013
0.991378
-0.450411
0.984538
-0.0956483
0.74079
-0.248926
-0.691023
-0.544061
1.53789
1.2998
-0.011796
0.249936
-1.04749
0.890439
-0.0309749
-1.85972
-0.115228
-0.380709
-0.292433
0.245208
1.43253
0.397605
0.572816
-0.654671
0.647799
0.331995
0.058328
0.985425
-0.605673
-0.0798628
1.02865
-0.855388
0.798879
-0.192801
1.48619
0.296394
0.780494
-0.722952
0.668572
0.712247
-0.429353
0.441521
0.977532
0.74875
0.231316
-1.38222
0.396607
0.45119
0.099965
-1.35927
-0.724635
0.211919
-0.99086
0.0241267
-0.8336
0.0225865
-1.60971
-0.0881244
0.227193
1.16564
-1.65661
0.173409
-0.174982
0.935416
1.12991
-0.0866887
0.743403
0.849898
1.40725
0.220273
-0.739927
1.52034
0.00137571
0.351402
-1.81793
0.647923
0.241614
0.0979522
-1.03574
-1.21907
0.0994067
1.49988
0.354309
0.06919
1.37761
-0.274145
1.02347
-0.965148
1.54585
0.238598
-0.584113
-1.91027
0.438108
0.129094
-0.495349
0.638095
-1.61947
-1.51282
1.04523
1.32859
-0.0684471
-2.43341
-0.529462
0.992129
0.218933
-0.19916
0.701747
-0.703157
-1.08236
1.17883
1.38105
-1.41123
0.966197
1.79359
-0.186998
0.753075
0.476362
0.0424029
-0.612809
-0.0701169
-0.162643
0.0484283
-0.981868
-0.00781438
-0.791586
0.166645
-1.55437
-1.06881
-1.13518
-0.899844
-1.86081
-1.55306
-0.912652
-0.00476238
-1.01546
1.25149
-1.07603
1.85697
0.326614
-0.0456841
2.11132
-1.17558
-1.45747
0.658496
0.24931
-1.72739
1.36939
-0.0340059
0.859809
0.639771
-1.22315
-2.05557
0.653052
0.578019
-0.361465
0.965908
-1.17464
-0.268857
-0.24506
-0.913017
-0.59628
1.52585
-1.58932
-0.699249
-0.528162
0.416604
0.0818936
-0.329401
-0.380203
0.797436
-0.387367
-0.372663
-1.3281
-1.06283
-0.425781
0.650617
-0.193471
-1.0802
-0.121378
0.616574
-0.0859739
-1.23181
1.18311
-1.1086
2.14022
-1.69574
1.97166
-0.833143
-0.308034
1.34713
0.436692
0.174828
-0.435589
-1.02362
-1.66745
-0.463261
-1.9133
-0.966676
1.04718
-0.285594
-0.392847
0.147084
-0.395007
-1.04379
-0.380778
1.89298
1.51435
-0.409291
-0.488676
1.07338
-0.120121
-0.472786
-1.31038
0.0679513
0.15418
-0.436598
0.113768
-1.4173
-1.64436
0.00263572
-1.63644
2.88237
-2.24696
1.21254
0.411037
1.04495
-0.875693
-1.62332
1.37156
-0.552404
2.46921
0.0816296
-0.753867
1.19622
1.32246
-1.1784
-0.900537
1.6015
1.17236
0.507479
-0.385532
0.0406386
0.268241
2.23405
1.06529
-0.47529
1.52408
0.41357
0.659141
-0.124894
1.18859
-0.126171
0.661629
0.742282
0.712827
0.279752
1.35519
-1.40082
2.01641
-0.312826
-1.87955
-1.88979
0.35803
-0.150247
-1.94887
-0.396519
-0.971894
0.169185
0.499243
-0.267261
1.04954
0.916151
0.77665
-0.185558
-0.720689
0.737368
-1.92707
0.23399
1.21271
-2.13028
0.879876
-1.46815
-1.70706
0.0650297
0.0694055
-0.0671961
0.558259
-1.0854
-1.68821
1.37495
-0.965204
-0.59645
0.274753
-1.69214
0.735329
-0.928405
1.99746
0.610039
-0.413035
-0.460326
-1.25773
0.735385
-1.82889
1.41555
0.091568
1.43071
-0.680508
1.40384
0.633109
0.483711
-1.05632
-1.40232
0.432097
-0.969042
1.02512
0.803536
-0.435397
-0.245052
0.911505
2.01124
-0.708061
-0.440848
0.218111
-0.540032
0.858483
2.46212
0.210185
-0.556392
-0.0222793
0.794851
-0.684732
-0.0592319
1.5278
1.14968
-0.663296
-1.18917
-0.350519
0.962423
-0.333008
-0.949701
-0.0937969
0.262265
-0.414349
-0.911
-0.0373958
0.675336
-0.13124
-0.526502
-1.03495
-0.701259
0.816144
1.86021
-0.254932
-1.61527
-0.596425
-0.269764
0.898881
-0.575076
-1.03415
1.09313
1.79286
1.12491
0.296247
-0.306846
0.0886227
1.25741
-1.16104
0.18858
0.319273
-0.36748
1.04179
-0.688505
-0.918022
-0.10814
-1.0175
-0.331181
0.40031
0.252399
0.255511
-0.24889
-1.06532
0.0824498
1.11353
0.0629639
-1.05511
0.82675
0.412061
-2.04086
-0.741051
0.475627
0.730774
-0.294737
-0.059926
0.33301
0.157726
0.0617534
0.16581
0.926649
1.41572
0.388043
-0.781221
-0.316774
-0.615336
-0.00292637
-1.54514
-1.23277
0.202209
-0.85371
-0.0992756
-1.94016
-0.763242
0.672224
-0.336627
-0.0948211
-1.75883
0.74116
-0.401336
-2.02486
1.1361
0.185504
-0.0255192
-0.250254
2.68862
0.706334
-0.775485
0.429612
-1.40071
-1.50409
0.305508
2.11447
2.90064
0.744123
-1.35768
0.224409
0.386104
0.180245
0.0380954
0.678794
0.538415
-1.15915
-0.181844
0.890438
0.546397
-0.168833
1.34071
1.23755
1.01987
-1.06391
0.366401
0.497636
-0.639902
1.05556
1.32241
-1.07115
-1.36168
-1.01473
0.113612
-0.328412
0.854605
-0.0672705
-1.59518
-1.12865
-1.53955
-1.35421
-0.161967
0.45976
0.397132
-0.617633
0.548355
-1.04691
-0.999347
-0.897397
2.02054
-0.640948
1.74345
-1.23317
2.37454
0.171442
0.890647
-0.0730645
0.552632
0.974423
0.909326
1.11936
-0.109682
0.808243
-1.51685
-1.8373
-0.562812
0.259683
0.931035
0.702069
1.88621
-0.0360326
0.880604
-1.10585
-0.122491
0.840311
0.226694
-0.163319
1.30051
-0.108516
-1.03631
-0.016273
1.47442
0.981479
-0.228761
0.675722
1.43744
0.611103
-0.812291
0.109096
0.643358
0.263313
-0.80406
0.831105
0.727951
2.27939
0.0670779
0.407837
0.239999
1.09679
0.533357
-1.12917
0.966764
-0.582461
-0.607146
-0.536646
-0.31128
0.117863
2.1119
0.912614
-1.33219
-0.394657
-0.0539038
-0.216371
0.264316
1.90045
-2.23486
-0.698396
-0.165402
1.26909
0.08537
-0.344198
-2.40799
-0.881212
-0.201396
0.582678
1.36727
1.41293
-0.283363
-0.135724
-1.32005
-0.0437656
0.371994
-0.664205
0.387044
-1.1577
-0.881838
-0.251172
-0.0161788
-1.64093
2.40688
0.797043
0.773463
-0.467866
0.687441
0.742666
0.162818
0.835064
0.386307
-0.136867
-0.41944
-0.475958
0.393966
0.166305
-1.20021
0.580076
-0.392676
-0.575872
0.0320314
0.343275
0.364544
-0.354329
-0.165719
-0.769644
-0.93787
0.471192
-0.96866
0.126646
-0.229018
-0.760038
1.74359
-0.694956
0.417094
-0.909186
-1.14817
0.800367
0.239002
-0.213871
0.154216
-0.437147
-2.46961
0.328911
-0.0373135
-1.17525
-1.42633
-0.674714
-0.482111
-0.890468
-1.95396
-0.623632
1.50717
-1.41238
-0.275911
-1.81685
0.094638
-0.24718
1.86389
0.679623
-0.868661
-0.196374
2.05631
-1.31252
-0.115501
0.125092
-2.04543
-0.872002
0.274399
0.455492
-0.110768
-0.981285
-1.76135
-1.53116
-2.43664
0.793773
-0.0427299
-0.0971016
0.461436
0.482167
-1.06034
-1.86261
0.126024
1.19147
-0.48041
0.757196
0.547167
-0.716105
-0.888285
0.985957
-1.19867
-2.10374
-0.497027
1.11862
-0.253085
-0.493465
1.26722
1.52487
1.78156
0.313007
0.71011
1.14569
-0.307216
-0.160906
0.416257
-0.605626
-0.73559
-0.837036
-1.37624
-0.919802
0.354548
-0.435572
1.04535
2.07063
-0.197685
1.28026
-0.740396
-0.62075
-0.562934
0.161695
0.730779
0.664821
0.663325
1.28292
-0.659819
0.674499
1.2508
0.0279655
-0.979633
1.06009
-2.26852
0.348654
-0.315935
-0.866777
-0.942521
0.257505
0.879041
-1.57599
-0.866225
-0.00246171
-0.657126
-0.428339
-1.24756
0.295564
-0.155565
-0.343956
0.260594
0.129374
0.052969
-1.33381
-0.474365
-0.806893
-0.918547
0.59368
-0.0365112
-0.753949
0.514042
-0.30008
1.04219
1.53014
-2.34931
2.29302
0.154731
0.859122
1.65113
-0.00462035
0.909291
-0.922508
0.280378
1.17684
0.181102
-1.01488
0.624098
-1.98135
-0.192641
0.102508
0.866612
-0.5588
1.31148
-0.311654
-0.288812
-0.766684
1.05402
-0.50328
-0.240604
-1.1101
-2.51747
1.10696
0.879984
-0.0697765
0.467737
-1.57936
-0.879004
0.79414
0.430507
-0.906494
1.38706
-0.197021
-0.47873
0.924475
1.87584
0.103679
-2.18573
1.02277
0.312214
0.796086
0.578926
-0.730397
0.555366
-0.230784
1.49598
0.0324098
0.391338
0.299939
-1.18577
0.233325
-0.1236
0.0982877
0.464389
0.577368
0.434211
0.736705
-0.170067
-0.787197
0.635758
0.921995
-0.696742
1.80945
1.37615
-0.937573
-0.055802
-1.60723
-0.142512
1.6984
-1.3289
-0.0301526
-1.59765
0.541174
-0.782849
0.575646
-1.6654
2.24314
-0.774589
-0.473619
0.975008
0.759034
1.51804
-0.261311
-1.11015
1.07428
0.0152865
0.913155
-0.456312
0.767692
-0.667284
1.65102
-0.364004
-0.456897
1.11244
0.338022
-2.17456
0.919194
1.85918
0.661675
1.74344
0.665417
0.941237
0.117791
-1.2094
-0.106766
-1.60178
-0.852482
-0.400686
-0.257767
-0.231377
1.08173
-1.18521
-0.770947
-1.46953
1.34718
0.0242952
-0.444187
-0.251991
1.45327
0.131607
0.777281
1.03049
0.302864
-0.318042
-0.0388619
1.02224
0.125608
0.82848
0.0401524
-0.933747
-1.07729
0.0952285
0.761161
-1.29159
-0.968009
1.07628
-1.17784
-1.16353
-0.357839
-1.21418
-1.36501
1.29875
1.72815
-2.46715
-0.331569
0.987876
-1.30167
1.30817
-0.917264
2.04618
1.10129
0.164822
0.197429
0.13102
0.305673
-0.22749
-1.20823
-0.460272
0.610433
0.466715
0.377421
1.8425
-0.820729
1.76321
-0.453091
0.518192
-0.989274
-1.93033
0.0439643
-2.68895
0.142456
0.410346
0.645264
-2.07233
-1.70107
0.367935
-0.0427508
-0.0391466
-0.34069
-2.01786
0.208572
-0.354986
-0.196287
-0.561459
0.105564
-0.163168
1.39257
1.22618
0.900694
-0.832146
-0.325128
0.473804
-0.438925
1.46108
-1.06345
0.384389
0.874403
0.913862
-0.510545
0.215454
-0.0362683
-1.36365
-0.409108
0.191573
0.750125
-1.16721
0.0976842
-0.564007
-0.338472
-1.39105
-0.933172
0.0169983
-0.141535
0.787568
-0.28334
0.661514
-1.18778
-0.211855
0.258033
0.0135919
-1.29999
-1.72609
1.0573
-0.410227
-1.26511
0.602655
-2.37681
0.794877
-0.863185
-1.52358
0.41919
-1.25555
-1.06271
-1.1272
0.53262
2.32605
-0.991514
-1.60207
-0.950775
0.465056
0.361608
-0.842507
0.812747
-0.689375
-0.667739
-0.545177
0.920232
-0.00375637
1.34934
-0.781998
0.717262
-0.237005
1.04783
-0.18373
-0.573026
-0.236884
0.202581
1.16553
-2.02977
0.747154
0.338584
-1.25238
0.535414
-2.32333
0.135591
1.67108
1.15246
-0.50332
-2.21467
-0.569427
0.169165
0.78158
-1.39441
0.997968
0.781519
1.42856
-0.47535
1.11415
0.622423
0.610298
0.795621
-0.489611
-0.581555
0.273901
-0.473889
-0.703545
-0.0976362
-0.816731
-0.06822
1.28317
0.393407
-1.14009
-0.417251
-1.67751
-0.837132
-0.743706
0.856582
1.3675
2.36387
-1.42266
1.04363
-0.102132
0.39897
-0.690752
1.84889
-0.0762927
-0.16549
-0.611917
0.622187
0.651099
-1.19569
-1.88584
0.0854136
-2.07121
0.37345
-0.434837
-0.594283
-1.54269
1.57473
2.16613
-0.0400446
1.04451
2.40996
-1.75987
1.27028
-0.467833
-0.157154
1.87862
-0.214209
0.193712
1.5698
0.857336
0.773697
1.22139
-0.005343
0.0862887
0.103039
2.05869
0.686049
-1.71353
-1.3949
-0.0585433
1.79907
1.00713
0.640949
1.2981
-0.200017
2.17921
0.580251
-0.125087
0.999202
0.27771
0.472677
-0.425258
-0.0462507
-1.43047
0.896485
2.39469
-0.0801391
-0.834774
-0.0278858
-1.54503
-1.47749
2.17379
-0.374414
-0.523029
-0.20677
-0.915865
0.412166
0.546237
0.621278
0.91252
-0.76527
0.297686
-0.351944
-1.77933
1.69806
0.218186
-0.86158
1.26009
-2.17685
1.10652
-1.14686
0.34565
0.349737
-1.19089
0.176143
1.45587
1.35408
-0.90199
-0.537426
0.607891
0.432615
-0.484053
0.0782003
-0.743274
-0.133559
0.859923
0.595126
-0.057908
-1.36627
-0.604597
0.863074
0.190742
1.6406
-1.77329
0.206472
-0.316157
0.035276
-0.471604
0.428583
-1.2538
-0.85315
-0.729594
-1.41927
0.213717
-0.591049
-1.84088
0.92494
-0.124891
1.58514
-0.778828
0.629294
0.664096
0.558096
2.01404
0.397362
1.52705
-0.574676
0.483373
0.280661
-1.40195
0.395274
-0.421839
-0.166531
0.676421
0.696608
1.12411
0.249523
-0.343761
-0.0076248
0.107018
-2.59959
-0.113864
-0.178507
-0.466744
-0.649887
1.31889
2.04037
1.35163
-0.63035
-0.934593
1.08136
-0.342385
0.352763
1.68011
-1.11378
1.4307
1.33399
0.8211
-0.596762
-2.172
0.429268
0.064663
-0.61488
0.205535
-1.14932
-0.63848
-0.190947
-0.578528
0.631532
0.0875359
-1.3931
-0.859052
-1.23263
-0.387956
-0.620257
0.572935
1.18762
-1.17757
1.30822
0.185684
0.223523
-0.122486
-0.239642
1.28803
-0.0302524
-1.90717
-0.472447
0.063582
-0.925841
-1.49123
-1.36151
-0.57991
-0.121138
-0.792531
-0.202893
1.73484
-0.411231
-1.41716
-0.750946
0.98058
-0.995419
0.54887
-0.903937
1.5443
-0.945696
-0.902288
0.410716
-0.876457
-2.37826
-0.0304135
0.755726
-0.878545
1.3292
-1.02362
-0.20092
0.0453392
0.0432453
1.51774
1.81541
-0.182956
2.17927
0.334316
2.01374
-0.259047
0.582417
0.0836364
0.543026
-1.72048
-1.57107
-0.150213
0.683135
1.91084
-0.463203
-0.587294
-1.05679
-1.65091
0.64414
1.39139
-1.19855
0.112839
-1.26665
-0.460896
-0.105152
0.568683
-2.09901
-0.644604
0.991742
-0.0564169
-0.596034
1.03147
0.985433
-1.29179
0.220376
1.46407
-0.101373
0.43868
0.782766
1.79619
0.454478
1.36468
0.870897
1.27415
-1.41509
-0.127383
-0.681383
0.49505
-0.810959
1.21812
0.971575
0.551334
1.47693
-1.12604
0.0550535
0.484297
-1.2794
-1.209
2.11456
0.496397
1.1525
0.038968
1.05786
0.939845
-0.202647
0.271136
0.284062
0.769075
0.29344
1.18357
0.398837
-1.562
-2.31081
0.644345
-1.42378
0.272524
-0.897491
-2.38449
0.107901
-0.760959
0.497371
1.10237
2.27001
0.550537
0.998498
0.133523
-0.189184
1.50932
-1.16344
0.565044
0.597289
0.467298
-0.940133
-1.59387
-1.64436
0.0252956
1.68498
0.683215
0.685536
1.09405
-0.784383
-1.13161
-0.731397
-1.19466
0.758897
0.202617
0.56979
-0.0279689
-1.68583
-0.137545
0.41719
-0.238889
0.32339
-1.51731
0.395568
0.628089
-1.94525
0.508213
0.501384
0.718349
-1.03171
-0.10532
-1.11006
0.118008
-0.315604
-0.0147241
-1.00425
1.99547
-0.121201
0.178236
0.0532664
-1.3085
0.236281
-0.196797
-0.473884
-1.28589
-0.606303
0.646312
-1.01437
-0.239085
-2.00816
-2.10073
-0.37183
0.890006
1.63659
-0.548004
-1.04084
1.52081
-0.0786631
-0.170449
0.168635
-0.822257
0.237249
-0.638777
-0.633739
1.06201
-1.59956
-0.422574
-0.247628
-0.395271
-0.115084
-1.41048
0.599961
-0.796517
-1.20379
-1.12719
0.897822
-0.108928
0.08291
0.492683
2.01924
-0.146365
1.20775
1.75745
1.18112
-0.241396
-1.04564
-0.468998
1.03051
0.807314
-1.20591
0.823138
0.956081
-1.08218
-1.72517
0.487391
0.386081
-0.868028
0.806882
-1.53982
1.41547
-0.699981
0.116064
-1.21593
-1.45609
0.141388
-1.75371
1.14093
-0.309777
0.708921
0.246401
-0.115607
-0.0622898
-0.718589
0.283605
0.970983
-0.616558
0.83015
-0.466107
0.115796
0.302006
-0.735003
0.563262
0.654409
-0.180524
-0.697483
-0.817308
-1.6218
0.281671
0.284541
-0.916594
0.947692
-0.924917
-0.412269
0.163912
-0.0431524
1.7781
-0.40965
-0.0706284
-1.36213
-1.11045
0.448957
0.284313
-2.29791
-0.170973
-0.946995
-0.161184
0.744558
0.278345
-0.181176
0.492769
1.59401
0.731984
1.04371
0.274736
-0.734382
-0.964104
-0.427776
-1.27218
-0.258668
0.286418
0.437066
2.55303
0.460428
-0.031671
-0.765
0.283545
-0.757152
0.172318
0.567229
0.25295
1.11185
1.73072
0.390788
-0.115505
-0.485949
-0.890485
0.221936
0.258673
-0.0794094
-0.176737
-0.263916
0.988478
-0.180297
1.17149
1.12865
-0.614346
0.208441
-2.24764
-0.741697
-0.360323
0.0738405
1.06466
0.246292
0.490468
0.855018
-0.789987
-1.8493
1.3824
-1.33635
-0.448881
-0.639443
1.10361
1.12377
1.55866
-0.121978
-0.590396
0.208842
-0.491909
-0.690944
1.0833
-0.294543
-0.405823
-1.77616
-1.18989
-2.23062
0.00053089
0.536709
0.649538
0.0417712
0.40092
-0.131985
0.525928
-0.300314
0.718123
-1.2435
1.07506
0.306968
0.383243
0.24641
0.648457
2.14358
0.00817433
-0.684763
0.613796
-0.612434
0.586039
0.555501
-0.265766
0.374113
0.820021
0.613701
-0.607886
-0.631149
1.54472
-0.800372
-0.0104136
1.50326
0.988461
-0.814523
-0.597203
-1.07514
-0.684531
1.82996
0.403833
1.21944
-1.06201
1.52025
1.12603
-2.31734
0.228509
-0.892797
0.583899
0.307729
-0.435185
0.938216
0.21322
0.150512
1.17778
-0.384179
-1.36369
-1.03831
-0.353188
-1.269
0.14931
-0.258613
-1.58632
-1.14954
0.900772
-0.701167
1.55679
-0.404378
-0.543769
-1.53838
0.501385
-1.78131
0.106015
-0.580034
-0.986841
0.606702
-0.585984
1.01046
1.08267
-0.791148
-1.31633
0.425282
-0.728295
-0.605942
-1.55595
-0.688963
0.288038
-0.902713
-0.523522
-0.275887
-1.20846
1.34634
1.50104
1.58151
-0.817013
-1.03312
1.0063
-0.226724
-1.35922
1.07409
-2.145
0.490944
1.38254
-0.083141
0.538854
1.17439
0.322464
0.747336
-0.763404
1.61177
0.311121
0.796574
-0.961521
-1.98564
-0.982766
1.29737
-1.24623
-0.848158
0.0840576
0.0987725
0.404146
0.900397
1.90686
1.18432
1.57358
1.17446
2.05429
-1.41309
-1.01194
0.210141
-1.87767
0.992339
-1.45851
0.10262
-0.90454
0.277695
0.134872
-2.8499
-1.50696
0.98327
-2.04632
1.6483
0.39343
-0.906895
0.063236
-1.6314
-0.511663
1.61951
0.223671
-0.310754
0.894504
1.59512
0.404809
0.275018
-1.76211
0.649865
-0.569505
1.37369
-0.304586
1.905
1.03307
-1.48085
0.674593
0.517669
-1.41964
-0.462658
0.950522
-1.53109
0.646645
-0.186563
0.440215
-0.0957422
-1.22429
-0.53973
-0.474517
1.51201
0.975339
-0.283626
-0.983887
-0.377357
0.417489
0.931566
-0.00459758
-2.06874
0.286166
0.894089
1.12708
-3.14057
-0.399967
-0.303572
-0.0106537
0.931226
0.421896
3.12418
0.11015
-0.735014
0.903475
1.26431
-1.38817
-0.70172
0.111782
0.0555621
-0.108519
-0.650088
0.654615
0.5171
0.571824
0.576271
-0.346047
-0.403694
-1.60485
-1.25796
0.726029
0.865518
-1.00504
0.8502
1.33883
0.748553
-0.93009
1.95526
0.627636
-2.41645
0.698368
0.950214
1.45911
0.245876
-1.54557
0.223892
-0.792796
0.0413353
-0.553476
0.258582
0.423667
-1.64537
0.316402
1.45513
-1.04097
0.143413
-1.04532
0.31033
1.68821
-1.50236
-1.21312
-0.562324
1.49194
0.637487
1.21691
-1.10645
0.54956
-0.508956
1.06175
0.816827
-0.272385
2.60611
1.37321
1.34935
0.436601
-0.319089
-0.163253
-0.541796
1.02867
0.409809
0.701897
1.2565
-1.35945
0.283705
0.907671
-1.02567
1.37597
-0.382007
-1.56861
-0.320363
-0.377688
-0.381932
1.02712
-0.409377
-0.443667
-1.39514
1.15753
-0.959666
1.07934
1.11989
0.306417
-0.348552
1.73892
-0.439968
0.0515995
1.36087
-0.984631
-1.5226
-0.236808
-0.0655814
0.170633
-0.983247
0.187738
-0.332789
0.543931
-1.28949
-0.800289
-1.1412
-0.957914
1.16494
-0.0186126
-1.04193
-0.12134
-0.398412
-1.14845
1.23411
1.5876
-0.0710614
1.42438
0.476378
-1.68502
-0.273199
0.281754
-1.00703
1.5678
-1.73944
-2.12927
0.394031
0.76767
-1.59588
0.771938
-0.0348301
-0.657816
-0.499203
-1.78723
-0.75532
-2.29597
-0.973649
2.28278
0.0967452
-2.0503
0.63618
-0.601963
-0.0336325
-1.43789
0.407605
0.875985
2.74286
-1.40635
-0.358376
0.459811
-2.25819
-0.966203
0.490769
-0.637761
-0.409302
-1.23555
-1.02536
0.322903
0.261186
-0.536146
-0.100923
-0.881208
0.411209
0.461596
0.207177
2.08693
-0.997252
-0.491238
0.193614
-0.464278
-0.741254
0.145307
0.733092
0.210541
0.241821
-0.554205
-1.28446
-0.238286
0.101774
1.79671
-0.112395
-0.0193488
-0.635733
-1.21533
-0.0960055
0.311897
-1.30738
0.419207
1.66398
1.71428
-0.851602
-1.2504
0.966885
-1.36691
-0.0309184
-0.533026
0.372103
0.594369
0.911048
0.818028
0.265533
1.60754
-1.07566
-1.35977
0.512594
-0.783491
0.500664
-1.12845
0.0155786
0.780995
-0.540832
-0.611198
-0.910033
0.180607
1.39199
-0.135303
-0.0930597
0.254275
-0.0468821
0.774106
1.11383
-0.328368
1.46923
0.0192144
1.04054
0.181441
-0.409758
-0.111037
0.212452
-0.0881758
-0.343866
-1.04092
1.09449
0.299001
-1.59205
-0.666706
-0.00285877
1.28107
0.662813
0.698986
-0.0599847
-1.52728
-0.892361
0.809653
1.24564
1.05424
0.652589
-0.858504
-1.0255
0.223027
1.00988
-0.567668
-0.350031
1.46126
-0.982305
1.42176
-2.03667
-1.30326
0.789231
-0.32948
0.913639
-0.54677
1.01192
-0.709364
-0.182754
0.910701
1.32951
2.31011
0.607315
-1.85479
0.691724
1.05186
-0.151757
0.415008
-1.61738
0.0264341
0.944687
-0.630339
2.29051
-1.2273
-0.42725
0.298982
0.612412
-0.75556
-1.13131
1.24114
-0.553214
0.69627
-0.484737
-1.05441
2.29215
-0.683996
0.336991
-1.16271
-0.714527
0.319567
1.43517
-0.689778
1.66234
-0.915185
0.773639
-0.143302
1.21316
1.52856
-1.10111
1.6988
0.190605
1.0971
-1.21964
1.6211
1.01825
0.0879305
0.238622
-0.0751851
-0.334488
-1.39368
1.08769
-0.245913
1.1741
-0.63235
-0.9209
-1.36829
0.046482
0.513477
-0.876417
0.198477
0.552868
-2.17399
-0.00146652
0.29023
-0.106866
0.795366
-1.36901
0.390965
-0.266792
0.503888
-2.15521
-0.342244
2.07138
-0.669113
1.29754
0.137287
-0.469947
1.77572
-0.175959
1.4296
0.0378383
0.260131
1.60112
-0.749163
-0.336883
1.3427
0.915001
-1.02943
0.178851
1.03634
-0.687602
0.937398
0.854235
-0.64958
-0.489684
0.619217
1.29642
-0.823191
0.32932
-0.0919884
-1.15057
-0.292355
0.726156
0.600051
0.480014
0.153338
-0.818898
-0.856977
0.210991
-0.942391
1.45129
0.321453
-0.720878
1.24307
-0.264258
-2.08571
-0.613871
-0.548544
0.0709424
-1.13795
0.0579428
1.02121
-0.372881
1.26406
-1.50654
1.12089
-0.280039
0.379867
-0.840423
-0.816325
0.246738
-0.529861
1.98685
0.0399129
-0.377787
0.125711
-0.0292362
-1.48405
1.80961
1.91418
0.805273
-0.418743
-0.490701
1.68956
1.01033
0.425456
0.583328
-0.667654
-1.05519
-0.316813
0.363091
1.1835
-1.21501
0.993029
0.0462462
0.00337077
-0.377607
0.0962138
1.1854
-1.68867
-0.754993
-0.0623866
0.965101
-1.12144
0.747563
-0.0421741
-0.303761
-1.2269
0.178567
0.859274
-0.663337
0.513689
-1.24034
1.87932
0.955101
0.853978
-1.53408
-0.135565
-0.891813
-0.722248
0.103681
-0.265187
-0.302393
0.495722
-0.232747
2.26169
-0.817499
-0.64638
0.649546
1.16369
0.961289
1.96337
-0.38784
-0.0598962
-1.0855
-1.70724
-0.742
0.502706
1.62965
-0.819741
-0.266357
0.881048
-0.300656
-1.82337
1.24383
-1.17002
-0.842461
0.00359329
1.1051
0.419374
-0.919978
-1.06772
-0.26933
0.781441
-1.62049
1.06226
1.27127
1.07801
-0.937743
0.14909
-0.265717
-0.211513
-1.12639
2.23347
-0.894774
3.05675
-0.200471
-0.665264
1.03289
0.146562
-1.81243
0.448605
-0.923209
0.0993334
2.03968
1.1364
-1.35195
2.27498
-0.505174
0.204311
-0.18504
-0.164316
-0.433954
-0.346929
-0.429352
0.525467
-1.75093
0.690626
1.18099
-0.974057
0.479458
-1.14828
0.396679
1.39581
-0.329307
-0.325961
0.256597
0.411029
-0.0813575
1.11381
-0.724075
0.516797
-0.725138
1.44992
0.385664
-0.31489
0.972944
1.00297
-0.567324
-0.163269
-0.300756
-0.0277024
-0.735694
-0.948103
0.189963
1.15289
-0.46593
-1.2836
1.04809
1.21081
-0.714217
-0.549416
0.732936
0.0762561
-0.234684
1.13195
-0.060265
0.517637
-0.0372135
0.28254
1.75272
-0.176079
-1.85708
-0.0610695
1.5204
0.295727
0.970919
-0.957207
-1.08058
0.370176
-0.335408
-0.190704
0.170434
0.727218
-0.0676069
-0.575995
0.729236
-0.105514
-0.114228
1.00038
0.0530853
-0.0820153
-0.0181295
2.07472
-0.749961
0.902258
-0.355956
1.9335
1.96098
1.31651
0.176751
-0.145438
1.12971
0.196283
-0.95879
0.0472593
-0.504227
0.0844354
-0.247582
-0.754915
-0.10581
-0.0142838
0.131368
-0.426726
1.21915
-0.645153
-0.390704
-0.541166
-0.222341
-0.301835
-0.678976
0.0373992
-0.39871
-0.24242
-0.218479
0.0914268
-0.633514
1.43799
1.22408
-1.21004
-1.02772
-1.49113
-0.861799
-0.607503
2.39279
-0.538243
-2.78103
-0.493765
0.9207
-0.194118
-0.889291
0.747526
-1.00128
1.57102
-2.28696
0.28827
-0.0868586
-0.759986
0.475038
-1.16332
-0.433624
-1.62449
0.665163
-1.15241
-1.1105
0.46143
-0.0767104
0.165246
0.22576
0.473175
0.618267
-0.511779
1.75194
-0.986675
-0.126804
1.07801
-1.20459
-1.98135
0.605966
0.326446
0.456569
0.289516
1.64405
-0.857577
0.756825
-0.338899
0.924004
-0.827303
1.41703
-1.48965
1.95885
0.915609
0.545832
0.37267
-0.560187
-0.284218
-0.401806
-0.21882
-0.391401
0.118214
-0.0708411
1.62117
0.210543
1.46243
-1.07497
0.261338
-1.40553
0.34464
0.864377
-2.05584
-0.408244
-0.331781
-0.166594
-0.928997
-0.388273
-1.85285
1.22522
-0.901433
-1.23066
-0.289935
1.85638
-1.34344
1.05203
-0.0130539
-0.893034
1.20394
0.106849
-0.326762
2.29202
0.182592
0.712885
-1.52371
1.13469
-1.59189
3.03204
-0.258456
-0.165988
-0.40745
-0.327261
1.02021
-0.313601
0.0636307
0.982671
0.525437
0.210482
-0.505973
1.05301
-1.23983
-0.640545
-1.84982
1.04519
-0.574177
-0.0530827
-0.587214
-0.803303
-1.00473
0.293884
-0.385443
-0.0526769
-1.37856
0.567535
1.13363
-1.33095
0.384938
-0.202457
-0.74591
1.19608
0.202326
0.419339
0.917467
-0.914026
0.329538
1.09276
1.46738
-0.481416
-0.918225
-0.992586
0.0230308
1.24902
0.804777
0.691954
0.676854
0.83238
-0.96806
1.94892
0.0535398
-0.885172
0.266234
0.597099
0.566679
0.931845
1.32867
-0.325298
-0.143904
1.39408
0.250798
0.202595
-0.741527
-0.456611
-0.981313
-0.99835
-0.165226
0.386766
-0.100966
0.211891
-0.437815
1.37519
-0.4048
0.19146
0.433069
-1.22929
1.62532
0.237196
-0.300359
-0.85934
0.269654
0.222051
-0.331783
-0.314218
-0.73277
1.01285
-0.638171
-0.373822
-0.271795
-0.331277
1.07992
-1.282
1.65176
-0.569907
0.275266
2.54448
0.159697
-0.0555205
0.705754
0.496838
1.02813
0.581597
0.840256
-0.0581207
0.208131
-0.172719
1.41225
-1.25882
-0.211944
-1.6156
-0.00312506
-0.967384
0.546033
1.89979
-0.0620722
-0.846501
-0.889658
-1.07003
-0.375425
1.70598
0.653093
-0.165783
-0.0300275
0.828946
-0.812349
-1.60597
-1.06458
-1.59638
-0.94682
0.776146
0.906439
1.04718
0.383744
1.9222
-0.395778
1.0407
-0.119618
0.771723
-0.0760204
0.0205993
-1.25704
0.60824
-1.05915
0.956573
0.0327957
0.148459
1.41747
-1.09132
-1.38929
0.310718
0.593777
-0.955384
0.45443
0.538818
-0.0317715
-0.735898
-0.135712
0.711909
-1.05558
0.686859
0.15881
0.663981
-1.63879
-0.0172907
-0.967446
-0.671319
0.673951
-1.06398
-1.4521
1.66628
0.779219
0.787556
1.29415
-0.410392
1.10385
-0.809706
-0.00181416
-1.2796
1.76591
0.279207
-0.894037
0.3567
0.994154
0.23893
0.855611
-0.0654691
0.476726
-1.44985
-0.952813
0.269476
0.317351
-0.243665
-1.40033
1.1863
0.806827
-0.0451313
0.300202
1.43574
0.146029
-0.029875
0.936333
-0.512039
-0.747159
0.838048
-0.575794
-1.79662
-0.570186
0.907205
-1.51053
-0.233796
-0.187471
0.331202
-2.10148
-2.10677
-1.22859
0.265664
-0.988961
-0.413397
-0.219858
0.723259
-1.96535
1.50965
0.367141
2.24517
0.631255
0.565531
-0.3263
0.842874
0.0285723
-0.452062
0.322477
-1.35943
1.78117
0.696775
-0.143154
-0.510874
-0.538308
0.217841
1.56135
1.18257
0.30655
0.737978
-0.854609
-0.415616
0.447664
0.0642486
0.105594
-0.425481
-1.74081
-1.64129
-0.42
-0.0923385
-0.219509
0.192347
0.238737
-0.330043
1.10523
-0.315348
-0.0276183
-1.12399
-0.118179
0.376177
0.804957
0.967584
1.43249
-2.38355
0.954748
-0.393983
-0.536594
0.0754061
0.393692
0.607249
-0.0191285
-2.37662
-0.177825
-1.48926
1.90896
0.641562
0.952684
1.41115
1.53867
0.128952
0.933782
0.523086
0.493062
-0.793287
0.201401
-0.136805
0.899403
-1.66483
-1.25209
0.950953
0.812076
0.929722
-0.106061
-0.129245
-0.753569
-0.679709
-0.965132
0.698488
0.560656
1.46254
-0.479201
-0.622834
-0.111007
-1.58255
-1.51751
0.959285
-0.240195
1.008
0.750638
0.258492
0.0279488
-0.143975
-0.293191
1.47585
0.842182
0.48918
0.422552
-1.09381
0.498806
1.6548
0.121822
0.970455
-0.753538
-0.858571
-1.00997
-1.74942
-0.428216
1.5954
-0.126536
-0.662444
-0.848885
-0.504401
-0.397119
-0.141371
0.489349
-0.27083
-0.812283
0.402722
0.327849
1.49212
-2.36587
-0.777132
-0.547892
-2.04562
1.32105
1.97699
0.340856
-0.687567
-2.23165
-1.53404
-1.61487
-0.426841
-0.0760266
2.09168
0.0784352
-0.0572274
0.11504
-0.3534
0.982463
1.74508
-0.462392
1.10108
-0.642777
0.275304
0.287963
0.172531
-0.0420345
0.653042
0.327616
0.0939993
-1.64793
-0.90027
-0.211266
-0.138792
-0.995556
1.0135
-1.97186
1.05405
0.39459
-0.734656
-1.21757
-0.770941
-1.19092
1.32285
1.43001
-0.51107
-1.16473
0.995702
-0.0733273
1.24094
1.58478
0.38318
-0.634648
0.0246732
-1.45342
0.568612
-0.521779
-1.60468
-1.23444
0.674724
1.4674
-0.838358
0.299619
-2.28662
-1.3498
0.569206
1.11642
-2.40212
-1.16656
-0.299655
-0.713115
-0.887219
-0.103919
0.210224
-0.164344
1.13545
0.862925
-1.9755
1.24316
0.600047
1.94038
0.888386
1.58312
-0.914419
0.659144
-0.0169936
0.333161
-0.835903
-1.61525
0.090571
-0.546073
-0.0156614
-0.505703
-1.36929
0.140387
2.29063
1.30577
2.48673
-0.01358
-0.212189
-0.296008
-1.50738
-0.26793
0.523888
0.815336
-1.63831
-0.339875
-0.153834
0.127175
0.491886
0.122974
0.431053
0.319632
0.654438
0.810458
-0.86743
-0.486633
1.39319
1.85853
-1.39157
-0.556617
1.09818
-0.958716
-1.84661
0.819511
0.783866
-0.664521
0.152723
1.31826
0.576623
-0.39105
0.539353
0.345028
-0.416478
-0.230022
-0.580164
-0.72296
-1.05061
-1.54744
0.590083
-0.973638
-0.140525
-0.692503
0.642867
-0.342463
-0.502287
0.935309
-0.906071
-0.728406
0.27617
0.591027
1.06013
-0.797111
-0.815079
0.413417
-0.545987
-0.527928
-0.124695
-0.393482
-0.156603
1.16382
1.68918
-1.14234
1.90901
-2.32639
0.039694
0.300068
-0.610917
-0.945726
0.459907
0.0109273
-1.48124
-0.318507
-0.544382
-0.741521
-0.0732195
-0.691479
-0.809505
0.547572
-0.811659
-0.809313
-0.816938
0.557791
-1.45792
0.108337
-1.15937
0.399323
0.712413
-0.700004
1.6927
-0.565821
1.17749
-0.566693
0.271036
0.631953
-0.510998
-1.86715
-0.811745
0.278551
0.83315
0.149949
-0.621783
-1.18761
-0.537485
-0.385193
-0.32195
-0.445972
-0.252335
-0.0354474
-0.464069
0.440813
-0.642443
0.103475
1.07416
-1.37807
-0.227054
0.197274
-0.527096
-0.927066
-0.178389
0.195194
0.0184805
0.54307
-0.160974
-1.4908
-0.140667
-1.70689
-1.41986
-1.35629
-1.11673
0.786396
-0.821721
-1.92413
1.26311
-1.36368
-0.800893
-0.141879
0.715155
2.10064
-1.44869
0.151642
1.1793
-1.87709
0.925761
-0.31577
-2.40834
0.523947
1.61266
-0.205254
-0.11876
-1.5245
-1.2353
-1.55012
1.19714
1.43572
0.270411
-1.86171
0.454991
0.121846
-0.415383
-1.88328
0.335479
-0.790099
-1.08049
-1.15148
0.903092
-0.0598498
-0.655387
0.0743075
2.56478
-1.56722
0.329557
-0.426066
0.867289
0.216071
1.12961
-0.454154
-0.482976
-2.4209
0.0181947
-1.51804
1.04232
-1.10514
0.828805
-1.25308
0.177794
1.03439
-1.03197
-0.58458
0.249362
-1.04274
0.581444
-1.44516
-0.288647
1.5479
-1.44291
0.698831
-1.11618
0.687495
-0.595657
0.979682
-1.02178
1.70364
1.0146
-0.551011
-1.56176
-0.665478
0.879524
-0.18958
-0.368228
1.56295
-1.06805
-1.21046
-0.290513
-0.441648
-0.707018
-0.74005
0.501772
0.00176308
0.57933
1.12187
0.149313
1.57065
1.90495
0.218423
1.10957
0.600388
0.267266
1.85229
-1.39639
0.239185
0.133815
0.00584601
1.36723
1.26636
1.30775
0.709853
-0.388124
-2.03494
1.50618
-2.40303
1.1035
-2.64659
-0.150543
-0.629604
-1.98592
0.734837
-0.676241
0.853365
1.00329
0.843382
-1.45472
-1.39463
0.295593
-0.782832
1.97299
2.1399
0.552832
-2.39577
0.0652512
-0.541993
-0.441359
-0.600616
1.01642
0.995132
-1.59894
-0.592112
1.08246
0.645939
0.00364951
-0.499875
0.0983232
0.809346
0.497337
0.263039
-0.373336
-0.492055
0.713961
1.34073
0.751837
0.134678
-0.0562317
-0.602987
-1.92426
-0.165503
-0.601121
-0.681082
0.34919
-0.829789
1.10399
0.585899
-0.183964
1.21374
-2.06368
1.16879
-0.232731
1.22236
2.35593
-1.25171
0.239506
0.429261
-1.21755
-0.789894
0.983765
-0.282708
2.4092
-0.646449
-0.0314157
-1.46474
0.0428847
-0.774016
0.487449
1.15578
-0.0111813
-0.551021
-1.25494
-1.59172
-0.286176
-1.01821
0.856862
0.371955
-0.277135
-0.33767
-0.00883124
0.557331
0.220187
-0.25506
-0.82073
-0.112791
0.164505
-0.109594
1.35148
0.741526
1.90922
1.02261
0.32574
0.661066
-0.682227
0.312279
2.45395
0.762438
0.634955
0.949292
-0.84741
-0.363466
0.494013
0.00871399
0.198178
-0.195256
-0.332097
1.02679
-0.142732
0.208728
-1.06732
1.23775
-0.161655
-0.391209
0.569582
1.10843
0.421243
2.07657
-0.108933
0.578605
0.492596
-1.77261
-0.957733
-0.185205
1.04361
-0.253129
0.557692
1.34419
-0.567108
0.429446
0.913736
-1.45185
0.469102
1.32576
0.22384
0.801333
1.52049
-1.33072
-0.637949
1.31919
1.50866
1.25665
0.131322
-0.0268842
0.534223
0.466065
-1.45466
-1.01776
-0.832353
0.229486
0.70422
-1.88904
0.294324
-0.673489
-1.76243
0.916784
-0.105426
0.242997
-0.645305
0.251592
-1.16194
-0.358919
0.385731
-0.849605
-0.486701
1.67278
-0.328776
1.54848
-0.444048
-0.421849
-0.546749
0.732276
-1.02986
2.12812
2.28185
0.755873
-0.35256
0.986813
-0.750363
-0.144645
0.948305
-0.196466
-0.00814728
0.907471
-0.756553
0.236966
-0.265403
0.144053
0.841963
0.590854
-1.87889
-0.730923
-0.125661
-1.02995
1.37334
0.629639
-0.386052
-0.531051
1.70867
-1.14678
-0.407595
-2.15535
2.30139
0.269191
0.150553
-0.362178
-0.145949
0.901898
-1.39533
0.100595
-0.970522
1.54676
0.772513
0.98955
-1.09989
0.36618
-1.43746
0.0196567
0.507053
0.644556
-0.714602
-0.335923
0.484959
-0.673563
0.334889
0.575699
0.280682
-0.183691
-1.60483
1.20538
1.00088
0.40966
0.371393
-0.0914493
-0.866822
-0.267881
-1.08555
1.27564
-1.30468
0.956261
-0.873307
0.954293
-0.254732
-1.05493
0.998973
-1.03005
0.0482209
-0.389405
-0.255554
2.72186
-0.142758
-0.879744
0.832616
0.833323
-0.0665782
-0.445775
1.7528
2.02459
-1.01849
0.343533
0.171574
-0.371739
0.144591
-1.70857
0.280219
-1.42847
1.00693
-0.0889836
0.427365
0.0865039
0.792324
1.20831
0.378479
0.175481
-1.43949
0.73825
0.336776
0.0219787
0.307387
-0.813277
2.83687
-0.159136
-0.278552
-0.121474
0.388073
1.59469
1.9128
0.885711
2.04285
0.412964
0.472215
-0.255558
0.0224309
-1.73829
0.419109
1.04403
-1.44174
0.259185
0.603634
-1.23942
-0.259623
-0.978941
1.86194
0.531899
-0.464039
0.286488
0.438978
-0.191397
0.46456
0.0665129
0.645272
1.53951
1.08205
1.3806
0.408767
1.69437
-0.835381
-1.63361
-0.93825
-1.00906
1.20895
1.99858
1.03646
0.677432
0.867761
-0.934141
-1.8819
0.968665
-2.01604
0.00686964
-0.814999
-0.753271
-1.31711
-0.191296
1.23456
1.31333
1.11998
2.35805
-0.243126
-1.46867
-1.1144
-0.687013
-1.52127
-1.03666
1.431
1.52364
1.31026
-0.861089
-0.569185
1.73121
-0.946277
0.465738
0.152846
1.36418
-0.18627
-0.84437
1.04889
-0.168347
0.207423
-1.04316
0.891475
-0.638037
-1.15411
1.49387
0.786835
1.63739
-2.04467
0.476795
-1.05253
-0.366915
-0.145245
0.772395
0.164872
0.535764
-1.89339
-0.291464
-0.695671
0.71927
-1.41655
-0.671514
0.322911
-0.613286
0.365153
0.985549
0.684897
0.60255
-1.4859
-1.10815
0.726305
-1.43714
1.25466
0.778806
-0.595311
-0.696883
0.00415454
0.163987
-0.516037
-1.09931
-0.856208
0.983877
-0.736158
-0.896095
-0.626671
1.04968
-0.572861
-1.14081
0.175252
0.71796
0.216706
0.190335
0.564246
1.10645
1.15515
-0.426377
1.50078
0.34017
-2.2449
0.743068
0.178355
0.0316278
0.67574
0.874496
1.26254
0.512637
1.18256
-0.196114
-0.425246
-0.171864
-1.68593
-1.50115
-0.464252
-0.736755
-0.313378
-0.202672
0.301017
1.36932
-0.986163
0.608357
-0.310236
0.530916
0.0207338
-1.8485
1.0252
-0.74311
0.749849
1.05436
-2.11389
-0.693106
-1.32516
-0.582004
1.35082
-0.385092
0.055736
-0.281667
-0.369313
1.0654
0.752433
-0.690437
-2.35552
2.10964
-0.0844459
-0.00213091
-0.620884
0.159721
-0.0986662
-0.364435
-0.824698
-1.61526
1.16382
-0.303601
1.65997
-0.597725
2.96869
-1.5437
-0.130848
1.51937
0.150148
-0.00807871
-1.40079
-0.136483
-1.07572
1.08608
0.940507
1.00616
-0.726527
0.980728
0.718433
0.938649
-0.740202
-0.0879561
-1.70624
1.08523
0.566002
-1.12821
-2.67386
0.278336
-0.234303
-0.332389
1.88291
-0.636519
-0.841728
0.251312
-0.903152
0.151385
-0.617699
-1.09777
-0.38765
-0.230205
-0.484101
-0.145158
1.16354
-0.384515
0.515662
-0.836705
1.02349
1.47437
-1.4676
0.677439
-1.38722
-0.797195
0.794369
1.00965
0.0600851
2.18073
2.14449
1.69654
-0.190265
0.895966
-0.0724025
-0.167589
0.359803
0.742928
-1.51136
-0.980271
0.0253104
1.57262
1.97484
0.845125
1.30789
-0.918179
0.0580922
-0.190848
-0.192226
-0.774958
0.0630712
0.884902
-0.537603
-1.46495
0.987474
1.03722
0.683955
-1.75732
0.496672
0.670306
-0.100424
0.33667
0.163906
1.26876
1.22502
0.869806
1.72065
-0.0461314
-0.262238
-0.705927
1.57031
1.22461
0.355541
-2.75221
-0.778191
0.692643
-0.435021
-2.64565
-0.436389
-0.303996
1.04837
0.535111
0.548702
-0.945232
-1.17077
-0.0674233
-0.161614
0.673764
-0.909516
-2.27742
0.701538
0.114253
0.220672
-2.55775
1.57467
0.639532
-0.0329549
-0.213918
1.59548
-0.152646
-0.944771
0.0684689
-0.494931
0.245573
0.165292
1.38239
0.425702
-0.976609
0.197248
-0.0865139
-1.01313
-1.85816
-1.17789
0.851511
-0.666385
0.791381
0.439009
0.362069
-1.49591
0.692446
0.67486
-1.41677
-0.471824
-0.550892
0.943128
0.426321
2.59255
-1.27099
0.00392371
-0.523489
2.36528
0.139975
1.05907
-0.278267
1.72497
-2.00609
-0.242765
-1.39262
1.52249
0.369096
-0.126747
-0.107919
-1.05786
-0.762224
-0.0545735
-1.25913
-0.544351
-0.379443
1.63695
-0.69661
1.66807
2.06992
1.45607
-0.0204594
1.31637
0.112742
-2.15479
1.66854
0.735516
1.25864
0.438282
-1.2596
-0.283922
0.0951813
-1.18703
-0.590149
0.14173
-1.08076
0.154854
0.674073
0.553158
-0.18468
-0.528412
1.07166
-0.342424
-0.118005
1.17823
-0.353474
-0.323384
1.30238
-0.0988013
-0.756101
0.493424
-0.303728
1.72731
-1.50807
-0.594929
0.576425
0.484477
-2.09572
0.255841
-0.252222
0.122742
0.422252
0.805903
-1.07257
0.894106
-0.144233
0.388118
0.681236
2.29363
-0.697813
0.765345
0.268549
0.38086
-0.983491
-0.257202
-1.92323
0.891673
-0.813414
-1.39323
-0.650556
-1.21317
0.512353
0.43249
-2.19437
-0.437794
0.404887
0.784852
0.772482
0.207843
-1.40881
-0.00807823
0.0288353
-1.09931
-0.0446233
-0.382311
0.735409
-0.102985
0.892408
0.709434
1.79632
1.80084
0.263671
1.07788
-0.378846
1.05791
-0.0372609
2.71947
-0.245689
1.65322
-1.0285
-2.07536
2.19792
-0.245269
-0.511405
-1.54191
0.25263
-1.17321
0.456351
0.251318
0.36317
0.603063
-1.57846
1.34425
-0.322133
-0.210205
-0.454747
-0.0404458
0.506354
1.31593
0.671805
0.951813
-0.590822
0.251101
-0.344957
-0.860821
-0.534398
-0.791626
0.0252844
-1.23098
0.627774
0.745882
0.345699
0.357184
0.493867
0.226112
0.288002
0.737428
-1.2954
-0.0286219
-1.21496
0.780117
-0.0229993
-0.565051
-0.857066
1.21403
-0.162153
0.0615548
0.919472
-0.454455
-1.49663
-1.62197
-0.47143
0.551825
0.991605
-0.729319
0.0186759
0.320475
1.72519
0.220205
-0.513124
-0.678637
1.52545
-0.287344
-0.469913
-1.54299
-0.547816
1.81821
0.367727
0.740088
0.916137
-0.59026
-0.213514
-0.255659
0.102765
0.246473
1.58449
-0.887041
0.818707
0.849823
-1.13733
-0.746524
-2.11429
-0.667175
-0.902821
0.160616
1.83278
0.482155
0.800304
-0.927603
-0.136552
0.822176
1.65955
1.07477
1.10578
-0.604721
2.43162
0.77614
-0.0393767
1.6147
0.46241
1.22306
-2.14427
-0.518009
0.719778
-0.906753
-0.852459
-1.23608
2.61745
0.213322
-1.08136
-1.02775
0.971452
1.79612
-1.03424
1.02079
0.846108
-1.54007
-1.02606
1.50363
1.48268
-1.75107
1.1226
-0.623735
-2.01597
1.57086
0.357612
-0.831684
-1.43351
-1.0822
0.457624
0.405298
1.42011
-0.85516
-1.34701
1.07798
-0.54771
-0.0371633
0.313092
0.983543
0.457122
0.0408207
0.0766472
0.071008
0.861574
0.853824
-0.0443465
-2.30735
-1.06502
0.482209
0.0219474
-0.0578596
-0.127802
0.452655
-0.473745
0.04637
-0.695744
-1.44006
0.322403
-0.277837
1.08521
0.694923
-1.53417
-0.651164
-0.610417
-1.40711
-0.0473263
-0.0440589
0.828339
0.80672
2.11861
1.2742
0.498978
-1.22637
-0.591713
-1.11422
0.678266
0.460156
0.657261
1.56799
2.37268
0.169862
0.467368
1.66646
-0.188237
0.890612
-1.38612
0.0750359
0.2597
-0.346492
-0.211355
-1.68524
-0.531272
-1.50614
0.219951
0.397387
1.65946
-1.67401
1.02563
-0.747378
0.297463
0.187134
-0.637171
1.6744
-1.69032
-1.38763
-1.43353
-0.135848
-1.36943
-0.03975
1.33473
0.419831
0.468492
-0.351644
2.18528
-0.223384
0.79875
0.267584
-1.03511
-1.68429
-0.298241
0.926582
1.24203
0.422333
1.47866
-0.753249
-0.110535
1.46577
0.517574
-0.409716
-0.760344
-1.28327
-0.309449
-1.0516
2.08301
0.404436
0.553762
-0.180186
0.0781325
0.0295299
0.212418
-0.000125506
0.75486
-0.207377
-0.135646
0.0832299
0.305944
-0.442104
0.379921
2.62925
-0.00972495
1.63194
-0.085288
0.958502
0.883835
0.410431
-1.36852
-1.30992
0.276875
2.17393
-0.17209
0.14909
-2.73682
0.752123
1.69482
-0.658623
1.50704
0.708132
-1.04424
1.00048
0.545048
-0.609563
1.90231
0.137949
-0.196128
0.432816
0.638363
-0.19928
-0.994246
-0.597005
-0.213777
0.873213
-0.114773
-0.192006
1.40901
0.0159096
0.885607
1.15589
2.16441
0.377514
2.16205
0.392793
-0.191574
-1.42503
-1.44304
-0.95542
-0.855881
0.471616
-0.381542
-0.580084
-0.801641
-0.00900132
-0.960063
-1.01332
1.47591
1.70775
0.56393
0.287158
-2.39719
-0.984265
0.59964
0.0716752
0.430643
-0.365285
0.753303
1.19941
2.6472
-1.12133
-0.885445
0.668177
-1.72111
-1.49718
0.941343
0.88288
-0.931652
-0.545837
0.0692254
0.817638
0.924531
0.18334
0.394025
-0.715176
1.26604
-0.719264
-1.02161
0.422806
-0.386331
0.671125
-1.7609
0.00516471
1.54828
1.41251
-0.745456
0.189632
-0.390523
0.364349
0.582769
-0.428136
0.984831
-0.982011
1.8284
-0.915714
-0.215804
2.23308
-0.0254086
-1.70257
-0.811516
1.65318
-1.2733
2.02147
0.609785
1.81552
1.02275
-2.82299
-0.693551
1.09137
-1.31339
0.338848
0.694567
-0.223028
1.40312
0.592909
0.177372
-1.76279
0.58364
-0.65327
-0.241589
0.299091
-0.658936
0.788957
0.436608
-0.765773
-1.44263
0.617253
0.282113
0.740908
-0.861191
-0.205326
0.609242
0.823018
0.766244
1.40412
-1.57751
-1.69933
0.966039
-0.363484
-0.130398
0.130239
1.83657
-0.00528879
1.26561
-0.815519
0.344796
-1.287
0.845269
-1.66019
-0.220206
0.984629
0.669521
3.12982
-0.691734
2.8031
2.05407
0.244403
1.0239
-1.60526
1.3827
0.37055
0.517757
-1.63531
1.58577
-0.0837096
1.49341
0.0480822
0.0389868
0.799073
-0.312712
0.688668
-0.473891
-1.63745
-1.87034
-0.0195157
0.711081
0.980263
2.04857
0.0879061
-0.869379
-0.670818
-1.25807
1.00319
1.36524
1.02347
-0.0721485
0.469336
-0.621583
0.702628
-0.162871
0.937544
-0.408263
-0.108447
-1.03919
-1.23137
-1.99444
-0.28194
-0.686814
1.29155
-1.85711
0.252408
0.57416
-0.212501
0.0962748
-0.841021
0.395599
-0.641947
0.371419
-1.18323
0.111751
1.93827
1.79498
-0.901036
0.973634
-0.381454
0.877419
0.672561
-2.57084
0.633607
1.73514
0.223667
-0.320037
0.23196
-1.88149
-0.0615013
0.6036
-0.564206
1.53543
-0.361639
0.00910659
0.0954127
-1.04757
-0.214633
-0.674519
-0.731418
0.539442
-0.86541
0.989262
-1.25246
-0.807371
-0.282739
1.61566
0.905982
0.688241
0.0464523
-1.0696
-1.52079
0.572908
0.671489
-0.254715
-0.387878
-0.829413
0.834586
-1.77144
0.134692
-0.146308
-0.357988
0.413556
0.693568
-0.0210553
0.991063
-0.329212
0.724263
0.0682743
-0.15931
-0.263632
-0.121255
0.33312
-0.0480176
1.67984
-1.02577
0.93574
-0.166353
1.09618
-0.247753
-1.16791
0.539521
-0.455901
-1.53647
-1.39267
0.115692
0.705429
-1.34004
1.81461
0.121927
-1.22916
0.133726
-2.42734
-0.262195
1.34013
-0.79649
0.662652
0.376099
-0.667292
0.764495
1.3213
-1.59687
-0.408341
-0.0812854
-0.407204
0.410976
-0.731878
0.0535942
-0.844989
1.93736
-0.767781
0.92309
-0.492491
-1.71067
-0.900412
0.283137
1.1383
0.225317
0.403734
-0.330102
0.388637
0.319845
-1.60913
0.996937
0.676808
1.47527
0.117654
-0.136985
-0.0951581
0.0699297
-0.464564
-0.910616
-1.72371
-0.58719
-0.420164
1.08805
-1.32363
0.822433
1.26172
0.617467
-1.05067
-1.45692
-0.00343823
0.80117
-1.63681
-0.376333
0.248679
-0.178958
-0.832753
-0.0328034
0.054128
1.39926
-1.69052
0.390875
-0.178234
0.292549
0.00304574
-2.01068
0.664727
-0.833164
0.897892
1.11592
-1.45885
-1.34476
0.453267
-0.0720674
0.984314
1.26057
0.600887
-0.933371
0.855552
-0.274097
0.0616586
-0.220788
0.0544256
-0.681731
0.783136
1.57391
-0.839008
-1.19121
-0.807344
0.331787
0.646019
-1.40746
-2.16858
1.0147
-1.048
0.0649667
-0.752727
0.886216
-2.45738
0.666366
-1.05098
0.605869
-0.860655
0.733685
0.269315
-0.77437
-1.65541
0.265874
0.538177
1.09525
-1.55179
0.162488
-0.0957212
0.114095
-1.30314
0.607995
1.95714
-1.77736
1.35236
0.201439
0.291541
-0.817133
-0.512178
-0.333553
1.74103
2.22129
-0.0836827
0.976782
-0.118157
0.598015
1.18642
1.48922
-2.08803
-1.12226
-1.45204
0.280176
0.260897
0.0405096
1.10328
1.68192
-1.00019
1.12374
-0.182792
-0.064444
1.13379
-1.53505
-0.580659
0.130475
-0.723934
0.520081
-0.290114
0.0809639
-1.46631
0.530133
0.517276
1.737
-2.13686
-0.494936
0.273182
1.92429
-0.131492
0.501894
-0.029214
1.28645
1.26926
-1.12083
2.39867
0.306954
-0.211479
-1.02379
0.950893
0.73848
0.754283
-0.398035
-1.90697
0.347985
1.5996
-1.70844
-0.453052
-0.687445
-0.687049
-1.42302
-0.169354
0.944117
-0.672403
-0.881945
-0.910611
0.262395
1.26033
-1.73602
-1.14808
1.34495
1.30935
-0.52214
0.504468
-0.0597699
-0.393586
0.358738
-0.432213
-1.03258
-0.111824
-0.115906
-0.609884
-1.25993
-1.51461
0.164214
0.275213
-0.44998
0.382912
0.995451
-0.526375
-0.171667
0.343971
-0.467105
-1.31486
-1.85881
0.0810626
0.327936
0.0528926
-0.0791657
-1.7631
-1.78398
1.23975
1.50052
-0.860211
0.412151
-0.576043
-0.7736
-0.0664601
0.145193
-1.42625
0.68904
-0.169817
0.397302
0.721254
0.380144
-0.878278
-0.938871
-0.259149
-0.063753
0.0453478
0.166722
-1.06708
0.331084
-2.19568
-0.88866
0.0145592
-0.855433
0.147355
1.21174
0.663981
-1.48219
0.427358
-2.08513
-0.73467
-1.47121
-0.157775
-0.720125
-2.49886
-0.368692
0.345246
0.847658
-0.0465255
1.34086
-0.0915804
-1.0743
0.48018
0.403428
-0.254861
0.206106
-0.721814
1.75072
-1.24648
0.459757
1.02063
2.2058
-1.80338
-0.810154
-1.26027
1.45575
2.65266
0.717534
-0.978379
2.36505
1.17896
-0.227438
0.320515
-0.377204
1.02988
0.535287
-0.899932
0.85518
-0.627703
0.34351
1.145
-1.06282
0.195599
0.105868
-0.416916
-1.33376
1.97015
-0.290199
0.187266
-0.208214
1.59299
-0.589871
-0.1113
-1.42729
0.468658
0.434208
0.199727
-0.107476
-0.911496
-1.40364
-0.734577
0.598065
0.490885
0.131538
0.0300051
0.413407
0.152496
-0.47199
1.14118
-0.904125
0.307501
-0.949751
-0.279819
0.810913
0.0494564
-0.809901
-0.218025
0.559383
0.0390864
0.531189
-0.754327
-1.16784
-0.385832
-1.2285
-0.282017
0.382081
0.493077
-0.19779
1.20137
1.3003
-2.03238
0.573353
0.358938
0.267541
0.696324
-0.53619
-0.251864
0.609075
0.505373
-1.3385
0.131238
-1.02005
-1.01014
-0.377416
0.213614
-0.379995
1.41585
0.4346
0.855836
-1.68996
0.317676
-0.0546769
-1.19351
-0.971182
0.446803
-0.655765
1.83952
0.270734
0.299449
1.35192
-0.861179
0.728097
0.640656
0.959681
-0.754702
-0.254557
1.0727
1.08252
-0.547247
0.554317
0.0974504
-1.36001
-1.17407
-0.30746
0.0283447
-0.0442231
-0.927536
0.622483
1.19322
-0.0959312
2.13275
0.609359
-0.451405
1.05431
-0.492273
-1.17111
0.596356
0.220536
0.386175
-0.98725
-0.925568
-0.423517
-0.951186
1.02382
-0.109165
-0.141182
-1.06886
-1.50961
-1.2548
0.00626728
-0.319067
0.479614
-0.229398
1.80991
-0.963656
-0.531595
-0.318749
-0.0184575
-0.722019
0.187012
-0.64692
-0.698086
-1.07934
1.6708
0.390992
-0.163725
0.263537
-0.456878
0.67394
-0.144766
1.40323
-1.50494
-1.79023
-0.372707
-0.696335
-1.63148
0.4202
-1.41532
-0.491664
0.608095
0.190628
0.0953157
-1.0874
1.10024
0.276872
-0.614879
-0.312438
-0.698919
-1.28159
-0.830185
0.802946
-1.04677
-0.72348
-0.724026
1.50655
1.2716
0.61708
1.01402
-0.012971
0.458414
1.75154
0.183899
0.460015
-1.38967
-0.378885
0.862342
-0.0993908
-1.41013
0.270984
0.342898
-1.3972
-1.15748
-0.533139
1.94416
-1.22872
0.970128
2.54439
0.875188
-1.41173
1.11629
1.35244
1.76042
-0.717303
-0.530859
0.951799
0.906113
-1.15616
0.839968
-0.0123214
0.755892
0.239231
-0.855166
0.727512
0.637641
-1.64106
0.230479
1.72251
-1.18504
-0.0344301
-0.342648
0.445096
1.60297
-0.985779
0.500801
-0.482332
-0.494856
0.934659
0.695273
-1.45348
-0.529119
0.248716
-0.490517
0.899445
-1.42837
-0.422902
-0.247755
-0.281742
-1.03357
0.112488
-0.174684
1.50797
1.30217
-0.874806
2.54943
-0.157199
-0.142313
1.31447
-1.69237
-0.656356
-0.102496
-0.903643
0.788219
0.513906
1.37925
1.3642
-0.575604
-1.24285
1.24036
0.261382
0.322168
0.882713
-1.04127
0.744227
0.614868
-0.87576
0.838366
-0.371667
0.14184
1.46227
-0.951424
-0.145587
0.409727
0.457904
-1.72576
-0.183305
-0.978773
-0.565209
1.98461
0.970694
0.73414
-0.010138
-1.12688
-0.737773
1.01473
-0.0780135
0.638164
-1.20175
1.00662
-0.451745
0.0224696
-1.09025
-1.11292
-0.358734
1.72903
-1.41021
-1.73328
-0.655401
1.36126
0.310272
0.479235
0.773388
-1.16939
1.91131
1.55138
0.518686
0.129961
-0.00844073
-1.96236
0.331244
0.456138
-0.0240314
-1.29035
0.103732
0.414907
0.83082
-0.73418
1.53698
-0.352504
0.353084
-2.86035
2.21286
-0.566267
-0.452283
0.397414
0.528926
0.629519
0.31089
-1.03719
0.206604
0.212025
-0.122126
-0.970728
-2.54493
-1.48265
-1.00345
0.6364
1.57961
-0.617771
-1.01837
-0.260227
-0.870588
-0.912118
0.0713607
-1.86703
0.318218
1.09321
-1.3733
2.17059
-1.2452
0.390589
1.404
-0.0599994
-0.25764
0.64776
-0.751766
-0.116325
0.00244423
0.329734
1.10713
0.581023
0.828954
0.443114
-0.059107
0.702567
-0.438329
0.151081
-1.21689
0.83891
0.325369
-0.858171
0.584882
-1.00125
-1.11312
0.867868
-1.6559
2.02478
-0.684836
1.15807
-0.0816554
-2.56296
0.572612
2.20366
0.71231
-2.17593
-1.19294
-0.447311
-0.269899
-0.839502
-1.30493
1.46458
0.655203
0.773953
-0.905555
1.42003
1.47681
0.59497
0.790889
0.358363
0.986197
0.610872
0.0226425
-0.751408
-0.752707
1.84551
-0.390322
1.45117
0.731782
-1.04887
-0.835882
1.25057
-0.772593
2.05201
-2.37896
-1.84053
-0.0863182
0.0844514
0.343794
0.914097
-0.0525283
1.43577
0.674213
-1.30695
0.382489
0.0526428
-0.397306
-0.876933
0.0308724
-0.114634
-0.334533
0.386829
1.64505
0.354646
-1.80984
-0.768451
0.214581
0.901287
-1.02766
-1.70333
0.426857
1.16903
1.13447
0.49362
0.785992
0.801204
0.712414
0.433118
0.314212
1.24953
0.615554
-1.05674
0.87414
-0.210069
-1.81068
0.081596
1.10771
0.992465
0.912318
0.444655
1.84647
-0.261178
0.959458
-0.195258
-0.0592568
-0.322888
1.11493
-0.990168
1.70973
-0.439092
-1.71411
0.538578
-1.8775
-0.493806
0.18778
-0.145931
0.541808
0.804944
1.70574
0.507161
1.70659
0.789869
-1.42705
0.335813
0.241424
0.433708
2.59355
0.322661
-0.415703
0.0032016
-1.32474
0.20902
0.292023
-0.00466971
0.211005
-0.691321
-1.01053
0.337518
0.722617
-0.162169
-0.194389
-0.0431383
1.3932
-1.95691
1.05617
-0.338948
0.493349
-1.04644
-1.54319
-0.155828
-0.823252
0.0495505
-0.156124
-0.960145
0.181401
-1.24169
-0.490707
0.239431
-0.150864
1.09564
1.04509
0.322902
1.77273
0.531983
-0.993186
-0.0262621
-0.686455
0.773886
-0.20043
0.62461
-0.137595
-0.561455
0.381515
-0.113829
-0.791913
-0.613734
-0.218293
0.478577
-1.25973
-1.30216
0.197206
-1.07923
0.486874
0.713218
-0.521279
0.652351
2.38518
1.4539
0.124934
0.181739
-0.624065
0.235854
0.264079
0.443235
0.344288
-0.707971
0.592283
-0.748226
-0.521167
-1.18545
1.34313
-0.140591
0.524136
-1.11765
-1.74804
0.98357
3.1364
-0.645793
1.69706
-0.567008
-0.40604
0.400221
-0.0312756
1.04381
2.19587
-2.73884
-0.78792
1.05055
0.210938
1.25561
1.33982
-2.07458
0.222895
0.659224
-0.632171
0.328228
1.18627
-1.20016
1.51141
2.37197
-0.598673
1.7958
-0.0725166
1.617
0.627921
-0.42528
-2.61106
-1.85596
-1.98455
0.561138
-0.567224
-0.430691
0.0200792
0.223706
-0.709083
-0.013217
0.617193
-0.305472
0.457634
0.233727
1.01917
0.628083
-2.07937
-1.85111
1.21817
-0.567711
2.07789
-1.07537
-1.33587
-0.402004
1.42255
-0.197867
-0.737393
1.21742
-0.368825
0.261313
1.05749
0.737232
-0.545893
2.14133
-0.581217
1.20176
-1.57773
-0.490681
0.293606
1.60112
0.126332
-0.220029
2.02782
0.968652
0.920469
-0.76055
-0.915684
-1.46694
0.802648
0.0378259
1.20628
0.785531
0.131347
-0.126938
0.953359
0.796499
-0.552229
0.253386
-1.42375
-0.442321
0.969075
-1.24746
-0.267417
0.0788702
-1.73673
0.796628
-0.137572
0.950846
0.125976
0.996221
0.204114
0.648403
-0.474809
-0.813814
-0.674364
0.252253
0.86586
-1.23426
-1.98545
0.81084
-1.30586
1.34503
1.30024
1.13792
-0.969391
-1.52951
-1.49944
0.358981
-1.70399
1.6171
-0.963183
0.496071
1.35017
-0.413023
0.364959
0.793015
1.25705
-1.9028
-0.0563636
0.824172
-0.922522
-1.44151
-0.515038
0.330302
0.501683
-0.13392
-2.0096
0.497458
-0.0994462
0.793267
0.86472
0.484671
1.72031
-0.596987
-0.124667
-0.407348
-0.587564
1.52948
0.775885
1.17677
-1.40449
-0.0708187
0.383683
-0.380206
1.04806
-0.390677
0.139138
-0.14474
0.217086
0.620759
-1.50269
-1.73498
0.23038
-1.26076
-1.10397
-0.213805
-1.15116
-1.39874
0.29338
-0.91827
-0.303493
-0.334554
-0.926164
2.02519
0.180994
-0.480138
0.32313
-0.27489
2.27199
-0.950007
-0.304135
-1.79357
-0.307362
-0.916126
0.262405
-0.710359
-0.0230496
0.773595
0.980743
0.379865
1.39951
-1.91067
0.886238
-0.537484
1.26166
-0.733368
-0.25953
1.01193
-0.376946
-1.47778
-0.145961
-1.21484
1.12027
-2.96664
-1.29577
-0.402428
2.4084
1.68504
0.321556
-0.807494
0.137202
0.0552264
-0.99683
-0.391962
-0.583809
-0.374072
-1.88107
-0.459856
-1.81377
-0.892338
-1.48319
0.637219
-0.65816
1.0968
-1.17424
2.38416
0.176248
-1.48809
-0.724247
-0.352333
-0.175799
-1.41621
-0.881663
1.501
1.78018
0.33631
-0.113094
0.569985
-1.24489
-0.0952516
0.70708
0.133114
-0.370254
-0.160041
0.56902
-0.294802
-0.303768
-0.279861
-0.815723
0.888411
-1.47056
0.712924
0.115888
-1.25511
-0.770814
-0.268209
-1.62757
0.185198
-2.0667
-1.07334
-1.21206
-0.0600974
-0.952025
-0.263171
0.442815
-0.483591
-0.797413
1.72773
-0.935714
0.996236
-0.76913
0.99519
-1.30335
1.71182
-0.72144
0.822267
-1.026
0.259803
-0.366941
-0.297057
0.18964
-1.12443
0.0812122
-1.27626
0.706494
1.78905
0.490006
-0.570826
-0.394173
-1.89591
0.167377
0.752671
-0.202799
-0.866481
-0.997334
-0.650425
0.201256
1.79813
-0.122161
-0.454459
1.36171
-1.48122
1.55844
0.636693
-0.611184
0.351001
-0.984244
2.39142
0.00267685
0.0242738
-1.02692
-0.966457
0.988623
0.949044
-0.576073
0.819569
-0.10339
-0.540025
-1.10143
-0.225813
0.680763
-0.285924
1.96154
0.623341
-1.85827
0.0502411
0.758894
0.72405
1.65038
-2.19904
0.244088
-0.369856
-1.49683
0.815026
-1.89445
0.264027
-0.847165
-1.09549
0.832879
0.588933
-0.473103
-0.071079
-2.32088
0.472841
1.79294
0.131135
-0.336915
-0.261461
-0.967724
-0.867133
1.14102
-0.921293
1.14888
1.95267
-0.133572
1.18695
1.48042
-1.22709
0.0611305
-0.584329
0.550484
-0.9812
0.415871
0.232729
-1.70332
-1.22401
-0.421916
-1.12745
-1.01544
-0.213083
-0.547155
-0.112713
-1.42065
-1.12099
1.29538
0.211157
0.590674
2.4212
0.285032
0.0664737
-0.0162802
-0.135604
0.886771
-1.45735
-1.19089
-0.463547
0.937496
-0.54106
-0.50298
0.361986
-1.78578
-1.45273
-0.027532
0.158964
-0.110228
0.43046
-0.461554
-0.33263
1.37012
-1.39718
0.834958
0.54605
0.692564
0.757121
0.736481
0.593365
1.25333
-0.914376
-0.729971
0.00905781
0.221085
0.765672
1.94201
-1.33246
-0.911498
-0.239416
-1.10894
0.329931
-0.420381
1.80239
0.103337
-0.127615
0.443349
1.79447
0.533284
0.561013
0.899911
0.033092
-0.229619
1.1476
0.422399
1.49615
0.621969
-0.933756
-0.18939
0.163249
1.59994
0.720006
-1.04416
0.779808
-1.49306
0.35514
-1.53827
-0.0371294
-0.657413
0.0816036
-0.446329
1.1794
0.175574
-0.171738
1.55686
-1.16371
-1.06209
-0.209163
0.166573
0.207014
0.670282
0.593449
1.39876
-0.992643
-0.189815
1.00956
1.42675
0.647563
-1.29857
-0.394336
-1.12941
-0.474807
-0.384925
1.14571
0.238689
-0.201407
0.849559
-0.807208
1.02839
0.369252
-0.297026
1.07429
0.272725
2.20351
0.527711
-1.25121
0.118822
1.16783
-1.34491
2.09397
0.852414
-0.207796
0.538531
-0.135974
-0.396381
0.291683
0.508284
-0.235264
-1.9949
-0.956257
-0.526981
-0.673244
1.57078
-1.44689
0.569782
-0.412611
0.754176
1.32021
-0.0840475
-1.18269
-1.54205
1.23016
1.07092
0.224218
-0.595438
-0.19978
-1.54481
1.32163
-1.7599
0.529706
-1.51551
1.47616
-0.289824
-0.366089
-0.998285
-0.864538
-0.316338
0.389173
-0.303009
0.662288
0.684693
0.952518
0.856381
0.304504
-1.20209
-0.104466
-1.08295
0.16188
-0.442391
0.762412
-1.09427
0.787328
1.7841
-0.11394
-0.653287
-0.139124
-0.588333
0.363879
-0.332845
0.441762
-0.11735
0.707002
0.778946
0.0159406
1.70026
-1.38603
-0.561228
-0.487608
0.35331
1.69618
-0.18822
-0.528819
-0.873458
0.168285
-0.264977
-0.529572
-1.27556
0.319921
-0.592565
0.685156
0.484045
0.250458
-0.398248
0.260363
-0.552625
2.35474
-0.184891
-0.00858858
1.04951
0.415002
0.348709
-0.687468
0.178489
0.234063
-0.804068
-0.913105
-1.22838
-1.90093
-0.2477
0.87702
0.776219
0.478254
-1.03489
-0.0349697
-1.78062
-0.430581
-1.74701
0.582019
-0.62358
-0.189818
-0.286336
0.703039
-0.0529181
-0.595866
0.816982
-0.895522
-1.64759
-0.745567
-2.23112
-0.372912
-0.278816
-0.44848
0.708904
-1.85726
0.350137
-0.352055
0.305718
0.568304
0.560494
-0.0713742
-0.0194948
-0.252612
0.939082
-0.0803138
-0.735863
-0.504256
-0.690238
-1.73391
-2.20038
-0.810255
-1.88751
1.52076
0.608578
1.18977
-1.8223
-0.132238
0.29337
1.97433
-1.87879
0.03165
0.308777
-0.000244019
-0.432725
0.750483
-0.983781
0.851123
-1.336
-0.0175213
0.471634
0.450674
-0.395313
0.341863
0.203078
-0.685509
1.97317
-1.14561
0.00930714
-1.17092
0.208868
-0.860862
0.88372
-1.05292
0.76611
0.356048
-0.594417
-0.0233775
1.03011
-0.456791
-0.091341
-0.0852602
0.0774844
0.0787495
-0.305928
-0.0709648
-1.81056
-0.58759
0.942403
-0.412817
-1.97582
-0.426604
-0.612428
1.01686
2.16703
-1.06244
2.12091
-0.897356
-0.00824604
0.168632
-0.519826
0.366183
0.400212
0.196061
-1.11168
-0.488252
0.0926227
0.264218
-0.76836
0.746181
-0.830419
0.492281
0.461446
0.359418
0.57612
0.471971
-1.28489
0.602071
1.21646
-0.00413797
-0.503921
0.174174
0.0829717
0.923354
0.145195
1.7762
0.48211
-0.203111
-1.10516
0.77735
0.336305
-0.00695032
0.000138943
1.46726
-0.124701
0.308368
-0.225304
-1.10671
-0.158931
-0.0786685
-1.71623
-0.576956
-0.664367
-0.808735
0.392448
0.300174
0.29696
0.291578
-1.43465
2.234
-0.00726284
-0.87748
-2.51208
1.31299
-0.407709
1.44648
0.281176
-1.32107
0.464514
-0.579473
1.12415
0.589748
-0.173891
-0.590295
2.53141
0.517984
0.127735
-0.308596
-1.19321
-0.10835
-1.58162
-0.966137
-0.943514
0.94608
-1.69602
-0.378741
-0.361937
0.104741
-1.73534
1.48604
-1.12206
1.7056
-0.68173
-0.0517482
0.281694
0.0982692
1.55689
0.0948952
-0.0958057
0.504757
0.31266
-0.22338
-0.834071
0.2618
-0.408894
1.5592
-0.176946
0.0897525
-0.698573
-0.745429
-0.67726
0.658244
1.49574
-0.165289
-0.71071
0.37386
-0.959987
-1.05128
0.637564
-1.28971
-1.00655
-1.29442
-1.60165
-0.438379
1.22487
-0.39295
-0.338576
-0.187142
1.3053
2.38157
-0.661993
-0.938233
-0.553094
1.25535
-0.612724
-1.03728
0.764519
1.11023
-0.455711
-0.377769
0.334665
1.26737
-0.671234
0.222083
0.558137
1.85978
-2.11787
-0.0364157
-1.29669
-1.34483
0.15021
-0.74351
1.5674
0.200863
0.832267
-0.943633
0.373575
1.06185
-0.380426
-0.675465
1.86104
-0.606243
0.691997
-1.11628
1.37427
-0.17025
1.09331
1.08553
-0.519939
-0.205137
-0.931449
-1.36359
0.53716
-0.274818
-0.108482
0.0269437
0.408747
-0.531882
0.925449
2.04133
-0.178506
0.25102
-0.141263
2.01453
0.528392
-1.57343
-0.514538
0.194066
0.210308
-0.43493
-0.175603
2.21223
0.206499
-0.985473
-1.58857
0.999505
1.0882
2.63988
0.117115
0.552617
1.66065
0.29242
0.365493
0.825061
-0.00609984
0.124952
0.963799
-1.52578
0.18283
1.5515
-0.388814
-0.758645
-1.44086
-0.560352
-0.284155
-1.0574
0.984609
1.38483
-0.431821
0.960355
-0.132137
1.02164
-0.0470122
-0.457847
-0.341955
-0.391146
-2.34601
1.83482
0.239428
1.59385
-1.11819
0.0853144
0.334394
1.48334
-1.04679
-0.615737
0.757956
-2.08529
-0.67121
-1.38023
-1.54645
-0.237305
0.0999078
0.346122
-1.36779
0.213671
-0.726664
1.07603
-0.109454
1.79315
0.670174
1.15937
-2.782
1.07124
0.0323992
0.0771685
-0.363454
0.597302
-0.88542
1.49419
-0.85443
0.484612
-0.540217
-0.426577
-0.292352
-0.0136143
-0.424283
-0.161129
1.32229
-0.477036
0.114729
-0.0165906
0.390585
-0.716693
1.12288
-0.0524441
-0.130215
-0.406881
-0.885661
-0.230695
1.19548
-0.173636
0.708806
0.13894
0.506698
-0.191801
0.862056
2.3723
-0.424841
-0.974376
0.054026
-0.727076
-0.988176
0.0295053
0.00299354
-0.20576
-0.889934
2.2395
-0.831483
-0.0127536
-0.530564
0.158425
0.897621
-2.37009
0.0922971
1.34625
1.58212
3.07443
1.35292
2.84692
-0.23558
-0.0184756
0.00859873
1.02562
-0.990148
-1.00455
-0.0715279
-0.622102
0.20129
-0.0602639
0.217078
-2.00672
0.0365783
-0.420837
0.0280439
-0.201119
-0.33143
-1.67373
2.07929
0.328619
1.14439
-0.215005
0.88455
0.293484
0.62307
1.76974
-0.212944
-0.322993
2.26813
0.314516
-0.654537
-1.27811
0.278917
0.0123935
-0.0385157
0.559294
-2.7848
0.440947
0.138503
2.24615
0.546605
-0.288404
-1.51791
0.159908
1.71697
0.537793
-0.746059
-0.448734
-0.31971
-1.00059
-0.326259
-0.356107
0.140988
-0.816068
-0.440239
0.446382
0.714604
0.939902
-0.317536
-0.160258
-0.351001
-0.435656
0.164656
-0.739014
0.0762846
0.652493
0.316268
1.47147
-0.724463
1.37941
-1.17603
1.11475
-0.596318
-0.645768
2.36992
-0.656164
-0.674873
0.315885
-0.211176
0.37115
1.25886
-1.06443
0.702208
1.17424
-0.312656
-2.18546
0.824489
-1.92787
0.433626
-1.04422
0.308789
-2.25457
1.43147
-1.06725
0.367241
0.374608
-1.22859
0.423048
0.892719
-0.245739
1.45924
-1.34114
-1.3383
-0.679205
-0.711351
0.567453
-0.164741
-0.213996
-1.56728
0.073703
-1.33333
0.833561
0.353284
-0.200277
0.403708
-1.50748
-0.491851
-0.821956
0.718734
-0.534174
-1.28744
-1.98742
0.256722
1.06551
1.65417
0.316597
-0.391765
-1.60878
0.0556186
-1.14414
-1.32431
-0.940351
-1.51023
-0.373634
0.94578
1.01345
0.876197
0.535493
-1.37185
-0.900864
-1.44916
0.429924
-0.81575
0.532562
0.305883
-0.393705
-0.946459
-0.732587
-0.268674
-0.0407124
-1.4639
1.43272
1.84723
-0.203295
-0.35402
1.29036
-0.550747
0.429451
-1.71822
-0.59337
0.779549
-1.25463
-0.977203
0.192128
-0.140006
0.0312873
0.173995
0.173186
-1.08207
1.2067
-1.40667
-0.605073
0.280152
-0.867641
1.36848
-1.78975
0.174601
-1.35561
-0.845505
-0.635356
0.752015
-0.191006
-0.525702
1.08161
-0.841137
0.21074
-0.286374
-0.650192
-1.28887
-0.158086
1.32008
1.74954
0.147583
-0.290821
0.762033
1.5393
-0.967735
0.339755
1.28175
-0.564395
0.967417
-0.251424
0.775206
-0.608699
-1.55556
1.16782
-0.675558
0.837302
2.7033
-0.633995
0.728265
-0.688397
0.17394
1.21049
-1.24665
-0.323075
-1.2743
-0.351498
1.11986
-0.593683
-0.897224
0.280243
0.693845
-0.140135
-1.14223
-0.227835
0.782999
2.10955
0.344889
1.06719
-1.28484
1.41393
-1.4018
-0.166197
-1.0491
0.215807
-2.28485
0.0850304
0.0969695
0.68156
-1.24644
0.159747
-0.671664
-0.606256
-0.175082
1.07295
-1.06081
-0.27999
0.462597
-0.0966125
-2.02344
0.289928
1.20543
0.739145
-0.395582
0.445721
-0.103135
-0.177549
-0.656703
-2.33855
-1.24732
0.672031
0.00218789
1.62962
-0.206824
-0.311786
0.336173
-0.0353156
-0.550481
-1.24593
0.688938
2.23195
-0.867999
-0.934123
0.477226
-1.03951
-1.23323
-0.00822034
-0.596299
1.23616
1.50594
-0.23746
-0.804609
-0.319399
0.254118
0.376058
-0.382935
-0.557458
-0.45542
-0.861907
0.00782507
-0.390227
1.56402
0.511582
-0.123061
0.709021
-1.21247
0.01511
-0.890911
-0.658524
-0.604311
1.02694
0.992503
0.278109
0.439534
-0.261846
0.765486
-0.623054
-1.60418
0.169858
-1.96904
0.366527
1.42373
-0.822254
0.879568
-0.575739
2.3323
-1.27525
0.0263115
0.668268
0.282871
-0.0714499
0.0143379
0.166792
0.141371
1.45877
1.24382
-2.20958
0.592908
-0.0987303
-2.36629
-0.406429
0.159616
0.736324
-1.16786
0.331538
-0.0733456
0.737325
-1.00105
0.975835
0.431372
-0.283911
0.271318
-0.00685839
-0.50243
-1.48155
1.0747
0.182005
-0.227792
0.399212
0.14549
-0.857844
-1.88833
1.92549
1.73206
0.625439
1.01969
-0.756479
1.40741
1.05881
-1.26442
-0.975338
-1.76071
0.673777
-0.184067
-1.45722
-0.418217
1.17538
-0.275
0.290874
-2.9343
0.599768
-0.976136
-0.28683
0.300321
-1.68317
-0.30427
0.438269
0.799523
1.38521
-1.04157
-1.00172
-1.52156
1.1865
-0.764254
-0.604607
-0.883163
0.0235674
-1.10609
-1.69449
0.676533
0.723199
0.205769
-0.928351
-0.158552
-1.13451
0.355236
-0.681772
-1.20251
-0.429781
0.814061
0.949221
-0.476243
1.12645
0.430729
0.391984
-1.49478
-1.68174
-1.74002
-0.86201
-1.33584
-0.177187
-1.25958
-0.629658
-1.44452
-0.610419
0.757023
0.42108
-0.367369
0.401248
0.436759
-0.328426
-0.326375
-0.499003
-1.35272
0.968013
0.802827
0.789998
1.79655
0.195004
0.608527
-0.727988
-0.236838
1.29678
0.342119
-0.780013
0.965146
-0.0353587
0.263437
-0.71882
0.345009
0.352071
1.48966
-0.0115781
-0.136807
0.49507
0.315881
-1.22736
-0.711707
0.179159
-0.245786
0.569201
-0.826284
-0.433736
0.523001
-1.42061
0.27615
-0.593633
-0.608638
-1.34278
0.774946
0.533532
-0.156785
-0.77059
0.847804
-0.136578
-1.47577
0.781384
0.213317
-0.32643
0.549708
-0.367696
-1.61331
-0.0585046
0.614974
-0.554419
-1.46261
-0.883257
0.278088
-0.168666
1.45188
-1.18734
-1.58759
0.652511
0.389125
-0.558979
-1.09529
-1.16876
-0.25124
-1.32685
1.01622
0.245591
-0.261906
0.663924
-0.0812821
2.42103
0.647807
-1.14453
1.56806
0.0437176
1.69474
0.00618103
1.30959
-1.50611
0.117094
-0.018903
0.306503
-0.825813
-0.385338
-1.16292
-0.481892
-0.431827
-1.15999
1.70934
0.203701
0.493819
1.72332
-1.36778
0.493225
0.132931
1.14813
-1.07855
1.27581
0.140252
-0.687376
0.920578
1.07684
-0.77303
1.48983
2.01485
-0.805555
-0.699098
1.87593
0.0926785
-0.548928
0.457017
-3.01187
-1.01985
0.598577
0.296934
-0.631677
-0.637414
0.960453
-0.651502
-0.744885
0.859752
-0.722608
0.627257
0.161485
-0.78495
-1.06446
-0.75169
-0.880546
-0.47859
-0.172969
1.21158
-0.337354
-0.508128
0.557659
0.185785
-0.51986
0.285656
0.800491
1.20471
0.620277
1.81257
0.991986
-0.0907337
-1.89052
-0.928535
1.3355
0.434372
1.05711
-0.624939
-0.605819
-0.0869196
-0.0211923
0.623431
-0.918836
2.06832
1.00177
0.384548
-0.295745
0.287309
1.55275
1.63752
0.483162
0.773226
1.24545
-0.601696
-0.486364
-0.351927
1.53106
0.679895
-0.351737
0.167064
0.861245
1.81566
-1.04793
0.364624
-0.730859
0.747057
1.36989
-0.0122494
-1.54515
0.984782
-0.675928
0.515098
-1.63165
-0.969479
1.00138
-0.456916
0.686082
0.46142
-0.405537
-0.0983778
0.627198
0.0444304
-2.08368
1.45245
-0.297214
-1.06741
1.16777
0.577506
-0.547914
0.270199
-0.311992
0.537567
-1.1226
-0.154871
-0.0240429
-1.36254
-0.159593
1.04221
-0.617495
0.573347
-0.273641
-0.737435
-0.16253
-0.778364
-0.0319882
1.89355
0.0936841
-1.84217
0.220472
-0.280616
1.80921
0.00643694
0.461216
-0.179152
-0.858981
-0.229846
0.288181
-0.321054
-2.48716
0.524191
0.132928
1.79995
0.732944
2.33082
-0.276949
0.131034
2.2897
0.282161
0.360558
0.331572
0.410381
-1.95192
-1.55756
0.551204
0.572072
1.17075
0.440939
-0.39536
-0.586753
0.149925
1.1008
-0.454359
-0.55682
0.920583
0.616752
0.292369
-0.184008
-1.91648
-0.448794
0.0425476
0.00707677
1.26376
-0.527674
-0.824607
-1.82898
-0.119198
0.00912273
-0.809042
-0.346801
0.653426
0.72073
1.05216
-0.0829906
-0.8407
-1.02778
1.03138
1.08656
0.471308
0.612285
-1.32241
-3.10947
0.808026
1.91675
-0.982782
-0.737567
0.910202
-1.8889
-1.37563
-0.475422
-0.742423
1.97062
0.921849
0.0711848
0.273097
2.0282
-0.740755
-0.719557
1.61635
-1.08381
-0.443331
-0.176796
0.214764
1.60427
0.762714
-0.590279
0.787929
0.653979
1.28188
0.862686
2.63724
-1.14386
0.554967
-0.101119
-0.804487
1.10589
-0.308164
-0.307956
-0.293803
0.818777
1.30772
3.34076
1.24023
1.00213
0.663582
1.25892
0.524361
-0.389936
0.107408
-1.8894
-0.174102
-1.05736
0.955321
-0.0489643
-1.58375
0.751807
-0.585108
0.55921
1.46438
0.717054
0.746538
1.16167
-1.53097
0.301757
-0.315379
0.407904
-0.577268
-0.00350982
0.830779
-0.390453
1.12032
-0.959957
-1.05085
0.161722
0.222301
0.646208
-1.0825
-1.25649
-0.368422
0.701593
-2.18676
-1.3016
-1.57909
0.649434
-1.3926
0.331079
0.52774
-1.46461
-0.614407
-0.0237874
1.54773
-0.44822
-1.89493
0.0446605
-0.564666
-0.984176
-0.588711
0.287434
1.1173
-0.0873357
-0.200322
-0.511621
-0.590193
-0.819555
0.266468
-1.34856
-0.975454
0.535847
0.527681
0.465179
0.887862
0.324539
1.28263
-0.83141
0.0982197
-0.0111002
1.29451
1.06327
0.834813
0.132848
0.00785986
-0.21517
1.19614
-0.174125
-0.177741
0.836923
0.075057
1.06177
-0.543617
-1.02764
0.333573
-2.08397
0.422645
-1.61863
0.64438
2.05128
-1.10874
-0.346928
-0.372794
-0.941155
1.05024
-0.797959
-0.210485
-1.22563
-1.04813
0.017807
2.397
0.449916
-0.0438195
-0.511024
0.174763
-1.81409
0.723864
-2.02811
-0.0706035
-1.53337
0.7226
0.0178372
0.315651
-1.13981
-1.44272
-0.33095
-0.66973
-1.26869
-0.948667
0.729641
-1.08412
-1.94668
1.44886
-1.23416
-1.44553
0.0114735
0.0348267
-0.126202
0.74518
-0.628527
1.03155
0.804629
-0.437668
2.97759
-1.21088
-0.412746
-1.34631
-0.96068
0.440512
-0.8738
0.774643
-0.213836
-0.220394
0.0896967
0.827797
0.54597
0.158737
-0.170239
0.0312858
0.29021
0.609929
-0.318269
-0.628201
2.32268
1.41998
2.20083
1.29482
1.37008
-1.39227
-0.0381181
1.66169
-0.848115
-0.395316
-0.228755
1.11244
-0.291238
2.03767
0.700081
-0.216525
-0.345364
0.967605
-0.515918
-1.83854
0.692778
0.462592
-0.851177
-0.711223
-0.281104
0.577938
-1.44016
0.374577
-0.730899
-0.492473
0.240837
1.57492
0.512439
-0.397409
0.276389
0.546041
0.0250617
-1.84411
-0.688958
0.352754
0.913139
0.418708
-1.0995
-0.066637
-1.90703
0.763564
0.96167
0.0304237
1.60625
0.753698
-0.766801
-0.172583
0.0492236
-0.215964
0.327194
1.20571
-0.227989
-0.628929
-0.577201
1.10303
-0.242295
-0.807132
-0.00161019
0.176989
-1.22359
-1.31078
-0.516745
0.0473311
-1.24508
-0.696933
0.36678
-1.06143
2.92097
-0.265859
-1.26208
-1.599
-0.364485
0.135765
-0.944591
0.624514
0.0244633
-0.503466
-0.491027
0.562565
-0.34239
-0.941953
-0.00589615
-1.42838
-0.442656
-1.50883
-1.03176
-2.33075
1.0958
1.41125
-0.887844
-0.389268
-0.240257
1.01082
1.53909
-1.13922
-1.11693
0.48164
-1.73331
0.896657
-0.491268
-0.250971
-0.186703
1.23212
-0.909727
0.0071627
-0.279606
-0.409071
-0.892023
-0.820486
-1.10897
2.59897
0.0964885
-0.818125
-0.49645
-0.123495
-0.812561
-0.0298744
3.01763
0.621182
1.17451
-2.66505
-0.874178
0.281848
-1.21151
1.00625
0.12386
-1.03096
-0.997073
-1.09791
0.95054
-0.466887
-0.795288
0.744963
-1.97196
-0.874208
0.31045
0.855028
-2.14882
0.666312
-1.66818
-0.751988
-0.658527
-0.514295
2.01221
0.111792
0.0754988
1.01158
0.444905
1.31662
0.222113
-0.295343
-0.137324
0.980092
-0.234669
-0.424512
-0.974566
0.25511
-0.637722
0.633632
0.248889
0.00202018
-0.682665
-1.26266
1.22942
1.15557
-0.500371
0.371531
-1.04203
-0.690069
0.16829
0.290788
-0.634906
-1.2598
0.330118
-1.53891
1.05105
0.765763
0.456036
0.720489
-0.594594
0.686292
1.10722
0.170811
-0.64573
-1.57077
-1.49034
-0.704873
2.63425
-0.702828
1.98243
0.0425326
1.43842
-1.29649
-1.69325
0.0572058
-1.17892
0.412687
-0.901353
-1.1018
-0.570686
-0.356447
-0.16213
0.515815
0.871209
0.744463
-0.0126853
-0.30996
-0.468655
2.07231
-0.213759
-1.09797
0.852128
-0.77601
-0.759342
0.825586
-0.0820789
-0.564479
0.3385
-0.948575
0.943648
1.10748
0.497924
-0.287404
-0.0257709
-0.146362
-0.987924
-0.604697
-1.13623
-0.940252
0.309028
1.75885
-0.652783
-0.73806
0.278463
-0.0438272
1.97498
1.40717
-0.822662
0.562374
-1.51746
1.07544
0.614985
-0.362012
0.0213427
0.944147
0.072203
-0.825479
-1.1748
0.703461
-0.64807
-0.711261
0.576822
-0.343962
-2.27404
1.03796
-0.52722
0.626624
0.0174368
-2.23948
-1.08199
0.266779
0.109828
0.113232
1.06198
0.238683
0.879819
1.67996
2.54252
-0.140084
-0.434955
-0.55588
-0.00873167
-2.08882
0.510912
0.175585
-0.444343
1.3974
-1.84258
-0.64736
0.166781
-1.47082
-0.644539
0.372416
0.0329709
0.190016
-2.23566
0.891794
-1.31029
0.959455
-0.0533292
1.46726
1.14485
1.7147
-1.616
-2.45518
1.23496
-0.482051
1.18462
2.08044
-1.17418
1.43049
-0.427192
0.591435
2.17277
1.72656
0.130177
1.18319
0.817514
0.453307
2.13141
0.537716
-2.04329
-0.00694385
-0.0973101
1.20382
-0.114762
0.284003
-0.582707
0.00525423
-0.563516
1.01641
0.418217
0.0552808
0.736598
-0.675128
0.744778
1.54347
1.33441
0.631679
1.19315
-0.308958
0.0902722
-1.77545
-0.828097
-0.44749
-0.060293
0.534801
0.798989
0.265777
-0.249629
0.717451
1.07418
0.0194826
-0.19322
-0.813106
-0.736831
-0.407462
1.92693
0.45929
-0.111715
1.03123
-0.75197
-1.66204
-0.47009
-1.00078
0.355478
-1.26115
0.171286
-0.560903
1.44257
-2.01106
0.0813018
0.15935
-0.752844
0.129198
0.30257
-0.211116
1.29488
1.38415
-1.67858
0.724069
-0.695995
2.38612
0.185103
-0.687457
0.363803
-2.1121
0.0293711
0.212103
-0.874614
0.589793
0.98026
1.73443
9.23282e-05
-0.959149
-0.422915
-0.736367
-0.708752
-0.163484
-2.28275
0.78052
0.00755878
0.130056
-0.146891
0.705372
1.37304
-2.46406
-0.437156
1.37953
0.0197853
1.52621
1.26775
0.731059
-0.134889
-1.55677
0.513335
-0.398888
-0.00954577
-0.405261
-0.329756
1.20879
0.954685
0.398398
-1.34691
1.2859
-0.658335
0.132388
0.438945
-1.62307
-0.978446
1.48266
-3.04394
0.383138
-2.3597
0.730638
0.0263595
-0.465522
-0.318078
-1.11089
-1.19453
0.855008
0.432488
-0.00752171
-1.00167
-1.05905
0.0996129
0.293557
-0.873283
0.546648
1.88192
1.03073
0.856022
0.953366
0.999473
1.94786
-0.596198
-0.0384187
-0.896374
-1.57591
0.202098
-1.25723
-1.31925
-0.0800541
1.27045
-0.0732673
1.19133
-0.451371
-0.492974
0.468087
0.703835
-0.135139
-0.434268
-0.892578
-0.644069
1.13627
-1.84828
1.39123
-0.305537
-1.78865
-0.0707158
-0.491561
0.454368
-1.36615
0.766417
0.181704
-0.212386
0.807117
2.00402
1.36799
-0.436653
-1.08068
-1.64586
1.54389
0.745428
1.37197
-0.326522
0.974105
-1.72006
1.5812
0.0634044
0.929295
-2.07277
-0.167671
0.0222571
-0.626535
-0.163605
0.791959
0.995019
0.562767
-1.18534
0.0469427
0.879863
-0.87334
0.887798
0.83838
-0.0532114
1.58632
-0.973332
0.15076
-0.599086
0.187025
0.808927
0.723646
-1.53008
-0.857764
0.153739
1.412
0.0492814
0.334567
-0.461686
-0.626984
-1.76564
0.664316
-0.489713
0.712758
-0.0309589
-0.0522891
-0.704171
-1.44831
1.39355
-0.882309
0.763925
0.519284
0.216823
-1.04284
-0.526312
-1.22016
1.81053
-0.412762
1.06275
0.57151
-0.0830493
-0.334235
0.509093
-2.32079
-0.321968
0.563773
0.695517
1.85614
-0.563614
-0.494073
-1.69921
-2.29419
-0.825838
-1.32397
-0.736161
0.813018
-0.81756
-0.42507
0.885393
-2.09665
2.4637
-1.26855
-0.250658
-0.910335
-0.82844
-0.298983
-0.590106
2.54772
-0.18263
0.917817
-0.449567
0.408018
2.28342
-1.51893
0.203948
-0.629887
0.974824
0.216323
0.279664
-0.96521
0.520489
-0.930498
2.43215
0.47138
0.362022
-1.9628
0.0207946
0.318568
0.417651
-1.30522
-2.06954
0.473283
-0.148452
-1.41102
1.47376
0.797044
-2.04273
0.129824
0.101613
-0.552016
-0.62821
-0.355097
0.338987
-0.114747
0.529759
-0.0866698
-1.5149
-1.30607
-0.793397
0.955567
0.615869
-0.12447
0.367585
-1.48865
0.295945
0.610191
-1.68743
0.549139
0.512575
2.2039
0.72056
-1.48864
0.927022
-0.533375
0.715779
-1.51462
0.484622
0.845466
-0.478449
2.30662
-0.0777832
-0.892725
-1.01598
0.407031
-1.96756
0.434345
0.404414
1.22747
0.1296
-2.20237
0.439536
-0.61438
1.20397
1.45314
0.4885
0.246721
0.970884
-0.232544
-0.632983
0.094415
0.263117
-0.624073
-0.48953
-0.713835
-0.816278
-1.13144
-0.094429
0.612314
-0.333985
1.00141
1.17797
0.872168
-0.954679
1.4749
1.02573
0.270087
0.728035
0.156868
-0.408068
1.8999
-1.12244
-1.63177
-0.709535
-1.2698
-0.318645
1.79873
-0.403798
1.11932
-0.235422
0.130222
-0.141735
-0.0366453
-1.13816
-0.203114
-1.79547
-0.68147
-0.165699
1.76036
0.339388
1.19686
-0.290496
0.895269
-0.570243
0.505195
0.824559
-0.824754
-1.32805
0.214597
0.804991
1.41971
0.615189
0.320707
1.22452
-0.117411
-0.0635206
2.33226
0.659076
-1.22646
-0.0484664
-1.43847
-1.52881
-0.535894
-0.763309
0.0192418
-0.297438
0.277827
0.497537
-0.809702
1.54696
-0.195498
-0.587901
-0.763534
1.18962
2.65868
1.23831
-1.93504
-0.70826
-0.545175
-1.14287
-0.281591
-1.03472
-1.33241
-0.416539
0.948623
-0.693241
-0.768878
0.221913
-0.88481
-0.101575
-1.70949
-0.859536
0.818306
1.74653
0.285193
0.836066
0.460337
-2.55433
-0.0302045
0.207068
1.02112
1.47862
-0.934313
0.699676
0.582159
-0.337895
-0.894409
0.217545
-0.769098
-1.99856
-0.727595
0.545225
2.46686
0.429136
1.28683
-2.51957
1.31765
0.016874
1.96842
0.8982
0.0394916
-0.749352
-2.1553
0.675388
1.1234
-0.65456
0.373564
-0.230359
-0.183693
0.931907
0.105517
0.0750116
-0.321476
0.553042
0.0282575
0.529321
-1.86964
-1.4064
-2.24127
1.32182
-0.308379
0.824932
-0.838197
-0.968922
1.7485
0.594841
1.43945
-0.701324
0.765981
-1.82893
-0.204784
-0.196091
0.568823
-0.416684
-1.57926
-0.186203
-0.528055
-1.03937
1.05053
0.339459
-0.17473
0.0762344
0.208951
0.496246
0.707788
1.22353
1.18861
-2.12971
-0.638415
-1.32519
0.503417
-0.321955
1.31859
-1.73652
-0.946404
-0.00374655
-0.315593
-1.97247
-0.577235
-0.156912
-1.42692
0.85445
-0.300565
0.572164
-2.3801
-0.229154
-2.04676
1.44767
-0.765435
-0.915673
-0.0413165
0.805472
0.0787925
-0.0732749
-0.654512
1.22788
0.433406
0.487755
0.826698
0.383007
-1.13882
0.615247
-0.946963
1.17896
0.390474
-0.637856
-1.12554
-0.510854
-1.70328
-1.37603
1.60566
-2.43868
-0.39213
0.569417
0.0245309
0.815421
-0.530581
-1.16257
-1.27264
0.360251
0.647169
1.0841
2.12004
-1.11321
0.54036
-0.30894
0.229933
0.802965
-0.528411
-1.35635
0.534095
-1.15306
-0.118791
0.551536
0.100285
0.719221
-1.57094
1.56227
0.349304
1.16777
-0.859952
0.16413
-0.839707
0.548877
-1.28303
0.631066
-1.01746
0.946707
0.244561
0.496219
1.07398
-0.631588
0.290354
0.872185
-0.0149447
-0.807833
-1.97172
0.0541396
-1.02129
-0.473187
-0.960679
-0.172986
0.630942
-1.10348
0.291621
-0.373087
0.0395868
0.695476
-0.334474
-0.28718
0.808841
-0.575467
-0.427897
-1.06243
0.239296
1.26959
-0.906546
-0.0717053
1.46221
1.51129
0.400257
1.71622
-0.464065
0.0127225
0.212587
-0.68626
-0.844376
0.718545
-0.757061
-3.34743
-1.08785
0.405685
-0.691713
-0.980369
0.818484
0.493316
-0.00353901
-0.303603
1.02753
1.98503
-2.60395
0.416746
-0.790801
-0.133183
1.17742
-1.29104
-0.751701
-0.0869499
0.0356009
-0.853329
-1.68461
0.625684
-1.17655
-0.733362
0.527552
-0.354789
1.46801
0.566468
-1.18194
-0.234209
-1.16492
0.76249
-0.560377
-0.780741
1.8047
-0.153135
-0.915321
-1.24297
0.401377
-1.00216
-0.071781
-0.982116
0.0228379
-0.948015
0.464584
0.718084
0.249792
0.194471
-0.475625
-0.775126
-2.10851
1.3591
2.4347
-1.79836
-0.61489
2.27219
-0.351743
0.999346
1.77197
-1.5623
-0.154259
-1.0289
0.75019
-0.170137
0.54883
0.0782979
0.44813
-1.2739
-0.166841
-0.179356
0.000428607
-0.027459
1.08283
-0.631372
-0.268683
0.424586
-0.00685974
0.388364
1.29096
1.44697
0.511213
0.636574
-0.738906
1.50094
0.693513
0.210237
0.259175
-1.65049
-0.20026
1.6367
-1.09003
-0.642918
0.690007
-1.39041
1.48523
0.652961
1.78102
-0.190076
0.826628
-0.619925
0.353422
-1.23995
1.12871
-1.12351
1.87622
0.569577
-0.215455
0.506132
0.260002
-0.610847
0.800342
0.418514
0.242811
-0.078008
0.55026
0.15318
0.667585
-0.0545289
0.350012
0.212992
-0.0233464
-0.482357
0.561158
0.34063
2.59736
0.153518
-0.1015
1.67772
-0.0955639
0.459336
-0.678882
-0.811518
-0.508041
-0.576479
-0.873809
0.136554
1.12942
-2.10097
1.64706
1.40712
1.45303
1.46199
-1.52416
1.47448
-1.46432
0.0121497
-0.519288
-0.290317
0.74174
-0.0898597
-0.243618
0.183458
1.19297
-0.04666
0.401068
1.28806
1.51457
0.0601235
0.384464
-0.501061
2.54402
0.562422
-0.547358
0.856245
-2.03104
0.46844
-0.0134099
-0.689398
0.819342
-0.235087
-1.97564
-1.47111
0.978705
-1.25199
0.316857
1.49808
-0.0895573
-1.4743
0.976681
0.0383641
0.479994
0.278877
0.387002
-1.56529
-1.05403
-0.476245
0.20367
0.0146396
1.65808
0.719383
-0.265087
1.10868
-0.0704309
-2.01364
0.0344589
0.178845
-1.00006
-0.447411
-0.128893
1.71374
0.661272
0.589078
-0.925846
-0.447095
-0.831604
-0.559396
-0.188435
0.343872
-0.306396
0.368958
0.473041
-1.06103
-2.18766
2.92563
1.30981
-0.744636
-0.380635
0.596203
0.336245
-1.32352
-0.672222
0.00582722
0.291796
-1.03572
-0.401934
0.382008
-0.661737
-0.423114
1.115
-1.64068
-0.975623
1.52361
-0.000893112
0.950727
-0.820171
-0.155212
-0.0132413
1.84002
1.46575
-1.32288
-1.24569
0.245865
-1.04128
-1.6716
0.519432
0.126556
-0.657506
-0.686796
-1.23682
-0.0381189
-0.5428
0.0549595
-0.250857
-0.504494
-0.685084
-0.471783
-0.786868
0.817267
-0.399139
-0.41118
-0.233377
-1.96793
1.75262
0.378892
0.320962
1.76486
-0.453098
-0.83713
-0.437452
2.25804
-0.542953
0.987465
0.125673
1.50873
-0.414226
0.255123
1.45099
-0.924487
0.897101
-1.42113
-0.294768
0.124897
0.644244
-0.963312
1.19138
-0.584829
2.25638
-1.40077
-0.305511
0.433426
-0.653487
-1.00878
-0.565182
0.280004
-0.772782
0.623196
0.490444
1.56089
-0.043467
0.728795
-0.42952
-0.40153
0.00921054
-0.0588153
-0.00385662
0.0964759
-0.418447
0.161153
-1.18635
0.241463
0.22537
-0.367412
-1.26326
0.202284
0.156252
1.10111
0.391278
-0.446229
1.14488
-1.00092
-0.0729917
-1.11401
1.92122
-0.0609467
-0.568559
-0.409664
-0.823068
-1.29185
-0.524937
0.160495
1.25384
0.737648
-0.632168
0.714069
-0.75114
-2.25917
0.90921
-0.221622
0.859399
0.517066
-0.297273
-1.11658
1.34257
1.61711
-0.499133
-1.82735
0.0521652
-0.509565
-0.0240553
-0.653607
0.037699
0.275116
0.125856
1.51033
-1.1397
-0.995872
-0.404286
-0.896866
0.949003
0.0579444
0.194804
-0.193739
-0.500725
0.198863
-0.563181
0.474283
-2.09434
0.012973
-0.522236
-0.0331506
-0.505461
-0.0757581
-0.359127
-0.106205
0.949078
-1.9078
-0.591536
1.51973
-0.851937
-0.286125
-0.804203
-0.777484
0.0654324
1.67546
-0.917212
0.69288
0.766358
-1.22179
-0.187297
1.54579
0.741743
-2.44263
-0.269291
-0.424812
-0.596847
0.699684
-2.08009
-0.142558
-0.258894
0.869738
-1.83437
0.736334
0.354325
-1.60968
0.985093
-1.35433
0.27147
-1.63665
-1.08777
0.913515
-0.175935
-1.01685
0.526432
-1.38294
-0.87254
0.474743
-0.59673
0.000308188
-0.093917
1.62467
-0.15654
1.59806
1.65446
-1.46203
-0.466055
-0.463652
0.983329
-0.898427
-0.350783
-1.26041
0.503231
-0.372245
-1.65518
-1.92975
-0.733538
0.248842
-0.527392
-1.41334
-0.907743
-0.527753
-0.356809
1.30057
-0.963183
-0.287849
-1.32265
-0.479202
-1.26986
-0.200248
-0.481865
0.330552
-0.670735
-2.28889
-1.45793
0.0267633
-0.56334
0.677932
0.10705
-0.485233
-0.579662
-1.60914
-0.41274
-1.00959
1.43388
0.367607
-1.49978
0.634373
0.224306
-0.741784
0.352557
-0.947368
1.03353
-0.438804
0.504217
0.642879
1.18379
1.49505
0.91933
1.5958
0.37048
0.514581
1.12023
-0.45253
0.30341
-2.14043
-0.336766
-0.336664
0.471468
-0.27112
0.115138
0.765553
0.410506
-1.03497
-0.481021
1.31524
-1.40992
-0.589291
-2.98379
-1.37849
0.819085
-0.382864
0.291804
0.577231
1.31631
-0.00592143
-0.298322
0.745967
1.92548
0.660596
0.136623
0.282666
-0.207191
0.781646
0.187081
0.0441255
0.186476
-0.295532
-2.42073
1.4751
-1.20277
-1.31296
-1.03396
0.565904
-0.248954
-0.649337
-1.11116
-1.29416
1.35508
0.203526
-0.646541
0.22445
-0.840173
0.15308
-1.54568
0.744337
1.20731
-0.604801
-0.737166
-2.53926
0.46243
-0.941693
-0.678888
1.27042
-0.680439
0.581024
-0.666238
-0.575426
0.710269
2.02424
-0.959289
1.01501
-0.370547
-0.15754
1.0906
-1.28324
0.398499
-1.16398
0.427132
-0.259441
-0.532605
-1.23042
-0.133182
0.055903
1.95817
-0.996835
-0.0666115
-0.264003
-0.368231
1.67503
-0.980856
-0.442741
1.43597
-0.217638
-0.434715
-0.194559
0.965671
0.297047
-0.290059
-1.24198
1.22926
0.080601
-1.77789
-1.15556
1.95144
1.24413
-1.50302
-0.076368
-1.16262
0.484978
0.683664
-2.08724
-0.636152
1.17622
0.0304553
-0.563472
-1.0989
-1.37309
0.00572916
-0.805499
2.06065
1.08902
0.0518322
0.420993
-1.46012
0.335154
-0.945225
-1.01511
1.84582
0.966001
-0.410923
0.378134
0.157282
0.517729
-2.77312
0.910619
-2.11531
0.241091
1.14344
-1.05199
1.10825
0.0920189
1.6014
1.0325
-0.320686
0.0812663
0.251819
-1.27291
-0.151073
-1.39259
0.511687
-0.403194
-0.654344
0.9764
3.10815
-0.724313
-1.06033
1.23924
0.651036
0.943906
-0.535024
-1.63899
0.840584
-0.368199
-0.681166
-0.0443279
0.240703
-0.0964318
0.251496
-1.16436
-0.391652
-0.0972952
-0.220581
-0.37605
-0.117455
2.46213
0.167179
1.74893
-0.970503
0.00831304
-0.260614
-0.190452
1.12059
-0.569561
-0.556044
-1.49536
0.405665
0.809765
-0.0636367
1.69409
-0.880765
0.947038
-1.19933
0.346081
0.41771
2.71686
-0.717727
-0.648571
0.276336
0.765739
0.253616
1.70497
0.30355
-0.0195495
2.34131
-0.94008
0.904754
-0.864937
1.50459
-0.590551
-1.77374
-0.833831
0.312233
-1.92923
-0.452417
-0.679552
0.595316
-0.581046
-0.188835
-0.0393617
-0.449404
0.638002
-0.18753
-0.83804
1.21125
-1.67876
2.33794
-0.505575
-0.908352
-1.17374
1.63649
0.548246
-0.288479
1.0577
1.24449
0.32719
0.131013
-0.487137
0.0186383
-0.24931
1.63423
-0.150258
0.231184
-1.18061
-1.60492
1.56401
0.363934
-0.0809554
2.05329
-0.00626971
0.884769
-1.28602
-0.158329
-0.802675
-1.20873
-0.170302
1.24614
1.24993
0.764892
0.81094
0.797366
-0.434203
-0.0168163
-0.475034
1.57239
0.560485
-0.540263
-0.0962722
-1.06217
-0.870437
0.522323
-0.422777
-0.172899
1.33678
-0.21696
-0.423528
-0.380672
0.283847
0.669166
0.0354838
-0.0237219
-0.686426
-0.377172
1.28841
-0.889154
0.32419
-0.125519
0.240787
0.286166
0.408843
-1.04215
0.0622636
0.0141462
-1.31389
-0.610098
0.901962
-0.472334
1.11804
0.783122
-0.234812
0.463735
0.00636553
0.145628
-0.844
-1.33252
-0.357182
-1.43857
0.358355
-0.534051
0.488675
-0.619036
-0.159474
-0.292975
-0.919497
-0.305056
2.1563
0.347403
0.971726
0.0151016
1.89295
0.671809
-2.20223
1.06661
-0.339122
-0.348208
0.734438
-0.0624299
1.4935
0.594606
0.377209
-0.344227
-0.733199
-0.184738
0.46453
0.111538
0.187905
0.266325
-0.918143
1.20922
-0.605621
0.149743
0.124936
-0.0382115
0.281684
1.17122
0.728514
0.754527
-1.36629
-0.994293
0.280184
-0.558489
0.728845
-1.33984
-1.07512
0.481426
1.05595
0.602694
0.497233
0.7314
-0.138084
-1.84911
-0.761943
0.0216001
-2.42676
0.0496165
-1.77372
-1.20759
-0.790849
0.448929
0.947996
-1.35071
-0.598798
-0.691385
-1.03863
-0.797623
-1.87044
1.31291
-1.05486
0.0157859
0.011073
1.19738
1.79385
0.262028
-2.1544
-0.65175
-0.172612
-1.23714
-1.5079
0.956399
-2.44909
2.99215
0.522013
-0.197679
0.47325
1.51206
1.36584
1.79189
0.510695
-0.233675
0.741287
0.279378
0.168877
0.859527
1.14773
-0.145425
0.821989
0.976239
1.20289
0.978688
-0.879177
-1.01794
0.756638
0.0838855
1.20733
-0.370812
-0.975809
0.366582
0.511476
1.09679
-0.465909
-0.775822
1.4078
0.115179
-0.507736
-0.479731
0.508395
0.393492
-0.0686191
-0.0596322
-1.01126
-0.76561
0.799826
-0.866849
1.94573
1.18574
0.172972
1.15734
1.07835
1.04405
0.981319
0.779097
0.139389
2.18693
0.191526
1.20896
-0.931966
0.597865
0.50218
1.33059
0.00919769
1.33466
-0.0513201
0.630496
-0.248403
-0.781545
0.418023
-0.471723
0.63012
-0.167277
0.256819
-0.99768
-1.20908
-0.898812
-1.02
-0.313877
0.498054
-1.7497
-0.320772
1.23794
-0.337661
-0.208166
-0.189198
0.848742
-0.370629
1.19807
0.518328
0.871269
0.256426
-0.586511
0.504835
-0.922716
1.38834
-0.195059
-0.709375
-0.984016
1.1676
0.453036
1.71848
-0.164029
-0.919786
-0.84739
0.64481
1.76474
-0.142182
0.750375
-0.111951
0.272124
-0.367116
0.219663
-0.177737
-1.11139
-1.42219
0.142996
-0.430532
-0.689551
1.54609
0.449293
0.787277
1.3179
0.450775
0.0726636
-0.707442
1.61644
-1.26257
0.916874
-2.69095
-0.00831942
-1.26733
0.295922
0.068138
-0.0143092
0.0358861
-1.42052
-1.23226
-0.507292
2.90835
0.0332661
1.87482
0.982618
0.426303
-0.0516916
-0.453096
0.81752
0.598055
0.00509382
0.947593
-2.22936
-0.0672631
0.775073
-0.240773
0.66549
-0.857492
0.971371
1.88971
-0.0848864
1.44996
-1.22028
1.47967
1.12808
-0.0659651
0.130963
-0.515688
0.892871
-0.464346
1.95595
-0.516205
-1.32633
-0.183669
0.175761
-1.65706
0.465883
-0.237094
-0.665444
-1.8324
1.90147
-2.23535
-1.36805
-1.35295
-1.48488
-0.344571
-0.328494
0.123641
-0.0349351
0.764764
-1.77763
-2.17992
-0.776685
-1.00361
-1.23416
-0.253143
0.836785
-0.211751
0.0301863
0.0206769
-0.314853
2.35678
0.518211
0.728259
1.53844
1.56008
-0.538595
0.93021
0.892397
0.512382
0.037137
0.825753
1.62421
0.178236
-1.80458
-1.4954
-0.295126
-1.69234
0.4546
-0.549452
1.12175
-0.474782
-0.699789
0.332559
-0.479231
-0.00334223
-0.717713
-0.265067
-0.0504791
0.795816
0.690708
0.65691
-0.56821
0.855149
-0.300234
-0.729512
0.911975
-0.645871
-0.555816
0.167736
-0.406677
-0.797952
-1.0507
0.283263
0.967255
1.82113
-0.088398
-1.39772
1.64059
2.03964
-1.00641
-2.60737
0.137542
-0.391884
-1.14976
-0.541712
-1.51688
1.39764
0.117378
0.375554
0.490929
-0.875593
-1.06044
1.128
-1.02956
-1.08567
-0.576502
0.945504
-0.186039
0.508743
0.342351
-0.374406
1.59919
0.518977
-0.84793
0.857992
-0.620163
-0.444164
0.442417
-1.20423
-1.5925
0.0782312
0.918345
-0.530478
1.36914
-1.14988
-0.547603
-0.41686
0.00914625
-1.18919
0.217663
-0.624014
2.14031
2.08993
0.000133396
0.0277922
0.741506
-0.433759
-0.181902
-2.02555
2.19614
-1.81195
1.90126
0.1508
0.466652
-0.640518
0.887772
0.865264
1.1701
1.04562
0.645132
-0.226307
0.915672
-0.7509
1.41715
-0.391756
0.216997
0.377174
0.248911
-0.518391
0.879792
1.3295
0.427174
-1.08231
0.134249
1.323
0.214062
0.500891
1.82255
-0.39118
1.27913
-0.465186
0.984603
-0.451972
1.36819
-0.456841
1.0546
-0.854159
-1.33198
1.60947
0.294491
-1.57116
-0.0876309
1.74653
0.53122
-0.203462
0.185861
0.387927
0.714362
-0.440506
1.7854
0.517552
-2.03663
0.0761755
-0.29309
0.136435
-0.9624
-0.353465
0.122744
0.537428
1.41276
-0.365135
-0.0754623
1.08202
0.117198
1.46665
0.660857
0.533127
1.5071
0.914054
-1.17682
1.34056
0.665643
0.828485
-0.575101
-0.616331
-1.59538
0.328033
0.791158
-1.44707
0.776762
-0.378242
0.913418
-1.14321
-1.13112
1.03609
0.619632
2.31419
-1.40938
2.5964
0.686074
0.755157
1.18171
0.593311
-0.874873
-0.995331
-0.292872
1.45401
0.24306
-0.977432
-1.26921
-0.630851
0.415224
-1.21174
-1.76455
-1.59271
-0.116491
-1.48989
-0.927947
1.11796
-0.650296
1.10463
-1.12239
1.10092
0.0493165
0.774563
-0.224219
-0.129629
-0.789543
-0.446991
-0.284815
-0.917552
1.15023
-0.145397
-0.0809404
0.30086
-0.481232
-0.375601
-0.257734
1.76305
-0.091935
0.725797
-0.280916
0.568418
0.741607
1.11658
0.272035
1.45986
0.957583
-0.503121
1.06787
-0.613746
0.783036
0.210914
-0.0951225
0.764705
-0.0476906
-0.809427
0.107131
0.654296
1.74969
0.468199
-1.44645
-0.283228
-0.94897
-0.0404303
-0.372836
-0.428515
1.46811
-1.48096
-1.14396
1.37358
-0.171184
-0.103781
1.2637
1.47042
-2.68997
-0.126838
1.42173
0.729999
-1.47691
0.335369
-1.54823
-0.145175
0.885062
-1.09385
-1.15654
0.331574
-0.531572
-1.32397
-0.580984
-1.74957
-2.31566
-0.897688
0.00495911
0.440643
-1.05912
1.28111
0.198636
-0.263436
0.733927
-0.476726
-0.347865
0.0826758
1.26901
0.768685
0.128429
2.03992
1.21828
-0.255874
-0.57749
0.0941365
1.49252
0.453258
0.551461
-0.176045
2.14117
-0.0799028
-0.870531
-1.15325
0.35747
-0.200966
-0.475914
-0.660185
2.13969
1.30054
-0.231551
-0.549441
0.268952
1.36072
0.757738
0.815581
1.78419
0.888801
-0.00832451
1.68759
2.19272
0.650796
1.89628
1.22806
1.79512
-0.708695
0.223769
-0.316127
-0.769524
-1.37524
1.0716
-0.0379563
1.02584
-0.150735
-0.198176
0.456415
1.15523
-0.633834
1.09442
-1.21771
-0.768718
-0.539161
-0.536303
-0.22118
-0.925356
0.431449
-1.4025
-0.418433
0.898741
-1.1515
-1.48612
0.0881175
-0.129262
-1.34995
-2.04363
0.889587
0.724592
-0.539776
0.249827
1.27298
0.822966
0.486564
-0.19795
-1.02465
-0.987309
0.193474
0.319453
1.4335
1.24495
-0.929926
0.146941
1.0736
2.1768
-1.16263
-0.00780017
1.72241
0.236522
2.17495
0.208608
-0.701069
1.36373
-0.968388
0.336948
-0.535057
-0.0377409
0.0244665
0.407137
-0.655277
-0.292331
0.337724
0.273327
-2.05266
-3.18018
-0.414421
-0.534957
0.200447
0.692264
-0.143447
-1.27883
-0.383029
0.75812
1.78462
-0.69316
-0.840555
0.0970963
0.916665
0.667014
-0.518276
-0.332415
0.818333
0.517955
0.398513
0.269608
-0.604966
-1.06139
-1.52235
1.19026
0.419443
-0.523173
0.403819
-0.603764
0.432295
1.27584
2.34293
-0.0466949
1.21966
-0.953598
2.02845
0.487186
-0.933089
1.59227
-0.710571
-1.21169
1.27894
-0.37777
0.628137
0.235012
-0.773275
0.318945
0.505617
-0.431627
-0.8848
0.932318
0.609929
1.67375
-1.44936
-1.13961
0.31973
-0.511407
0.568492
-0.0211505
0.775081
-0.504624
-0.914743
0.659201
-0.037741
1.11131
-1.09727
-0.716683
1.08823
1.71338
-1.52956
0.259934
0.41575
-1.23865
-0.566551
-0.251772
-0.412912
-0.00425719
-0.185947
0.0857033
-1.11116
1.152
-0.720732
0.180352
0.323663
-1.0661
0.157722
0.807545
-0.747241
-0.0829323
-1.43244
1.02991
0.275967
0.367719
-1.55354
-0.894808
1.86617
-1.15213
-1.01192
0.541878
-1.77696
0.73306
0.53018
-0.514415
-1.07555
-1.01215
-0.714604
0.954907
-0.582094
-0.520929
1.84427
0.0758147
-0.0827004
0.291331
-0.369056
0.611458
0.417953
-0.193012
-0.673337
-0.749008
-1.08179
-0.0978572
1.19473
0.285235
1.44457
0.159527
-0.682619
-0.709222
1.01508
-0.236361
1.01327
0.526729
-1.04416
1.00179
-2.23354
2.43017
1.29978
0.650842
-0.986294
-0.0844585
1.58321
0.989067
-0.255765
0.821417
-1.58657
-0.733971
2.08605
1.26554
-1.87482
-0.973649
-0.636996
0.942315
1.16331
-2.70169
-1.57064
0.681435
-0.19419
1.40555
-0.969595
-0.109322
-0.855559
-1.77354
0.820077
2.62296
0.52152
-2.00827
0.972198
0.00614565
1.06138
0.279099
-0.445443
0.81956
1.30002
0.352148
-1.031
0.343734
0.220172
-0.00182242
1.30634
1.65191
-1.79735
0.40043
-0.810204
1.47093
-1.58114
-0.899228
0.613133
0.340546
-0.494719
0.893335
1.06322
0.850755
-1.54706
0.794233
0.928528
-1.13715
-0.783741
0.0991244
1.23831
-0.563156
0.284164
-0.500529
-0.56722
1.36819
-0.760289
1.05307
1.46308
-0.0429597
0.991593
1.11474
0.535171
-0.817316
-0.690339
1.26211
-0.224776
-0.023342
1.56852
1.67954
2.04785
1.26011
0.30869
-0.316374
-0.698442
0.924493
-0.568664
-0.442583
-0.336002
-0.184081
0.977021
1.89968
0.245594
0.972764
0.674515
0.43508
-2.11254
0.249431
1.18534
-0.700729
1.31082
0.220682
-0.356585
1.40057
0.551216
0.354539
-1.15066
0.643034
-0.967841
1.60414
-0.00672194
-0.109654
-1.9933
-1.462
-1.6577
0.923648
-2.16835
-0.874177
-1.53056
0.709556
1.04874
0.0134133
0.629517
1.08959
0.117241
1.04455
-0.281574
0.890196
0.0302609
-1.7621
0.823578
0.19216
1.13673
-0.34137
0.170825
-1.47881
0.446281
-0.801207
-0.745728
0.796533
-0.829304
-0.215014
-1.3095
-0.104289
2.46008
-0.454224
-0.0855394
0.209636
1.56139
-0.46607
0.796857
2.6496
0.00122315
-0.333663
-1.01246
1.34308
-0.0702337
0.740381
-0.013252
-0.225047
-1.5066
-0.095762
-0.901409
-0.694249
2.24794
-0.624376
0.528732
0.713736
0.361062
0.973269
-0.959518
1.36884
-0.681057
-0.439116
-0.246151
0.952683
1.73426
1.27716
-1.32974
0.666846
0.424544
-0.298118
-0.228051
-1.14506
0.156337
-0.285347
0.790766
1.00071
2.32043
-1.5121
-0.991877
-0.291353
